=== Bootstrap seed: 94 ===
1 : ([1, 2, 3, 4, 5, 6],) : 0.9641056200
2 : ([1], [2, 3, 4, 5, 6]) : 0.9608154930
3 : ([1, 3, 4, 5, 6], [2]) : 0.9295357393
4 : ([1, 2], [3, 4, 5, 6]) : 0.9257678073
5 : ([1], [2], [3, 4, 5, 6]) : 0.9253904214
6 : ([1, 2, 4, 5, 6], [3]) : 0.9304843850
7 : ([1, 3], [2, 4, 5, 6]) : 0.9267344098
8 : ([1], [2, 4, 5, 6], [3]) : 0.9262766832
9 : ([1, 4, 5, 6], [2, 3]) : 0.9604095713
10 : ([1, 4, 5, 6], [2], [3]) : 0.9253607412
11 : ([1, 2, 3], [4, 5, 6]) : 0.9599234557
12 : ([1], [2, 3], [4, 5, 6]) : 0.9593284053
13 : ([1, 3], [2], [4, 5, 6]) : 0.9234225267
14 : ([1, 2], [3], [4, 5, 6]) : 0.9235992471
15 : ([1], [2], [3], [4, 5, 6]) : 0.9228805415
16 : ([1, 2, 3, 5, 6], [4]) : 0.9406553747
17 : ([1, 4], [2, 3, 5, 6]) : 0.9381200094
18 : ([1], [2, 3, 5, 6], [4]) : 0.9379679607
19 : ([1, 3, 5, 6], [2, 4]) : 0.9057744577
20 : ([1, 3, 5, 6], [2], [4]) : 0.9049766323
21 : ([1, 2, 4], [3, 5, 6]) : 0.9062942853
22 : ([1], [2, 4], [3, 5, 6]) : 0.9031781146
23 : ([1, 4], [2], [3, 5, 6]) : 0.9036562663
24 : ([1, 2], [3, 5, 6], [4]) : 0.9036806091
25 : ([1], [2], [3, 5, 6], [4]) : 0.9022588284
26 : ([1, 2, 5, 6], [3, 4]) : 0.9075806415
27 : ([1, 2, 5, 6], [3], [4]) : 0.9070350828
28 : ([1, 3, 4], [2, 5, 6]) : 0.9059548304
29 : ([1], [2, 5, 6], [3, 4]) : 0.9038907634
30 : ([1, 4], [2, 5, 6], [3]) : 0.9047213376
31 : ([1, 3], [2, 5, 6], [4]) : 0.9042358923
32 : ([1], [2, 5, 6], [3], [4]) : 0.9033792810
33 : ([1, 5, 6], [2, 3, 4]) : 0.9368817175
34 : ([1, 5, 6], [2], [3, 4]) : 0.9037560131
35 : ([1, 5, 6], [2, 4], [3]) : 0.9037936660
36 : ([1, 5, 6], [2, 3], [4]) : 0.9358434171
37 : ([1, 5, 6], [2], [3], [4]) : 0.9030091951
38 : ([1, 2, 3, 4], [5, 6]) : 0.9383755144
39 : ([1], [2, 3, 4], [5, 6]) : 0.9365472029
40 : ([1, 3, 4], [2], [5, 6]) : 0.9045725189
41 : ([1, 2], [3, 4], [5, 6]) : 0.9044775686
42 : ([1], [2], [3, 4], [5, 6]) : 0.9025778356
43 : ([1, 2, 4], [3], [5, 6]) : 0.9057555597
44 : ([1, 3], [2, 4], [5, 6]) : 0.9036795951
45 : ([1], [2, 4], [3], [5, 6]) : 0.9025548690
46 : ([1, 4], [2, 3], [5, 6]) : 0.9356924179
47 : ([1, 4], [2], [3], [5, 6]) : 0.9027533377
48 : ([1, 2, 3], [4], [5, 6]) : 0.9368197712
49 : ([1], [2, 3], [4], [5, 6]) : 0.9354954780
50 : ([1, 3], [2], [4], [5, 6]) : 0.9027911464
51 : ([1, 2], [3], [4], [5, 6]) : 0.9034111855
52 : ([1], [2], [3], [4], [5, 6]) : 0.9017000271
53 : ([1, 2, 3, 4, 6], [5]) : 0.9421250659
54 : ([1, 5], [2, 3, 4, 6]) : 0.9396631070
55 : ([1], [2, 3, 4, 6], [5]) : 0.9394847127
56 : ([1, 3, 4, 6], [2, 5]) : 0.9084922193
57 : ([1, 3, 4, 6], [2], [5]) : 0.9079043373
58 : ([1, 2, 5], [3, 4, 6]) : 0.9085829688
59 : ([1], [2, 5], [3, 4, 6]) : 0.9048512537
60 : ([1, 5], [2], [3, 4, 6]) : 0.9053916153
61 : ([1, 2], [3, 4, 6], [5]) : 0.9058956765
62 : ([1], [2], [3, 4, 6], [5]) : 0.9042878407
63 : ([1, 2, 4, 6], [3, 5]) : 0.9101936226
64 : ([1, 2, 4, 6], [3], [5]) : 0.9098995983
65 : ([1, 3, 5], [2, 4, 6]) : 0.9082021394
66 : ([1], [2, 4, 6], [3, 5]) : 0.9059209924
67 : ([1, 5], [2, 4, 6], [3]) : 0.9060914094
68 : ([1, 3], [2, 4, 6], [5]) : 0.9068739450
69 : ([1], [2, 4, 6], [3], [5]) : 0.9056113372
70 : ([1, 4, 6], [2, 3, 5]) : 0.9392759805
71 : ([1, 4, 6], [2], [3, 5]) : 0.9055635896
72 : ([1, 4, 6], [2, 5], [3]) : 0.9053431157
73 : ([1, 4, 6], [2, 3], [5]) : 0.9380788630
74 : ([1, 4, 6], [2], [3], [5]) : 0.9047165312
75 : ([1, 2, 3, 5], [4, 6]) : 0.9406952093
76 : ([1], [2, 3, 5], [4, 6]) : 0.9387264671
77 : ([1, 3, 5], [2], [4, 6]) : 0.9055243978
78 : ([1, 2], [3, 5], [4, 6]) : 0.9044919912
79 : ([1], [2], [3, 5], [4, 6]) : 0.9032557122
80 : ([1, 2, 5], [3], [4, 6]) : 0.9062923042
81 : ([1, 3], [2, 5], [4, 6]) : 0.9043554547
82 : ([1], [2, 5], [3], [4, 6]) : 0.9030915252
83 : ([1, 5], [2, 3], [4, 6]) : 0.9376953846
84 : ([1, 5], [2], [3], [4, 6]) : 0.9032206132
85 : ([1, 2, 3], [4, 6], [5]) : 0.9391366623
86 : ([1], [2, 3], [4, 6], [5]) : 0.9374333298
87 : ([1, 3], [2], [4, 6], [5]) : 0.9039112775
88 : ([1, 2], [3], [4, 6], [5]) : 0.9040723352
89 : ([1], [2], [3], [4, 6], [5]) : 0.9025693985
90 : ([1, 2, 3, 6], [4, 5]) : 0.9402750306
91 : ([1, 2, 3, 6], [4], [5]) : 0.9303590728
92 : ([1, 4, 5], [2, 3, 6]) : 0.9385706762
93 : ([1], [2, 3, 6], [4, 5]) : 0.9380981765
94 : ([1, 5], [2, 3, 6], [4]) : 0.9274347544
95 : ([1, 4], [2, 3, 6], [5]) : 0.9275634205
96 : ([1], [2, 3, 6], [4], [5]) : 0.9273303856
97 : ([1, 3, 6], [2, 4, 5]) : 0.9002444214
98 : ([1, 3, 6], [2], [4, 5]) : 0.8986262808
99 : ([1, 3, 6], [2, 5], [4]) : 0.8941335077
100 : ([1, 3, 6], [2, 4], [5]) : 0.8939888832
101 : ([1, 3, 6], [2], [4], [5]) : 0.8936117747
102 : ([1, 2, 4, 5], [3, 6]) : 0.9037096171
103 : ([1], [2, 4, 5], [3, 6]) : 0.8979906435
104 : ([1, 4, 5], [2], [3, 6]) : 0.8993523089
105 : ([1, 2], [3, 6], [4, 5]) : 0.8972481114
106 : ([1], [2], [3, 6], [4, 5]) : 0.8963422079
107 : ([1, 2, 5], [3, 6], [4]) : 0.8947490662
108 : ([1, 4], [2, 5], [3, 6]) : 0.8928720512
109 : ([1], [2, 5], [3, 6], [4]) : 0.8912543393
110 : ([1, 5], [2, 4], [3, 6]) : 0.8919605565
111 : ([1, 5], [2], [3, 6], [4]) : 0.8912973560
112 : ([1, 2, 4], [3, 6], [5]) : 0.8946739678
113 : ([1], [2, 4], [3, 6], [5]) : 0.8911307343
114 : ([1, 4], [2], [3, 6], [5]) : 0.8918972389
115 : ([1, 2], [3, 6], [4], [5]) : 0.8923824307
116 : ([1], [2], [3, 6], [4], [5]) : 0.8905672870
117 : ([1, 2, 6], [3, 4, 5]) : 0.9013525415
118 : ([1, 2, 6], [3], [4, 5]) : 0.8991662054
119 : ([1, 2, 6], [3, 5], [4]) : 0.8947490238
120 : ([1, 2, 6], [3, 4], [5]) : 0.8958912315
121 : ([1, 2, 6], [3], [4], [5]) : 0.8945729022
122 : ([1, 3, 4, 5], [2, 6]) : 0.9024325092
123 : ([1], [2, 6], [3, 4, 5]) : 0.8981609009
124 : ([1, 4, 5], [2, 6], [3]) : 0.8990989423
125 : ([1, 3], [2, 6], [4, 5]) : 0.8967131892
126 : ([1], [2, 6], [3], [4, 5]) : 0.8962553050
127 : ([1, 3, 5], [2, 6], [4]) : 0.8934213465
128 : ([1, 4], [2, 6], [3, 5]) : 0.8928303881
129 : ([1], [2, 6], [3, 5], [4]) : 0.8913096580
130 : ([1, 5], [2, 6], [3, 4]) : 0.8929304482
131 : ([1, 5], [2, 6], [3], [4]) : 0.8914731984
132 : ([1, 3, 4], [2, 6], [5]) : 0.8943199031
133 : ([1], [2, 6], [3, 4], [5]) : 0.8921551191
134 : ([1, 4], [2, 6], [3], [5]) : 0.8921254393
135 : ([1, 3], [2, 6], [4], [5]) : 0.8919510474
136 : ([1], [2, 6], [3], [4], [5]) : 0.8908665226
137 : ([1, 6], [2, 3, 4, 5]) : 0.9394875866
138 : ([1, 6], [2], [3, 4, 5]) : 0.8988103072
139 : ([1, 6], [2, 4, 5], [3]) : 0.8984861989
140 : ([1, 6], [2, 3], [4, 5]) : 0.9376195696
141 : ([1, 6], [2], [3], [4, 5]) : 0.8968796385
142 : ([1, 6], [2, 3, 5], [4]) : 0.9294677286
143 : ([1, 6], [2, 4], [3, 5]) : 0.8924057262
144 : ([1, 6], [2], [3, 5], [4]) : 0.8919445221
145 : ([1, 6], [2, 5], [3, 4]) : 0.8932845449
146 : ([1, 6], [2, 5], [3], [4]) : 0.8920601260
147 : ([1, 6], [2, 3, 4], [5]) : 0.9284922932
148 : ([1, 6], [2], [3, 4], [5]) : 0.8927741377
149 : ([1, 6], [2, 4], [3], [5]) : 0.8919853639
150 : ([1, 6], [2, 3], [4], [5]) : 0.9270662131
151 : ([1, 6], [2], [3], [4], [5]) : 0.8915152477
152 : ([1, 2, 3, 4, 5], [6]) : 0.9420429608
153 : ([1], [2, 3, 4, 5], [6]) : 0.9390027178
154 : ([1, 3, 4, 5], [2], [6]) : 0.9024145496
155 : ([1, 2], [3, 4, 5], [6]) : 0.8991922191
156 : ([1], [2], [3, 4, 5], [6]) : 0.8980800843
157 : ([1, 2, 4, 5], [3], [6]) : 0.9034427404
158 : ([1, 3], [2, 4, 5], [6]) : 0.8980944049
159 : ([1], [2, 4, 5], [3], [6]) : 0.8976388152
160 : ([1, 4, 5], [2, 3], [6]) : 0.9377946057
161 : ([1, 4, 5], [2], [3], [6]) : 0.8988806009
162 : ([1, 2, 3], [4, 5], [6]) : 0.9382710179
163 : ([1], [2, 3], [4, 5], [6]) : 0.9372796026
164 : ([1, 3], [2], [4, 5], [6]) : 0.8965634379
165 : ([1, 2], [3], [4, 5], [6]) : 0.8969848866
166 : ([1], [2], [3], [4, 5], [6]) : 0.8960157202
167 : ([1, 2, 3, 5], [4], [6]) : 0.9312170967
168 : ([1, 4], [2, 3, 5], [6]) : 0.9294559115
169 : ([1], [2, 3, 5], [4], [6]) : 0.9292066083
170 : ([1, 3, 5], [2, 4], [6]) : 0.8938609132
171 : ([1, 3, 5], [2], [4], [6]) : 0.8932444977
172 : ([1, 2, 4], [3, 5], [6]) : 0.8947950028
173 : ([1], [2, 4], [3, 5], [6]) : 0.8914246927
174 : ([1, 4], [2], [3, 5], [6]) : 0.8924060670
175 : ([1, 2], [3, 5], [4], [6]) : 0.8924244490
176 : ([1], [2], [3, 5], [4], [6]) : 0.8909367648
177 : ([1, 2, 5], [3, 4], [6]) : 0.8962565154
178 : ([1, 2, 5], [3], [4], [6]) : 0.8945100216
179 : ([1, 3, 4], [2, 5], [6]) : 0.8948806536
180 : ([1], [2, 5], [3, 4], [6]) : 0.8924978094
181 : ([1, 4], [2, 5], [3], [6]) : 0.8925856677
182 : ([1, 3], [2, 5], [4], [6]) : 0.8921894756
183 : ([1], [2, 5], [3], [4], [6]) : 0.8910771101
184 : ([1, 5], [2, 3, 4], [6]) : 0.9282285775
185 : ([1, 5], [2], [3, 4], [6]) : 0.8927904633
186 : ([1, 5], [2, 4], [3], [6]) : 0.8917659662
187 : ([1, 5], [2, 3], [4], [6]) : 0.9269739442
188 : ([1, 5], [2], [3], [4], [6]) : 0.8911568534
189 : ([1, 2, 3, 4], [5], [6]) : 0.9304250990
190 : ([1], [2, 3, 4], [5], [6]) : 0.9281240751
191 : ([1, 3, 4], [2], [5], [6]) : 0.8942048138
192 : ([1, 2], [3, 4], [5], [6]) : 0.8939968189
193 : ([1], [2], [3, 4], [5], [6]) : 0.8919505840
194 : ([1, 2, 4], [3], [5], [6]) : 0.8944566921
195 : ([1, 3], [2, 4], [5], [6]) : 0.8922291876
196 : ([1], [2, 4], [3], [5], [6]) : 0.8909862509
197 : ([1, 4], [2, 3], [5], [6]) : 0.9271239957
198 : ([1, 4], [2], [3], [5], [6]) : 0.8916984311
199 : ([1, 2, 3], [4], [5], [6]) : 0.9285599669
200 : ([1], [2, 3], [4], [5], [6]) : 0.9268516298
201 : ([1, 3], [2], [4], [5], [6]) : 0.8917182985
202 : ([1, 2], [3], [4], [5], [6]) : 0.8922424940
203 : ([1], [2], [3], [4], [5], [6]) : 0.8904743660
