=== Bootstrap seed: 85 ===
1 : ([1, 2, 3, 4, 5, 6],) : 0.9619379778
2 : ([1], [2, 3, 4, 5, 6]) : 0.9573620018
3 : ([1, 3, 4, 5, 6], [2]) : 0.9203932122
4 : ([1, 2], [3, 4, 5, 6]) : 0.9145006652
5 : ([1], [2], [3, 4, 5, 6]) : 0.9113574372
6 : ([1, 2, 4, 5, 6], [3]) : 0.9250632810
7 : ([1, 3], [2, 4, 5, 6]) : 0.9135953213
8 : ([1], [2, 4, 5, 6], [3]) : 0.9128067538
9 : ([1, 4, 5, 6], [2, 3]) : 0.9538142324
10 : ([1, 4, 5, 6], [2], [3]) : 0.9103849914
11 : ([1, 2, 3], [4, 5, 6]) : 0.9540037030
12 : ([1], [2, 3], [4, 5, 6]) : 0.9523071091
13 : ([1, 3], [2], [4, 5, 6]) : 0.9067192651
14 : ([1, 2], [3], [4, 5, 6]) : 0.9094609114
15 : ([1], [2], [3], [4, 5, 6]) : 0.9053869143
16 : ([1, 2, 3, 5, 6], [4]) : 0.9405893188
17 : ([1, 4], [2, 3, 5, 6]) : 0.9356959940
18 : ([1], [2, 3, 5, 6], [4]) : 0.9354506646
19 : ([1, 3, 5, 6], [2, 4]) : 0.8954589928
20 : ([1, 3, 5, 6], [2], [4]) : 0.8950705402
21 : ([1, 2, 4], [3, 5, 6]) : 0.8979276880
22 : ([1], [2, 4], [3, 5, 6]) : 0.8904316718
23 : ([1, 4], [2], [3, 5, 6]) : 0.8913528181
24 : ([1, 2], [3, 5, 6], [4]) : 0.8935106449
25 : ([1], [2], [3, 5, 6], [4]) : 0.8894560393
26 : ([1, 2, 5, 6], [3, 4]) : 0.9006455463
27 : ([1, 2, 5, 6], [3], [4]) : 0.9003515834
28 : ([1, 3, 4], [2, 5, 6]) : 0.8930252066
29 : ([1], [2, 5, 6], [3, 4]) : 0.8912530668
30 : ([1, 4], [2, 5, 6], [3]) : 0.8919910746
31 : ([1, 3], [2, 5, 6], [4]) : 0.8918869266
32 : ([1], [2, 5, 6], [3], [4]) : 0.8909764131
33 : ([1, 5, 6], [2, 3, 4]) : 0.9326830828
34 : ([1, 5, 6], [2], [3, 4]) : 0.8867697226
35 : ([1, 5, 6], [2, 4], [3]) : 0.8868188809
36 : ([1, 5, 6], [2, 3], [4]) : 0.9318166252
37 : ([1, 5, 6], [2], [3], [4]) : 0.8863220987
38 : ([1, 2, 3, 4], [5, 6]) : 0.9373487654
39 : ([1], [2, 3, 4], [5, 6]) : 0.9321011744
40 : ([1, 3, 4], [2], [5, 6]) : 0.8882707879
41 : ([1, 2], [3, 4], [5, 6]) : 0.8897764059
42 : ([1], [2], [3, 4], [5, 6]) : 0.8851495467
43 : ([1, 2, 4], [3], [5, 6]) : 0.8935636695
44 : ([1, 3], [2, 4], [5, 6]) : 0.8865209574
45 : ([1], [2, 4], [3], [5, 6]) : 0.8852545879
46 : ([1, 4], [2, 3], [5, 6]) : 0.9314539663
47 : ([1, 4], [2], [3], [5, 6]) : 0.8865511487
48 : ([1, 2, 3], [4], [5, 6]) : 0.9361047814
49 : ([1], [2, 3], [4], [5, 6]) : 0.9312123755
50 : ([1, 3], [2], [4], [5, 6]) : 0.8862995961
51 : ([1, 2], [3], [4], [5, 6]) : 0.8892255049
52 : ([1], [2], [3], [4], [5, 6]) : 0.8846363276
53 : ([1, 2, 3, 4, 6], [5]) : 0.9388575269
54 : ([1, 5], [2, 3, 4, 6]) : 0.9317981848
55 : ([1], [2, 3, 4, 6], [5]) : 0.9309846112
56 : ([1, 3, 4, 6], [2, 5]) : 0.8981630576
57 : ([1, 3, 4, 6], [2], [5]) : 0.8939846902
58 : ([1, 2, 5], [3, 4, 6]) : 0.9038156478
59 : ([1], [2, 5], [3, 4, 6]) : 0.8941373420
60 : ([1, 5], [2], [3, 4, 6]) : 0.8889762214
61 : ([1, 2], [3, 4, 6], [5]) : 0.8946001535
62 : ([1], [2], [3, 4, 6], [5]) : 0.8882507734
63 : ([1, 2, 4, 6], [3, 5]) : 0.9014721943
64 : ([1, 2, 4, 6], [3], [5]) : 0.8999185624
65 : ([1, 3, 5], [2, 4, 6]) : 0.8904092097
66 : ([1], [2, 4, 6], [3, 5]) : 0.8896241990
67 : ([1, 5], [2, 4, 6], [3]) : 0.8878564930
68 : ([1, 3], [2, 4, 6], [5]) : 0.8879809134
69 : ([1], [2, 4, 6], [3], [5]) : 0.8869764643
70 : ([1, 4, 6], [2, 3, 5]) : 0.9331124011
71 : ([1, 4, 6], [2], [3, 5]) : 0.8880514628
72 : ([1, 4, 6], [2, 5], [3]) : 0.8916406204
73 : ([1, 4, 6], [2, 3], [5]) : 0.9274189219
74 : ([1, 4, 6], [2], [3], [5]) : 0.8851397379
75 : ([1, 2, 3, 5], [4, 6]) : 0.9377164181
76 : ([1], [2, 3, 5], [4, 6]) : 0.9324874295
77 : ([1, 3, 5], [2], [4, 6]) : 0.8863802068
78 : ([1, 2], [3, 5], [4, 6]) : 0.8924996410
79 : ([1], [2], [3, 5], [4, 6]) : 0.8855992256
80 : ([1, 2, 5], [3], [4, 6]) : 0.9009537716
81 : ([1, 3], [2, 5], [4, 6]) : 0.8901243245
82 : ([1], [2, 5], [3], [4, 6]) : 0.8900191520
83 : ([1, 5], [2, 3], [4, 6]) : 0.9274273279
84 : ([1, 5], [2], [3], [4, 6]) : 0.8836017887
85 : ([1, 2, 3], [4, 6], [5]) : 0.9326685515
86 : ([1], [2, 3], [4, 6], [5]) : 0.9266295064
87 : ([1, 3], [2], [4, 6], [5]) : 0.8834933937
88 : ([1, 2], [3], [4, 6], [5]) : 0.8903160238
89 : ([1], [2], [3], [4, 6], [5]) : 0.8826720016
90 : ([1, 2, 3, 6], [4, 5]) : 0.9380318999
91 : ([1, 2, 3, 6], [4], [5]) : 0.9296413245
92 : ([1, 4, 5], [2, 3, 6]) : 0.9342307546
93 : ([1], [2, 3, 6], [4, 5]) : 0.9330429774
94 : ([1, 5], [2, 3, 6], [4]) : 0.9225145416
95 : ([1, 4], [2, 3, 6], [5]) : 0.9225931203
96 : ([1], [2, 3, 6], [4], [5]) : 0.9220524931
97 : ([1, 3, 6], [2, 4, 5]) : 0.8947954833
98 : ([1, 3, 6], [2], [4, 5]) : 0.8896047151
99 : ([1, 3, 6], [2, 5], [4]) : 0.8859180722
100 : ([1, 3, 6], [2, 4], [5]) : 0.8816725050
101 : ([1, 3, 6], [2], [4], [5]) : 0.8810440704
102 : ([1, 2, 4, 5], [3, 6]) : 0.9016689889
103 : ([1], [2, 4, 5], [3, 6]) : 0.8923126015
104 : ([1, 4, 5], [2], [3, 6]) : 0.8893262306
105 : ([1, 2], [3, 6], [4, 5]) : 0.8882804571
106 : ([1], [2], [3, 6], [4, 5]) : 0.8852609549
107 : ([1, 2, 5], [3, 6], [4]) : 0.8927337930
108 : ([1, 4], [2, 5], [3, 6]) : 0.8844766858
109 : ([1], [2, 5], [3, 6], [4]) : 0.8834240761
110 : ([1, 5], [2, 4], [3, 6]) : 0.8792275063
111 : ([1, 5], [2], [3, 6], [4]) : 0.8781844200
112 : ([1, 2, 4], [3, 6], [5]) : 0.8876835113
113 : ([1], [2, 4], [3, 6], [5]) : 0.8783790743
114 : ([1, 4], [2], [3, 6], [5]) : 0.8792133152
115 : ([1, 2], [3, 6], [4], [5]) : 0.8828183466
116 : ([1], [2], [3, 6], [4], [5]) : 0.8772171365
117 : ([1, 2, 6], [3, 4, 5]) : 0.8908685145
118 : ([1, 2, 6], [3], [4, 5]) : 0.8878802256
119 : ([1, 2, 6], [3, 5], [4]) : 0.8843337821
120 : ([1, 2, 6], [3, 4], [5]) : 0.8826171868
121 : ([1, 2, 6], [3], [4], [5]) : 0.8819751928
122 : ([1, 3, 4, 5], [2, 6]) : 0.8902656407
123 : ([1], [2, 6], [3, 4, 5]) : 0.8859415321
124 : ([1, 4, 5], [2, 6], [3]) : 0.8869875367
125 : ([1, 3], [2, 6], [4, 5]) : 0.8849834287
126 : ([1], [2, 6], [3], [4, 5]) : 0.8830119507
127 : ([1, 3, 5], [2, 6], [4]) : 0.8794777414
128 : ([1, 4], [2, 6], [3, 5]) : 0.8803842385
129 : ([1], [2, 6], [3, 5], [4]) : 0.8779111662
130 : ([1, 5], [2, 6], [3, 4]) : 0.8763598246
131 : ([1, 5], [2, 6], [3], [4]) : 0.8758850733
132 : ([1, 3, 4], [2, 6], [5]) : 0.8788028865
133 : ([1], [2, 6], [3, 4], [5]) : 0.8753768533
134 : ([1, 4], [2, 6], [3], [5]) : 0.8773312314
135 : ([1, 3], [2, 6], [4], [5]) : 0.8766292878
136 : ([1], [2, 6], [3], [4], [5]) : 0.8748897120
137 : ([1, 6], [2, 3, 4, 5]) : 0.9373219670
138 : ([1, 6], [2], [3, 4, 5]) : 0.8844939584
139 : ([1, 6], [2, 4, 5], [3]) : 0.8886798566
140 : ([1, 6], [2, 3], [4, 5]) : 0.9311917099
141 : ([1, 6], [2], [3], [4, 5]) : 0.8811829368
142 : ([1, 6], [2, 3, 5], [4]) : 0.9254636644
143 : ([1, 6], [2, 4], [3, 5]) : 0.8769708660
144 : ([1, 6], [2], [3, 5], [4]) : 0.8760802371
145 : ([1, 6], [2, 5], [3, 4]) : 0.8804195707
146 : ([1, 6], [2, 5], [3], [4]) : 0.8799802131
147 : ([1, 6], [2, 3, 4], [5]) : 0.9209728306
148 : ([1, 6], [2], [3, 4], [5]) : 0.8733261770
149 : ([1, 6], [2, 4], [3], [5]) : 0.8735517841
150 : ([1, 6], [2, 3], [4], [5]) : 0.9200410452
151 : ([1, 6], [2], [3], [4], [5]) : 0.8727578766
152 : ([1, 2, 3, 4, 5], [6]) : 0.9417588327
153 : ([1], [2, 3, 4, 5], [6]) : 0.9369912335
154 : ([1, 3, 4, 5], [2], [6]) : 0.8887658908
155 : ([1, 2], [3, 4, 5], [6]) : 0.8881639246
156 : ([1], [2], [3, 4, 5], [6]) : 0.8844634618
157 : ([1, 2, 4, 5], [3], [6]) : 0.8986427388
158 : ([1, 3], [2, 4, 5], [6]) : 0.8890875532
159 : ([1], [2, 4, 5], [3], [6]) : 0.8885373800
160 : ([1, 4, 5], [2, 3], [6]) : 0.9316558609
161 : ([1, 4, 5], [2], [3], [6]) : 0.8849314385
162 : ([1, 2, 3], [4, 5], [6]) : 0.9347937809
163 : ([1], [2, 3], [4, 5], [6]) : 0.9307323681
164 : ([1, 3], [2], [4, 5], [6]) : 0.8828025729
165 : ([1, 2], [3], [4, 5], [6]) : 0.8847347646
166 : ([1], [2], [3], [4, 5], [6]) : 0.8809896516
167 : ([1, 2, 3, 5], [4], [6]) : 0.9312580530
168 : ([1, 4], [2, 3, 5], [6]) : 0.9254099526
169 : ([1], [2, 3, 5], [4], [6]) : 0.9251614788
170 : ([1, 3, 5], [2, 4], [6]) : 0.8781676666
171 : ([1, 3, 5], [2], [4], [6]) : 0.8775535235
172 : ([1, 2, 4], [3, 5], [6]) : 0.8866205729
173 : ([1], [2, 4], [3, 5], [6]) : 0.8769043270
174 : ([1, 4], [2], [3, 5], [6]) : 0.8783757112
175 : ([1, 2], [3, 5], [4], [6]) : 0.8817105235
176 : ([1], [2], [3, 5], [4], [6]) : 0.8759767687
177 : ([1, 2, 5], [3, 4], [6]) : 0.8902400252
178 : ([1, 2, 5], [3], [4], [6]) : 0.8897888349
179 : ([1, 3, 4], [2, 5], [6]) : 0.8817803515
180 : ([1], [2, 5], [3, 4], [6]) : 0.8801909896
181 : ([1, 4], [2, 5], [3], [6]) : 0.8809254167
182 : ([1, 3], [2, 5], [4], [6]) : 0.8801396883
183 : ([1], [2, 5], [3], [4], [6]) : 0.8796296355
184 : ([1, 5], [2, 3, 4], [6]) : 0.9210626844
185 : ([1, 5], [2], [3, 4], [6]) : 0.8743723957
186 : ([1, 5], [2, 4], [3], [6]) : 0.8744625048
187 : ([1, 5], [2, 3], [4], [6]) : 0.9200683611
188 : ([1, 5], [2], [3], [4], [6]) : 0.8736857472
189 : ([1, 2, 3, 4], [5], [6]) : 0.9281692125
190 : ([1], [2, 3, 4], [5], [6]) : 0.9205473035
191 : ([1, 3, 4], [2], [5], [6]) : 0.8765000313
192 : ([1, 2], [3, 4], [5], [6]) : 0.8797806636
193 : ([1], [2], [3, 4], [5], [6]) : 0.8732827847
194 : ([1, 2, 4], [3], [5], [6]) : 0.8841161876
195 : ([1, 3], [2, 4], [5], [6]) : 0.8746056036
196 : ([1], [2, 4], [3], [5], [6]) : 0.8734161676
197 : ([1, 4], [2, 3], [5], [6]) : 0.9199276776
198 : ([1, 4], [2], [3], [5], [6]) : 0.8749104170
199 : ([1, 2, 3], [4], [5], [6]) : 0.9265479581
200 : ([1], [2, 3], [4], [5], [6]) : 0.9195715489
201 : ([1, 3], [2], [4], [5], [6]) : 0.8741048294
202 : ([1, 2], [3], [4], [5], [6]) : 0.8789956702
203 : ([1], [2], [3], [4], [5], [6]) : 0.8725644717
