=== Bootstrap seed: 17 ===
1 : ([1, 2, 3, 4, 5, 6],) : 0.9518064538
2 : ([1], [2, 3, 4, 5, 6]) : 0.9451625022
3 : ([1, 3, 4, 5, 6], [2]) : 0.9140394160
4 : ([1, 2], [3, 4, 5, 6]) : 0.9063098663
5 : ([1], [2], [3, 4, 5, 6]) : 0.9040221446
6 : ([1, 2, 4, 5, 6], [3]) : 0.9098732617
7 : ([1, 3], [2, 4, 5, 6]) : 0.9007546437
8 : ([1], [2, 4, 5, 6], [3]) : 0.8992972520
9 : ([1, 4, 5, 6], [2, 3]) : 0.9430219188
10 : ([1, 4, 5, 6], [2], [3]) : 0.9015622585
11 : ([1, 2, 3], [4, 5, 6]) : 0.9427931346
12 : ([1], [2, 3], [4, 5, 6]) : 0.9395156064
13 : ([1, 3], [2], [4, 5, 6]) : 0.8976943279
14 : ([1, 2], [3], [4, 5, 6]) : 0.8990291230
15 : ([1], [2], [3], [4, 5, 6]) : 0.8960531236
16 : ([1, 2, 3, 5, 6], [4]) : 0.9238024567
17 : ([1, 4], [2, 3, 5, 6]) : 0.9195256642
18 : ([1], [2, 3, 5, 6], [4]) : 0.9173606237
19 : ([1, 3, 5, 6], [2, 4]) : 0.8868833063
20 : ([1, 3, 5, 6], [2], [4]) : 0.8855221353
21 : ([1, 2, 4], [3, 5, 6]) : 0.8875879959
22 : ([1], [2, 4], [3, 5, 6]) : 0.8807282544
23 : ([1, 4], [2], [3, 5, 6]) : 0.8824347086
24 : ([1, 2], [3, 5, 6], [4]) : 0.8829315719
25 : ([1], [2], [3, 5, 6], [4]) : 0.8795805652
26 : ([1, 2, 5, 6], [3, 4]) : 0.8863743307
27 : ([1, 2, 5, 6], [3], [4]) : 0.8853938778
28 : ([1, 3, 4], [2, 5, 6]) : 0.8814981040
29 : ([1], [2, 5, 6], [3, 4]) : 0.8775379438
30 : ([1, 4], [2, 5, 6], [3]) : 0.8785935248
31 : ([1, 3], [2, 5, 6], [4]) : 0.8772796242
32 : ([1], [2, 5, 6], [3], [4]) : 0.8762103577
33 : ([1, 5, 6], [2, 3, 4]) : 0.9170240383
34 : ([1, 5, 6], [2], [3, 4]) : 0.8765582216
35 : ([1, 5, 6], [2, 4], [3]) : 0.8768182560
36 : ([1, 5, 6], [2, 3], [4]) : 0.9145624565
37 : ([1, 5, 6], [2], [3], [4]) : 0.8758872936
38 : ([1, 2, 3, 4], [5, 6]) : 0.9213114816
39 : ([1], [2, 3, 4], [5, 6]) : 0.9153218256
40 : ([1, 3, 4], [2], [5, 6]) : 0.8786575984
41 : ([1, 2], [3, 4], [5, 6]) : 0.8782102365
42 : ([1], [2], [3, 4], [5, 6]) : 0.8739999253
43 : ([1, 2, 4], [3], [5, 6]) : 0.8811942832
44 : ([1, 3], [2, 4], [5, 6]) : 0.8749892937
45 : ([1], [2, 4], [3], [5, 6]) : 0.8737603198
46 : ([1, 4], [2, 3], [5, 6]) : 0.9144772188
47 : ([1, 4], [2], [3], [5, 6]) : 0.8756007228
48 : ([1, 2, 3], [4], [5, 6]) : 0.9164343519
49 : ([1], [2, 3], [4], [5, 6]) : 0.9124727948
50 : ([1, 3], [2], [4], [5, 6]) : 0.8742056648
51 : ([1, 2], [3], [4], [5, 6]) : 0.8769253915
52 : ([1], [2], [3], [4], [5, 6]) : 0.8729382375
53 : ([1, 2, 3, 4, 6], [5]) : 0.9305643890
54 : ([1, 5], [2, 3, 4, 6]) : 0.9216492789
55 : ([1], [2, 3, 4, 6], [5]) : 0.9211652529
56 : ([1, 3, 4, 6], [2, 5]) : 0.8900481309
57 : ([1, 3, 4, 6], [2], [5]) : 0.8883898133
58 : ([1, 2, 5], [3, 4, 6]) : 0.8889487345
59 : ([1], [2, 5], [3, 4, 6]) : 0.8821528648
60 : ([1, 5], [2], [3, 4, 6]) : 0.8807638084
61 : ([1, 2], [3, 4, 6], [5]) : 0.8831839116
62 : ([1], [2], [3, 4, 6], [5]) : 0.8793936606
63 : ([1, 2, 4, 6], [3, 5]) : 0.8899552835
64 : ([1, 2, 4, 6], [3], [5]) : 0.8881242545
65 : ([1, 3, 5], [2, 4, 6]) : 0.8815373648
66 : ([1], [2, 4, 6], [3, 5]) : 0.8780915882
67 : ([1, 5], [2, 4, 6], [3]) : 0.8775711659
68 : ([1, 3], [2, 4, 6], [5]) : 0.8777483910
69 : ([1], [2, 4, 6], [3], [5]) : 0.8761659575
70 : ([1, 4, 6], [2, 3, 5]) : 0.9231375211
71 : ([1, 4, 6], [2], [3, 5]) : 0.8806507844
72 : ([1, 4, 6], [2, 5], [3]) : 0.8818608522
73 : ([1, 4, 6], [2, 3], [5]) : 0.9193411601
74 : ([1, 4, 6], [2], [3], [5]) : 0.8791285630
75 : ([1, 2, 3, 5], [4, 6]) : 0.9245632646
76 : ([1], [2, 3, 5], [4, 6]) : 0.9194296191
77 : ([1, 3, 5], [2], [4, 6]) : 0.8786295508
78 : ([1, 2], [3, 5], [4, 6]) : 0.8795763251
79 : ([1], [2], [3, 5], [4, 6]) : 0.8752728931
80 : ([1, 2, 5], [3], [4, 6]) : 0.8834066034
81 : ([1, 3], [2, 5], [4, 6]) : 0.8783160376
82 : ([1], [2, 5], [3], [4, 6]) : 0.8768413945
83 : ([1, 5], [2, 3], [4, 6]) : 0.9151259902
84 : ([1, 5], [2], [3], [4, 6]) : 0.8744476080
85 : ([1, 2, 3], [4, 6], [5]) : 0.9197836426
86 : ([1], [2, 3], [4, 6], [5]) : 0.9146809240
87 : ([1, 3], [2], [4, 6], [5]) : 0.8751555974
88 : ([1, 2], [3], [4, 6], [5]) : 0.8775316369
89 : ([1], [2], [3], [4, 6], [5]) : 0.8733572388
90 : ([1, 2, 3, 6], [4, 5]) : 0.9263040809
91 : ([1, 2, 3, 6], [4], [5]) : 0.9131367391
92 : ([1, 4, 5], [2, 3, 6]) : 0.9218429525
93 : ([1], [2, 3, 6], [4, 5]) : 0.9210456671
94 : ([1, 5], [2, 3, 6], [4]) : 0.9055997609
95 : ([1, 4], [2, 3, 6], [5]) : 0.9068047902
96 : ([1], [2, 3, 6], [4], [5]) : 0.9051534720
97 : ([1, 3, 6], [2, 4, 5]) : 0.8921787005
98 : ([1, 3, 6], [2], [4, 5]) : 0.8894767674
99 : ([1, 3, 6], [2, 5], [4]) : 0.8757013426
100 : ([1, 3, 6], [2, 4], [5]) : 0.8751365526
101 : ([1, 3, 6], [2], [4], [5]) : 0.8739564632
102 : ([1, 2, 4, 5], [3, 6]) : 0.8941790760
103 : ([1], [2, 4, 5], [3, 6]) : 0.8865068631
104 : ([1, 4, 5], [2], [3, 6]) : 0.8867951382
105 : ([1, 2], [3, 6], [4, 5]) : 0.8858765502
106 : ([1], [2], [3, 6], [4, 5]) : 0.8837620048
107 : ([1, 2, 5], [3, 6], [4]) : 0.8786411159
108 : ([1, 4], [2, 5], [3, 6]) : 0.8731682114
109 : ([1], [2, 5], [3, 6], [4]) : 0.8709651635
110 : ([1, 5], [2, 4], [3, 6]) : 0.8713962497
111 : ([1, 5], [2], [3, 6], [4]) : 0.8705645108
112 : ([1, 2, 4], [3, 6], [5]) : 0.8760361143
113 : ([1], [2, 4], [3, 6], [5]) : 0.8693434948
114 : ([1, 4], [2], [3, 6], [5]) : 0.8707468519
115 : ([1, 2], [3, 6], [4], [5]) : 0.8723650714
116 : ([1], [2], [3, 6], [4], [5]) : 0.8685343315
117 : ([1, 2, 6], [3, 4, 5]) : 0.8921122178
118 : ([1, 2, 6], [3], [4, 5]) : 0.8878506516
119 : ([1, 2, 6], [3, 5], [4]) : 0.8771301593
120 : ([1, 2, 6], [3, 4], [5]) : 0.8759140073
121 : ([1, 2, 6], [3], [4], [5]) : 0.8745021992
122 : ([1, 3, 4, 5], [2, 6]) : 0.8920512507
123 : ([1], [2, 6], [3, 4, 5]) : 0.8862905639
124 : ([1, 4, 5], [2, 6], [3]) : 0.8842409348
125 : ([1, 3], [2, 6], [4, 5]) : 0.8838231150
126 : ([1], [2, 6], [3], [4, 5]) : 0.8821319197
127 : ([1, 3, 5], [2, 6], [4]) : 0.8715414971
128 : ([1, 4], [2, 6], [3, 5]) : 0.8710340639
129 : ([1], [2, 6], [3, 5], [4]) : 0.8684233406
130 : ([1, 5], [2, 6], [3, 4]) : 0.8690327382
131 : ([1, 5], [2, 6], [3], [4]) : 0.8672938180
132 : ([1, 3, 4], [2, 6], [5]) : 0.8722969393
133 : ([1], [2, 6], [3, 4], [5]) : 0.8676702657
134 : ([1, 4], [2, 6], [3], [5]) : 0.8680526931
135 : ([1, 3], [2, 6], [4], [5]) : 0.8674150996
136 : ([1], [2, 6], [3], [4], [5]) : 0.8658890745
137 : ([1, 6], [2, 3, 4, 5]) : 0.9260863787
138 : ([1, 6], [2], [3, 4, 5]) : 0.8863438697
139 : ([1, 6], [2, 4, 5], [3]) : 0.8858010628
140 : ([1, 6], [2, 3], [4, 5]) : 0.9197603489
141 : ([1, 6], [2], [3], [4, 5]) : 0.8827206749
142 : ([1, 6], [2, 3, 5], [4]) : 0.9091035576
143 : ([1, 6], [2, 4], [3, 5]) : 0.8710439757
144 : ([1, 6], [2], [3, 5], [4]) : 0.8695391131
145 : ([1, 6], [2, 5], [3, 4]) : 0.8711666933
146 : ([1, 6], [2, 5], [3], [4]) : 0.8699294621
147 : ([1, 6], [2, 3, 4], [5]) : 0.9075186550
148 : ([1, 6], [2], [3, 4], [5]) : 0.8683608595
149 : ([1, 6], [2, 4], [3], [5]) : 0.8682178143
150 : ([1, 6], [2, 3], [4], [5]) : 0.9042514393
151 : ([1, 6], [2], [3], [4], [5]) : 0.8671384211
152 : ([1, 2, 3, 4, 5], [6]) : 0.9323189003
153 : ([1], [2, 3, 4, 5], [6]) : 0.9249321858
154 : ([1, 3, 4, 5], [2], [6]) : 0.8906322872
155 : ([1, 2], [3, 4, 5], [6]) : 0.8875788139
156 : ([1], [2], [3, 4, 5], [6]) : 0.8845184421
157 : ([1, 2, 4, 5], [3], [6]) : 0.8910274122
158 : ([1, 3], [2, 4, 5], [6]) : 0.8852487630
159 : ([1], [2, 4, 5], [3], [6]) : 0.8835582804
160 : ([1, 4, 5], [2, 3], [6]) : 0.9190217156
161 : ([1, 4, 5], [2], [3], [6]) : 0.8827065541
162 : ([1, 2, 3], [4, 5], [6]) : 0.9216345115
163 : ([1], [2, 3], [4, 5], [6]) : 0.9183992341
164 : ([1, 3], [2], [4, 5], [6]) : 0.8821317491
165 : ([1, 2], [3], [4, 5], [6]) : 0.8830820652
166 : ([1], [2], [3], [4, 5], [6]) : 0.8804314041
167 : ([1, 2, 3, 5], [4], [6]) : 0.9130489676
168 : ([1, 4], [2, 3, 5], [6]) : 0.9097936139
169 : ([1], [2, 3, 5], [4], [6]) : 0.9079265912
170 : ([1, 3, 5], [2, 4], [6]) : 0.8718495124
171 : ([1, 3, 5], [2], [4], [6]) : 0.8706179417
172 : ([1, 2, 4], [3, 5], [6]) : 0.8767177265
173 : ([1], [2, 4], [3, 5], [6]) : 0.8687485358
174 : ([1, 4], [2], [3, 5], [6]) : 0.8699806657
175 : ([1, 2], [3, 5], [4], [6]) : 0.8718979034
176 : ([1], [2], [3, 5], [4], [6]) : 0.8674122682
177 : ([1, 2, 5], [3, 4], [6]) : 0.8766337493
178 : ([1, 2, 5], [3], [4], [6]) : 0.8750647396
179 : ([1, 3, 4], [2, 5], [6]) : 0.8736355694
180 : ([1], [2, 5], [3, 4], [6]) : 0.8695092189
181 : ([1, 4], [2, 5], [3], [6]) : 0.8698359208
182 : ([1, 3], [2, 5], [4], [6]) : 0.8689164037
183 : ([1], [2, 5], [3], [4], [6]) : 0.8677617091
184 : ([1, 5], [2, 3, 4], [6]) : 0.9069219305
185 : ([1, 5], [2], [3, 4], [6]) : 0.8680146583
186 : ([1, 5], [2, 4], [3], [6]) : 0.8672091286
187 : ([1, 5], [2, 3], [4], [6]) : 0.9034675678
188 : ([1, 5], [2], [3], [4], [6]) : 0.8662841719
189 : ([1, 2, 3, 4], [5], [6]) : 0.9131311399
190 : ([1], [2, 3, 4], [5], [6]) : 0.9064282025
191 : ([1, 3, 4], [2], [5], [6]) : 0.8712397369
192 : ([1, 2], [3, 4], [5], [6]) : 0.8712857002
193 : ([1], [2], [3, 4], [5], [6]) : 0.8666110854
194 : ([1, 2, 4], [3], [5], [6]) : 0.8730294253
195 : ([1, 3], [2, 4], [5], [6]) : 0.8672829780
196 : ([1], [2, 4], [3], [5], [6]) : 0.8657545690
197 : ([1, 4], [2, 3], [5], [6]) : 0.9042883878
198 : ([1, 4], [2], [3], [5], [6]) : 0.8669025842
199 : ([1, 2, 3], [4], [5], [6]) : 0.9077403857
200 : ([1], [2, 3], [4], [5], [6]) : 0.9028612238
201 : ([1, 3], [2], [4], [5], [6]) : 0.8663117099
202 : ([1, 2], [3], [4], [5], [6]) : 0.8692220515
203 : ([1], [2], [3], [4], [5], [6]) : 0.8648087092
