=== Bootstrap seed: 98 ===
1 : ([1, 2, 3, 4, 5, 6],) : 0.9664278575
2 : ([1], [2, 3, 4, 5, 6]) : 0.9598888325
3 : ([1, 3, 4, 5, 6], [2]) : 0.9280087960
4 : ([1, 2], [3, 4, 5, 6]) : 0.9245368501
5 : ([1], [2], [3, 4, 5, 6]) : 0.9208324276
6 : ([1, 2, 4, 5, 6], [3]) : 0.9251198311
7 : ([1, 3], [2, 4, 5, 6]) : 0.9193238020
8 : ([1], [2, 4, 5, 6], [3]) : 0.9191055818
9 : ([1, 4, 5, 6], [2, 3]) : 0.9586449012
10 : ([1, 4, 5, 6], [2], [3]) : 0.9189797731
11 : ([1, 2, 3], [4, 5, 6]) : 0.9600544221
12 : ([1], [2, 3], [4, 5, 6]) : 0.9569567955
13 : ([1, 3], [2], [4, 5, 6]) : 0.9167692470
14 : ([1, 2], [3], [4, 5, 6]) : 0.9204788791
15 : ([1], [2], [3], [4, 5, 6]) : 0.9165478607
16 : ([1, 2, 3, 5, 6], [4]) : 0.9446447635
17 : ([1, 4], [2, 3, 5, 6]) : 0.9392194137
18 : ([1], [2, 3, 5, 6], [4]) : 0.9391118442
19 : ([1, 3, 5, 6], [2, 4]) : 0.9057494212
20 : ([1, 3, 5, 6], [2], [4]) : 0.9045760936
21 : ([1, 2, 4], [3, 5, 6]) : 0.9066408795
22 : ([1], [2, 4], [3, 5, 6]) : 0.9016230147
23 : ([1, 4], [2], [3, 5, 6]) : 0.9012374345
24 : ([1, 2], [3, 5, 6], [4]) : 0.9049785423
25 : ([1], [2], [3, 5, 6], [4]) : 0.9004486597
26 : ([1, 2, 5, 6], [3, 4]) : 0.9057435881
27 : ([1, 2, 5, 6], [3], [4]) : 0.9054945858
28 : ([1, 3, 4], [2, 5, 6]) : 0.9013630397
29 : ([1], [2, 5, 6], [3, 4]) : 0.9003385929
30 : ([1, 4], [2, 5, 6], [3]) : 0.9002832076
31 : ([1, 3], [2, 5, 6], [4]) : 0.8999331075
32 : ([1], [2, 5, 6], [3], [4]) : 0.8998712012
33 : ([1, 5, 6], [2, 3, 4]) : 0.9376408611
34 : ([1, 5, 6], [2], [3, 4]) : 0.8997071229
35 : ([1, 5, 6], [2, 4], [3]) : 0.9001923519
36 : ([1, 5, 6], [2, 3], [4]) : 0.9359616229
37 : ([1, 5, 6], [2], [3], [4]) : 0.8994316378
38 : ([1, 2, 3, 4], [5, 6]) : 0.9415565777
39 : ([1], [2, 3, 4], [5, 6]) : 0.9368319910
40 : ([1, 3, 4], [2], [5, 6]) : 0.8991872672
41 : ([1, 2], [3, 4], [5, 6]) : 0.9025259025
42 : ([1], [2], [3, 4], [5, 6]) : 0.8976432043
43 : ([1, 2, 4], [3], [5, 6]) : 0.9032105547
44 : ([1, 3], [2, 4], [5, 6]) : 0.8981259034
45 : ([1], [2, 4], [3], [5, 6]) : 0.8978198308
46 : ([1, 4], [2, 3], [5, 6]) : 0.9351435078
47 : ([1, 4], [2], [3], [5, 6]) : 0.8978352958
48 : ([1, 2, 3], [4], [5, 6]) : 0.9396556268
49 : ([1], [2, 3], [4], [5, 6]) : 0.9349909959
50 : ([1, 3], [2], [4], [5, 6]) : 0.8973800851
51 : ([1, 2], [3], [4], [5, 6]) : 0.9020394734
52 : ([1], [2], [3], [4], [5, 6]) : 0.8971227261
53 : ([1, 2, 3, 4, 6], [5]) : 0.9444739392
54 : ([1, 5], [2, 3, 4, 6]) : 0.9392694547
55 : ([1], [2, 3, 4, 6], [5]) : 0.9390178987
56 : ([1, 3, 4, 6], [2, 5]) : 0.9092131502
57 : ([1, 3, 4, 6], [2], [5]) : 0.9085210628
58 : ([1, 2, 5], [3, 4, 6]) : 0.9081537700
59 : ([1], [2, 5], [3, 4, 6]) : 0.9011577637
60 : ([1, 5], [2], [3, 4, 6]) : 0.9011798834
61 : ([1, 2], [3, 4, 6], [5]) : 0.9066864629
62 : ([1], [2], [3, 4, 6], [5]) : 0.9003613988
63 : ([1, 2, 4, 6], [3, 5]) : 0.9090781084
64 : ([1, 2, 4, 6], [3], [5]) : 0.9074076306
65 : ([1, 3, 5], [2, 4, 6]) : 0.9049365095
66 : ([1], [2, 4, 6], [3, 5]) : 0.9025033713
67 : ([1, 5], [2, 4, 6], [3]) : 0.9011591125
68 : ([1, 3], [2, 4, 6], [5]) : 0.9013178784
69 : ([1], [2, 4, 6], [3], [5]) : 0.9004964669
70 : ([1, 4, 6], [2, 3, 5]) : 0.9392673347
71 : ([1, 4, 6], [2], [3, 5]) : 0.9026310895
72 : ([1, 4, 6], [2, 5], [3]) : 0.9017175872
73 : ([1, 4, 6], [2, 3], [5]) : 0.9357573220
74 : ([1, 4, 6], [2], [3], [5]) : 0.9008335421
75 : ([1, 2, 3, 5], [4, 6]) : 0.9436874780
76 : ([1], [2, 3, 5], [4, 6]) : 0.9382839542
77 : ([1, 3, 5], [2], [4, 6]) : 0.9012703150
78 : ([1, 2], [3, 5], [4, 6]) : 0.9048498856
79 : ([1], [2], [3, 5], [4, 6]) : 0.8994308965
80 : ([1, 2, 5], [3], [4, 6]) : 0.9050150391
81 : ([1, 3], [2, 5], [4, 6]) : 0.8988859074
82 : ([1], [2, 5], [3], [4, 6]) : 0.8986031396
83 : ([1, 5], [2, 3], [4, 6]) : 0.9354122130
84 : ([1, 5], [2], [3], [4, 6]) : 0.8985264289
85 : ([1, 2, 3], [4, 6], [5]) : 0.9397922333
86 : ([1], [2, 3], [4, 6], [5]) : 0.9350112362
87 : ([1, 3], [2], [4, 6], [5]) : 0.8982661560
88 : ([1, 2], [3], [4, 6], [5]) : 0.9035790379
89 : ([1], [2], [3], [4, 6], [5]) : 0.8977714128
90 : ([1, 2, 3, 6], [4, 5]) : 0.9472942751
91 : ([1, 2, 3, 6], [4], [5]) : 0.9354191667
92 : ([1, 4, 5], [2, 3, 6]) : 0.9432463169
93 : ([1], [2, 3, 6], [4, 5]) : 0.9424378841
94 : ([1, 5], [2, 3, 6], [4]) : 0.9300981198
95 : ([1, 4], [2, 3, 6], [5]) : 0.9298810758
96 : ([1], [2, 3, 6], [4], [5]) : 0.9297429311
97 : ([1, 3, 6], [2, 4, 5]) : 0.9070363117
98 : ([1, 3, 6], [2], [4, 5]) : 0.9059308249
99 : ([1, 3, 6], [2, 5], [4]) : 0.8961588519
100 : ([1, 3, 6], [2, 4], [5]) : 0.8965405393
101 : ([1, 3, 6], [2], [4], [5]) : 0.8958128568
102 : ([1, 2, 4, 5], [3, 6]) : 0.9079142899
103 : ([1], [2, 4, 5], [3, 6]) : 0.9024359865
104 : ([1, 4, 5], [2], [3, 6]) : 0.9030043717
105 : ([1, 2], [3, 6], [4, 5]) : 0.9045804896
106 : ([1], [2], [3, 6], [4, 5]) : 0.9009225826
107 : ([1, 2, 5], [3, 6], [4]) : 0.8989592083
108 : ([1, 4], [2, 5], [3, 6]) : 0.8928252383
109 : ([1], [2, 5], [3, 6], [4]) : 0.8920739933
110 : ([1, 5], [2, 4], [3, 6]) : 0.8943180456
111 : ([1, 5], [2], [3, 6], [4]) : 0.8931261305
112 : ([1, 2, 4], [3, 6], [5]) : 0.8985007513
113 : ([1], [2, 4], [3, 6], [5]) : 0.8927364956
114 : ([1, 4], [2], [3, 6], [5]) : 0.8926520359
115 : ([1, 2], [3, 6], [4], [5]) : 0.8971850189
116 : ([1], [2], [3, 6], [4], [5]) : 0.8917633819
117 : ([1, 2, 6], [3, 4, 5]) : 0.9076933322
118 : ([1, 2, 6], [3], [4, 5]) : 0.9049092762
119 : ([1, 2, 6], [3, 5], [4]) : 0.9006959367
120 : ([1, 2, 6], [3, 4], [5]) : 0.8992167731
121 : ([1, 2, 6], [3], [4], [5]) : 0.8980458353
122 : ([1, 3, 4, 5], [2, 6]) : 0.9079805531
123 : ([1], [2, 6], [3, 4, 5]) : 0.9039152237
124 : ([1, 4, 5], [2, 6], [3]) : 0.9021740222
125 : ([1, 3], [2, 6], [4, 5]) : 0.9014106794
126 : ([1], [2, 6], [3], [4, 5]) : 0.9005693175
127 : ([1, 3, 5], [2, 6], [4]) : 0.8971174234
128 : ([1, 4], [2, 6], [3, 5]) : 0.8958091171
129 : ([1], [2, 6], [3, 5], [4]) : 0.8951966120
130 : ([1, 5], [2, 6], [3, 4]) : 0.8944058213
131 : ([1, 5], [2, 6], [3], [4]) : 0.8932678977
132 : ([1, 3, 4], [2, 6], [5]) : 0.8955735442
133 : ([1], [2, 6], [3, 4], [5]) : 0.8935784814
134 : ([1, 4], [2, 6], [3], [5]) : 0.8928638095
135 : ([1, 3], [2, 6], [4], [5]) : 0.8927153835
136 : ([1], [2, 6], [3], [4], [5]) : 0.8922331622
137 : ([1, 6], [2, 3, 4, 5]) : 0.9464027886
138 : ([1, 6], [2], [3, 4, 5]) : 0.9041183861
139 : ([1, 6], [2, 4, 5], [3]) : 0.9028375260
140 : ([1, 6], [2, 3], [4, 5]) : 0.9412330586
141 : ([1, 6], [2], [3], [4, 5]) : 0.9010874552
142 : ([1, 6], [2, 3, 5], [4]) : 0.9340102188
143 : ([1, 6], [2, 4], [3, 5]) : 0.8967907072
144 : ([1, 6], [2], [3, 5], [4]) : 0.8955805522
145 : ([1, 6], [2, 5], [3, 4]) : 0.8942387737
146 : ([1, 6], [2, 5], [3], [4]) : 0.8931282360
147 : ([1, 6], [2, 3, 4], [5]) : 0.9322280231
148 : ([1, 6], [2], [3, 4], [5]) : 0.8936147394
149 : ([1, 6], [2, 4], [3], [5]) : 0.8933390581
150 : ([1, 6], [2, 3], [4], [5]) : 0.9292727408
151 : ([1, 6], [2], [3], [4], [5]) : 0.8925486935
152 : ([1, 2, 3, 4, 5], [6]) : 0.9504543110
153 : ([1], [2, 3, 4, 5], [6]) : 0.9462608680
154 : ([1, 3, 4, 5], [2], [6]) : 0.9064339814
155 : ([1, 2], [3, 4, 5], [6]) : 0.9054631515
156 : ([1], [2], [3, 4, 5], [6]) : 0.9023752599
157 : ([1, 2, 4, 5], [3], [6]) : 0.9058669998
158 : ([1, 3], [2, 4, 5], [6]) : 0.9017626713
159 : ([1], [2, 4, 5], [3], [6]) : 0.9008770833
160 : ([1, 4, 5], [2, 3], [6]) : 0.9416187848
161 : ([1, 4, 5], [2], [3], [6]) : 0.9007259518
162 : ([1, 2, 3], [4, 5], [6]) : 0.9450568183
163 : ([1], [2, 3], [4, 5], [6]) : 0.9409979645
164 : ([1, 3], [2], [4, 5], [6]) : 0.9000303821
165 : ([1, 2], [3], [4, 5], [6]) : 0.9025829027
166 : ([1], [2], [3], [4, 5], [6]) : 0.8990239294
167 : ([1, 2, 3, 5], [4], [6]) : 0.9390202067
168 : ([1, 4], [2, 3, 5], [6]) : 0.9336625260
169 : ([1], [2, 3, 5], [4], [6]) : 0.9336169104
170 : ([1, 3, 5], [2, 4], [6]) : 0.8976739434
171 : ([1, 3, 5], [2], [4], [6]) : 0.8956095926
172 : ([1, 2, 4], [3, 5], [6]) : 0.9000485448
173 : ([1], [2, 4], [3, 5], [6]) : 0.8952393753
174 : ([1, 4], [2], [3, 5], [6]) : 0.8943752735
175 : ([1, 2], [3, 5], [4], [6]) : 0.8983737543
176 : ([1], [2], [3, 5], [4], [6]) : 0.8936196872
177 : ([1, 2, 5], [3, 4], [6]) : 0.8986676872
178 : ([1, 2, 5], [3], [4], [6]) : 0.8976060636
179 : ([1, 3, 4], [2, 5], [6]) : 0.8944916891
180 : ([1], [2, 5], [3, 4], [6]) : 0.8926131171
181 : ([1, 4], [2, 5], [3], [6]) : 0.8917800155
182 : ([1, 3], [2, 5], [4], [6]) : 0.8916126814
183 : ([1], [2, 5], [3], [4], [6]) : 0.8911796590
184 : ([1, 5], [2, 3, 4], [6]) : 0.9325911533
185 : ([1, 5], [2], [3, 4], [6]) : 0.8930877104
186 : ([1, 5], [2, 4], [3], [6]) : 0.8931543871
187 : ([1, 5], [2, 3], [4], [6]) : 0.9295098357
188 : ([1, 5], [2], [3], [4], [6]) : 0.8919096923
189 : ([1, 2, 3, 4], [5], [6]) : 0.9374670167
190 : ([1], [2, 3, 4], [5], [6]) : 0.9323222490
191 : ([1, 3, 4], [2], [5], [6]) : 0.8943593369
192 : ([1, 2], [3, 4], [5], [6]) : 0.8973650885
193 : ([1], [2], [3, 4], [5], [6]) : 0.8921372841
194 : ([1, 2, 4], [3], [5], [6]) : 0.8971940977
195 : ([1, 3], [2, 4], [5], [6]) : 0.8924706141
196 : ([1], [2, 4], [3], [5], [6]) : 0.8917615889
197 : ([1, 4], [2, 3], [5], [6]) : 0.9292278507
198 : ([1, 4], [2], [3], [5], [6]) : 0.8915121226
199 : ([1, 2, 3], [4], [5], [6]) : 0.9342790586
200 : ([1], [2, 3], [4], [5], [6]) : 0.9291487378
201 : ([1, 3], [2], [4], [5], [6]) : 0.8913483862
202 : ([1, 2], [3], [4], [5], [6]) : 0.8960310837
203 : ([1], [2], [3], [4], [5], [6]) : 0.8907483380
