=== Bootstrap seed: 15 ===
1 : ([1, 2, 3, 4, 5, 6],) : 0.9557260317
2 : ([1], [2, 3, 4, 5, 6]) : 0.9469145197
3 : ([1, 3, 4, 5, 6], [2]) : 0.9192355551
4 : ([1, 2], [3, 4, 5, 6]) : 0.9144033743
5 : ([1], [2], [3, 4, 5, 6]) : 0.9113542537
6 : ([1, 2, 4, 5, 6], [3]) : 0.9210528470
7 : ([1, 3], [2, 4, 5, 6]) : 0.9110845684
8 : ([1], [2, 4, 5, 6], [3]) : 0.9110806451
9 : ([1, 4, 5, 6], [2, 3]) : 0.9445660359
10 : ([1, 4, 5, 6], [2], [3]) : 0.9107079650
11 : ([1, 2, 3], [4, 5, 6]) : 0.9465066077
12 : ([1], [2, 3], [4, 5, 6]) : 0.9420936390
13 : ([1, 3], [2], [4, 5, 6]) : 0.9072562806
14 : ([1, 2], [3], [4, 5, 6]) : 0.9105068256
15 : ([1], [2], [3], [4, 5, 6]) : 0.9071381062
16 : ([1, 2, 3, 5, 6], [4]) : 0.9266767287
17 : ([1, 4], [2, 3, 5, 6]) : 0.9137762888
18 : ([1], [2, 3, 5, 6], [4]) : 0.9130566934
19 : ([1, 3, 5, 6], [2, 4]) : 0.8857769830
20 : ([1, 3, 5, 6], [2], [4]) : 0.8848376058
21 : ([1, 2, 4], [3, 5, 6]) : 0.8832207723
22 : ([1], [2, 4], [3, 5, 6]) : 0.8773048018
23 : ([1, 4], [2], [3, 5, 6]) : 0.8770372328
24 : ([1, 2], [3, 5, 6], [4]) : 0.8802625744
25 : ([1], [2], [3, 5, 6], [4]) : 0.8760655393
26 : ([1, 2, 5, 6], [3, 4]) : 0.8894774608
27 : ([1, 2, 5, 6], [3], [4]) : 0.8850785831
28 : ([1, 3, 4], [2, 5, 6]) : 0.8818964063
29 : ([1], [2, 5, 6], [3, 4]) : 0.8797188543
30 : ([1, 4], [2, 5, 6], [3]) : 0.8762868737
31 : ([1, 3], [2, 5, 6], [4]) : 0.8766974085
32 : ([1], [2, 5, 6], [3], [4]) : 0.8753030989
33 : ([1, 5, 6], [2, 3, 4]) : 0.9129089499
34 : ([1, 5, 6], [2], [3, 4]) : 0.8781224356
35 : ([1, 5, 6], [2, 4], [3]) : 0.8755458751
36 : ([1, 5, 6], [2, 3], [4]) : 0.9101926010
37 : ([1, 5, 6], [2], [3], [4]) : 0.8743329262
38 : ([1, 2, 3, 4], [5, 6]) : 0.9191102208
39 : ([1], [2, 3, 4], [5, 6]) : 0.9102866900
40 : ([1, 3, 4], [2], [5, 6]) : 0.8782154825
41 : ([1, 2], [3, 4], [5, 6]) : 0.8817297708
42 : ([1], [2], [3, 4], [5, 6]) : 0.8761418677
43 : ([1, 2, 4], [3], [5, 6]) : 0.8803787131
44 : ([1, 3], [2, 4], [5, 6]) : 0.8751468883
45 : ([1], [2, 4], [3], [5, 6]) : 0.8736112828
46 : ([1, 4], [2, 3], [5, 6]) : 0.9084944791
47 : ([1, 4], [2], [3], [5, 6]) : 0.8731762642
48 : ([1, 2, 3], [4], [5, 6]) : 0.9151609009
49 : ([1], [2, 3], [4], [5, 6]) : 0.9074383552
50 : ([1, 3], [2], [4], [5, 6]) : 0.8735203456
51 : ([1, 2], [3], [4], [5, 6]) : 0.8772952587
52 : ([1], [2], [3], [4], [5, 6]) : 0.8721860906
53 : ([1, 2, 3, 4, 6], [5]) : 0.9285051878
54 : ([1, 5], [2, 3, 4, 6]) : 0.9146602317
55 : ([1], [2, 3, 4, 6], [5]) : 0.9142738847
56 : ([1, 3, 4, 6], [2, 5]) : 0.8916395863
57 : ([1, 3, 4, 6], [2], [5]) : 0.8893006887
58 : ([1, 2, 5], [3, 4, 6]) : 0.8933372262
59 : ([1], [2, 5], [3, 4, 6]) : 0.8852408923
60 : ([1, 5], [2], [3, 4, 6]) : 0.8830823376
61 : ([1, 2], [3, 4, 6], [5]) : 0.8898857985
62 : ([1], [2], [3, 4, 6], [5]) : 0.8822807397
63 : ([1, 2, 4, 6], [3, 5]) : 0.8931184052
64 : ([1, 2, 4, 6], [3], [5]) : 0.8913602069
65 : ([1, 3, 5], [2, 4, 6]) : 0.8848447859
66 : ([1], [2, 4, 6], [3, 5]) : 0.8831366277
67 : ([1, 5], [2, 4, 6], [3]) : 0.8811485475
68 : ([1, 3], [2, 4, 6], [5]) : 0.8813978689
69 : ([1], [2, 4, 6], [3], [5]) : 0.8805291291
70 : ([1, 4, 6], [2, 3, 5]) : 0.9170008484
71 : ([1, 4, 6], [2], [3, 5]) : 0.8814957991
72 : ([1, 4, 6], [2, 5], [3]) : 0.8812280742
73 : ([1, 4, 6], [2, 3], [5]) : 0.9124805616
74 : ([1, 4, 6], [2], [3], [5]) : 0.8788133226
75 : ([1, 2, 3, 5], [4, 6]) : 0.9219894685
76 : ([1], [2, 3, 5], [4, 6]) : 0.9144369604
77 : ([1, 3, 5], [2], [4, 6]) : 0.8811293110
78 : ([1, 2], [3, 5], [4, 6]) : 0.8855208625
79 : ([1], [2], [3, 5], [4, 6]) : 0.8794513100
80 : ([1, 2, 5], [3], [4, 6]) : 0.8874562270
81 : ([1, 3], [2, 5], [4, 6]) : 0.8801292424
82 : ([1], [2, 5], [3], [4, 6]) : 0.8794237215
83 : ([1, 5], [2, 3], [4, 6]) : 0.9103256613
84 : ([1, 5], [2], [3], [4, 6]) : 0.8775739561
85 : ([1, 2, 3], [4, 6], [5]) : 0.9189653176
86 : ([1], [2, 3], [4, 6], [5]) : 0.9099406554
87 : ([1, 3], [2], [4, 6], [5]) : 0.8776991529
88 : ([1, 2], [3], [4, 6], [5]) : 0.8841747782
89 : ([1], [2], [3], [4, 6], [5]) : 0.8768818074
90 : ([1, 2, 3, 6], [4, 5]) : 0.9324250124
91 : ([1, 2, 3, 6], [4], [5]) : 0.9165978744
92 : ([1, 4, 5], [2, 3, 6]) : 0.9229916344
93 : ([1], [2, 3, 6], [4, 5]) : 0.9215383581
94 : ([1, 5], [2, 3, 6], [4]) : 0.9017805723
95 : ([1, 4], [2, 3, 6], [5]) : 0.9019836788
96 : ([1], [2, 3, 6], [4], [5]) : 0.9012681393
97 : ([1, 3, 6], [2, 4, 5]) : 0.8957170928
98 : ([1, 3, 6], [2], [4, 5]) : 0.8921625197
99 : ([1, 3, 6], [2, 5], [4]) : 0.8747302725
100 : ([1, 3, 6], [2, 4], [5]) : 0.8741281160
101 : ([1, 3, 6], [2], [4], [5]) : 0.8724275884
102 : ([1, 2, 4, 5], [3, 6]) : 0.9006668290
103 : ([1], [2, 4, 5], [3, 6]) : 0.8911747229
104 : ([1, 4, 5], [2], [3, 6]) : 0.8907673485
105 : ([1, 2], [3, 6], [4, 5]) : 0.8904549885
106 : ([1], [2], [3, 6], [4, 5]) : 0.8867847939
107 : ([1, 2, 5], [3, 6], [4]) : 0.8776307559
108 : ([1, 4], [2, 5], [3, 6]) : 0.8698056214
109 : ([1], [2, 5], [3, 6], [4]) : 0.8691276226
110 : ([1, 5], [2, 4], [3, 6]) : 0.8693084693
111 : ([1, 5], [2], [3, 6], [4]) : 0.8677428795
112 : ([1, 2, 4], [3, 6], [5]) : 0.8766757536
113 : ([1], [2, 4], [3, 6], [5]) : 0.8681771481
114 : ([1, 4], [2], [3, 6], [5]) : 0.8671532151
115 : ([1, 2], [3, 6], [4], [5]) : 0.8736472334
116 : ([1], [2], [3, 6], [4], [5]) : 0.8664934462
117 : ([1, 2, 6], [3, 4, 5]) : 0.8985394145
118 : ([1, 2, 6], [3], [4, 5]) : 0.8941790898
119 : ([1, 2, 6], [3, 5], [4]) : 0.8794608813
120 : ([1, 2, 6], [3, 4], [5]) : 0.8826840288
121 : ([1, 2, 6], [3], [4], [5]) : 0.8773138010
122 : ([1, 3, 4, 5], [2, 6]) : 0.8949323740
123 : ([1], [2, 6], [3, 4, 5]) : 0.8904143147
124 : ([1, 4, 5], [2, 6], [3]) : 0.8894237609
125 : ([1, 3], [2, 6], [4, 5]) : 0.8867631737
126 : ([1], [2, 6], [3], [4, 5]) : 0.8859835984
127 : ([1, 3, 5], [2, 6], [4]) : 0.8715004692
128 : ([1, 4], [2, 6], [3, 5]) : 0.8697500444
129 : ([1], [2, 6], [3, 5], [4]) : 0.8689881448
130 : ([1, 5], [2, 6], [3, 4]) : 0.8712692862
131 : ([1, 5], [2, 6], [3], [4]) : 0.8668178952
132 : ([1, 3, 4], [2, 6], [5]) : 0.8726280647
133 : ([1], [2, 6], [3, 4], [5]) : 0.8705224813
134 : ([1, 4], [2, 6], [3], [5]) : 0.8665373942
135 : ([1, 3], [2, 6], [4], [5]) : 0.8672187785
136 : ([1], [2, 6], [3], [4], [5]) : 0.8657766213
137 : ([1, 6], [2, 3, 4, 5]) : 0.9292731011
138 : ([1, 6], [2], [3, 4, 5]) : 0.8912494764
139 : ([1, 6], [2, 4, 5], [3]) : 0.8912517426
140 : ([1, 6], [2, 3], [4, 5]) : 0.9228022442
141 : ([1, 6], [2], [3], [4, 5]) : 0.8869380088
142 : ([1, 6], [2, 3, 5], [4]) : 0.9079172554
143 : ([1, 6], [2, 4], [3, 5]) : 0.8716465428
144 : ([1, 6], [2], [3, 5], [4]) : 0.8701090766
145 : ([1, 6], [2, 5], [3, 4]) : 0.8751729332
146 : ([1, 6], [2, 5], [3], [4]) : 0.8696634317
147 : ([1, 6], [2, 3, 4], [5]) : 0.9067443769
148 : ([1, 6], [2], [3, 4], [5]) : 0.8721596765
149 : ([1, 6], [2, 4], [3], [5]) : 0.8686973978
150 : ([1, 6], [2, 3], [4], [5]) : 0.9029327881
151 : ([1, 6], [2], [3], [4], [5]) : 0.8670548411
152 : ([1, 2, 3, 4, 5], [6]) : 0.9343485178
153 : ([1], [2, 3, 4, 5], [6]) : 0.9268520887
154 : ([1, 3, 4, 5], [2], [6]) : 0.8940114331
155 : ([1, 2], [3, 4, 5], [6]) : 0.8935969654
156 : ([1], [2], [3, 4, 5], [6]) : 0.8897091480
157 : ([1, 2, 4, 5], [3], [6]) : 0.8990449739
158 : ([1, 3], [2, 4, 5], [6]) : 0.8902802194
159 : ([1], [2, 4, 5], [3], [6]) : 0.8896995671
160 : ([1, 4, 5], [2, 3], [6]) : 0.9218249249
161 : ([1, 4, 5], [2], [3], [6]) : 0.8887592874
162 : ([1, 2, 3], [4, 5], [6]) : 0.9263284981
163 : ([1], [2, 3], [4, 5], [6]) : 0.9205640135
164 : ([1, 3], [2], [4, 5], [6]) : 0.8862436925
165 : ([1, 2], [3], [4, 5], [6]) : 0.8894189779
166 : ([1], [2], [3], [4, 5], [6]) : 0.8854755588
167 : ([1, 2, 3, 5], [4], [6]) : 0.9132129875
168 : ([1, 4], [2, 3, 5], [6]) : 0.9057342476
169 : ([1], [2, 3, 5], [4], [6]) : 0.9051875302
170 : ([1, 3, 5], [2, 4], [6]) : 0.8725708100
171 : ([1, 3, 5], [2], [4], [6]) : 0.8709222480
172 : ([1, 2, 4], [3, 5], [6]) : 0.8777670362
173 : ([1], [2, 4], [3, 5], [6]) : 0.8701955364
174 : ([1, 4], [2], [3, 5], [6]) : 0.8693426026
175 : ([1, 2], [3, 5], [4], [6]) : 0.8744228634
176 : ([1], [2], [3, 5], [4], [6]) : 0.8686204184
177 : ([1, 2, 5], [3, 4], [6]) : 0.8808303988
178 : ([1, 2, 5], [3], [4], [6]) : 0.8762554240
179 : ([1, 3, 4], [2, 5], [6]) : 0.8751234863
180 : ([1], [2, 5], [3, 4], [6]) : 0.8732611032
181 : ([1, 4], [2, 5], [3], [6]) : 0.8688985485
182 : ([1, 3], [2, 5], [4], [6]) : 0.8692781123
183 : ([1], [2, 5], [3], [4], [6]) : 0.8681432707
184 : ([1, 5], [2, 3, 4], [6]) : 0.9043929412
185 : ([1, 5], [2], [3, 4], [6]) : 0.8709106308
186 : ([1, 5], [2, 4], [3], [6]) : 0.8680491712
187 : ([1, 5], [2, 3], [4], [6]) : 0.9009178903
188 : ([1, 5], [2], [3], [4], [6]) : 0.8664973323
189 : ([1, 2, 3, 4], [5], [6]) : 0.9146670530
190 : ([1], [2, 3, 4], [5], [6]) : 0.9041187536
191 : ([1, 3, 4], [2], [5], [6]) : 0.8722495587
192 : ([1, 2], [3, 4], [5], [6]) : 0.8776686237
193 : ([1], [2], [3, 4], [5], [6]) : 0.8702326548
194 : ([1, 2, 4], [3], [5], [6]) : 0.8758183352
195 : ([1, 3], [2, 4], [5], [6]) : 0.8688291487
196 : ([1], [2, 4], [3], [5], [6]) : 0.8672337569
197 : ([1, 4], [2, 3], [5], [6]) : 0.9012599970
198 : ([1, 4], [2], [3], [5], [6]) : 0.8662527219
199 : ([1, 2, 3], [4], [5], [6]) : 0.9099068504
200 : ([1], [2, 3], [4], [5], [6]) : 0.9004677540
201 : ([1, 3], [2], [4], [5], [6]) : 0.8668745928
202 : ([1, 2], [3], [4], [5], [6]) : 0.8725870845
203 : ([1], [2], [3], [4], [5], [6]) : 0.8655286226
