=== Bootstrap seed: 82 ===
1 : ([1, 2, 3, 4, 5, 6],) : 0.9600050898
2 : ([1], [2, 3, 4, 5, 6]) : 0.9577151760
3 : ([1, 3, 4, 5, 6], [2]) : 0.9323056302
4 : ([1, 2], [3, 4, 5, 6]) : 0.9313227055
5 : ([1], [2], [3, 4, 5, 6]) : 0.9296896610
6 : ([1, 2, 4, 5, 6], [3]) : 0.9336298040
7 : ([1, 3], [2, 4, 5, 6]) : 0.9315180182
8 : ([1], [2, 4, 5, 6], [3]) : 0.9297621476
9 : ([1, 4, 5, 6], [2, 3]) : 0.9551960733
10 : ([1, 4, 5, 6], [2], [3]) : 0.9278639950
11 : ([1, 2, 3], [4, 5, 6]) : 0.9550985273
12 : ([1], [2, 3], [4, 5, 6]) : 0.9538697741
13 : ([1, 3], [2], [4, 5, 6]) : 0.9283259345
14 : ([1, 2], [3], [4, 5, 6]) : 0.9285210484
15 : ([1], [2], [3], [4, 5, 6]) : 0.9268581124
16 : ([1, 2, 3, 5, 6], [4]) : 0.9352815310
17 : ([1, 4], [2, 3, 5, 6]) : 0.9328613652
18 : ([1], [2, 3, 5, 6], [4]) : 0.9321630950
19 : ([1, 3, 5, 6], [2, 4]) : 0.9081759510
20 : ([1, 3, 5, 6], [2], [4]) : 0.9070661316
21 : ([1, 2, 4], [3, 5, 6]) : 0.9102159936
22 : ([1], [2, 4], [3, 5, 6]) : 0.9059052517
23 : ([1, 4], [2], [3, 5, 6]) : 0.9061131075
24 : ([1, 2], [3, 5, 6], [4]) : 0.9075417364
25 : ([1], [2], [3, 5, 6], [4]) : 0.9048187952
26 : ([1, 2, 5, 6], [3, 4]) : 0.9094995593
27 : ([1, 2, 5, 6], [3], [4]) : 0.9090277299
28 : ([1, 3, 4], [2, 5, 6]) : 0.9085622570
29 : ([1], [2, 5, 6], [3, 4]) : 0.9060554084
30 : ([1, 4], [2, 5, 6], [3]) : 0.9071660770
31 : ([1, 3], [2, 5, 6], [4]) : 0.9066566863
32 : ([1], [2, 5, 6], [3], [4]) : 0.9056792160
33 : ([1, 5, 6], [2, 3, 4]) : 0.9311289164
34 : ([1, 5, 6], [2], [3, 4]) : 0.9044405248
35 : ([1, 5, 6], [2, 4], [3]) : 0.9049739128
36 : ([1, 5, 6], [2, 3], [4]) : 0.9284914924
37 : ([1, 5, 6], [2], [3], [4]) : 0.9041137115
38 : ([1, 2, 3, 4], [5, 6]) : 0.9347287866
39 : ([1], [2, 3, 4], [5, 6]) : 0.9311568829
40 : ([1, 3, 4], [2], [5, 6]) : 0.9063027998
41 : ([1, 2], [3, 4], [5, 6]) : 0.9072220810
42 : ([1], [2], [3, 4], [5, 6]) : 0.9040332844
43 : ([1, 2, 4], [3], [5, 6]) : 0.9091932395
44 : ([1, 3], [2, 4], [5, 6]) : 0.9058279094
45 : ([1], [2, 4], [3], [5, 6]) : 0.9046388997
46 : ([1, 4], [2, 3], [5, 6]) : 0.9290854336
47 : ([1, 4], [2], [3], [5, 6]) : 0.9049054659
48 : ([1, 2, 3], [4], [5, 6]) : 0.9313946361
49 : ([1], [2, 3], [4], [5, 6]) : 0.9283411389
50 : ([1, 3], [2], [4], [5, 6]) : 0.9046405629
51 : ([1, 2], [3], [4], [5, 6]) : 0.9067623417
52 : ([1], [2], [3], [4], [5, 6]) : 0.9036642564
53 : ([1, 2, 3, 4, 6], [5]) : 0.9372242559
54 : ([1, 5], [2, 3, 4, 6]) : 0.9335622321
55 : ([1], [2, 3, 4, 6], [5]) : 0.9334092948
56 : ([1, 3, 4, 6], [2, 5]) : 0.9079697696
57 : ([1, 3, 4, 6], [2], [5]) : 0.9075495882
58 : ([1, 2, 5], [3, 4, 6]) : 0.9088562237
59 : ([1], [2, 5], [3, 4, 6]) : 0.9052606168
60 : ([1, 5], [2], [3, 4, 6]) : 0.9053436305
61 : ([1, 2], [3, 4, 6], [5]) : 0.9078897627
62 : ([1], [2], [3, 4, 6], [5]) : 0.9049046011
63 : ([1, 2, 4, 6], [3, 5]) : 0.9116795218
64 : ([1, 2, 4, 6], [3], [5]) : 0.9112943907
65 : ([1, 3, 5], [2, 4, 6]) : 0.9102888750
66 : ([1], [2, 4, 6], [3, 5]) : 0.9081969727
67 : ([1, 5], [2, 4, 6], [3]) : 0.9081544360
68 : ([1, 3], [2, 4, 6], [5]) : 0.9095187340
69 : ([1], [2, 4, 6], [3], [5]) : 0.9080005415
70 : ([1, 4, 6], [2, 3, 5]) : 0.9298601401
71 : ([1, 4, 6], [2], [3, 5]) : 0.9043822545
72 : ([1, 4, 6], [2, 5], [3]) : 0.9044137957
73 : ([1, 4, 6], [2, 3], [5]) : 0.9279300282
74 : ([1, 4, 6], [2], [3], [5]) : 0.9040597200
75 : ([1, 2, 3, 5], [4, 6]) : 0.9323817118
76 : ([1], [2, 3, 5], [4, 6]) : 0.9288381859
77 : ([1, 3, 5], [2], [4, 6]) : 0.9060422812
78 : ([1, 2], [3, 5], [4, 6]) : 0.9071128049
79 : ([1], [2], [3, 5], [4, 6]) : 0.9037152524
80 : ([1, 2, 5], [3], [4, 6]) : 0.9076228537
81 : ([1, 3], [2, 5], [4, 6]) : 0.9053272274
82 : ([1], [2, 5], [3], [4, 6]) : 0.9037640922
83 : ([1, 5], [2, 3], [4, 6]) : 0.9270421157
84 : ([1, 5], [2], [3], [4, 6]) : 0.9038053489
85 : ([1, 2, 3], [4, 6], [5]) : 0.9309886715
86 : ([1], [2, 3], [4, 6], [5]) : 0.9268016450
87 : ([1, 3], [2], [4, 6], [5]) : 0.9049856980
88 : ([1, 2], [3], [4, 6], [5]) : 0.9066513259
89 : ([1], [2], [3], [4, 6], [5]) : 0.9034368947
90 : ([1, 2, 3, 6], [4, 5]) : 0.9370306691
91 : ([1, 2, 3, 6], [4], [5]) : 0.9258542364
92 : ([1, 4, 5], [2, 3, 6]) : 0.9363175964
93 : ([1], [2, 3, 6], [4, 5]) : 0.9344284879
94 : ([1, 5], [2, 3, 6], [4]) : 0.9215302949
95 : ([1, 4], [2, 3, 6], [5]) : 0.9220814623
96 : ([1], [2, 3, 6], [4], [5]) : 0.9210600805
97 : ([1, 3, 6], [2, 4, 5]) : 0.9126645609
98 : ([1, 3, 6], [2], [4, 5]) : 0.9100465840
99 : ([1, 3, 6], [2, 5], [4]) : 0.8990116897
100 : ([1, 3, 6], [2, 4], [5]) : 0.9006568316
101 : ([1, 3, 6], [2], [4], [5]) : 0.8987571454
102 : ([1, 2, 4, 5], [3, 6]) : 0.9144123656
103 : ([1], [2, 4, 5], [3, 6]) : 0.9094458684
104 : ([1, 4, 5], [2], [3, 6]) : 0.9092844456
105 : ([1, 2], [3, 6], [4, 5]) : 0.9091579077
106 : ([1], [2], [3, 6], [4, 5]) : 0.9075072387
107 : ([1, 2, 5], [3, 6], [4]) : 0.9010361826
108 : ([1, 4], [2, 5], [3, 6]) : 0.8981989106
109 : ([1], [2, 5], [3, 6], [4]) : 0.8971389292
110 : ([1, 5], [2, 4], [3, 6]) : 0.8988898210
111 : ([1, 5], [2], [3, 6], [4]) : 0.8975443195
112 : ([1, 2, 4], [3, 6], [5]) : 0.9026000207
113 : ([1], [2, 4], [3, 6], [5]) : 0.8984001804
114 : ([1, 4], [2], [3, 6], [5]) : 0.8978619127
115 : ([1, 2], [3, 6], [4], [5]) : 0.8998683692
116 : ([1], [2], [3, 6], [4], [5]) : 0.8968541210
117 : ([1, 2, 6], [3, 4, 5]) : 0.9133439859
118 : ([1, 2, 6], [3], [4, 5]) : 0.9103498579
119 : ([1, 2, 6], [3, 5], [4]) : 0.9010749366
120 : ([1, 2, 6], [3, 4], [5]) : 0.9012749001
121 : ([1, 2, 6], [3], [4], [5]) : 0.9009013273
122 : ([1, 3, 4, 5], [2, 6]) : 0.9148675740
123 : ([1], [2, 6], [3, 4, 5]) : 0.9109167813
124 : ([1, 4, 5], [2, 6], [3]) : 0.9099204958
125 : ([1, 3], [2, 6], [4, 5]) : 0.9097100625
126 : ([1], [2, 6], [3], [4, 5]) : 0.9081388914
127 : ([1, 3, 5], [2, 6], [4]) : 0.8996667100
128 : ([1, 4], [2, 6], [3, 5]) : 0.8988594227
129 : ([1], [2, 6], [3, 5], [4]) : 0.8975728719
130 : ([1, 5], [2, 6], [3, 4]) : 0.8981348203
131 : ([1, 5], [2, 6], [3], [4]) : 0.8979112990
132 : ([1, 3, 4], [2, 6], [5]) : 0.9003274796
133 : ([1], [2, 6], [3, 4], [5]) : 0.8977432475
134 : ([1, 4], [2, 6], [3], [5]) : 0.8986743321
135 : ([1, 3], [2, 6], [4], [5]) : 0.8986493498
136 : ([1], [2, 6], [3], [4], [5]) : 0.8974430179
137 : ([1, 6], [2, 3, 4, 5]) : 0.9377100035
138 : ([1, 6], [2], [3, 4, 5]) : 0.9098749489
139 : ([1, 6], [2, 4, 5], [3]) : 0.9090091655
140 : ([1, 6], [2, 3], [4, 5]) : 0.9333774765
141 : ([1, 6], [2], [3], [4, 5]) : 0.9071092760
142 : ([1, 6], [2, 3, 5], [4]) : 0.9220003666
143 : ([1, 6], [2, 4], [3, 5]) : 0.8976482329
144 : ([1, 6], [2], [3, 5], [4]) : 0.8960192744
145 : ([1, 6], [2, 5], [3, 4]) : 0.8964287077
146 : ([1, 6], [2, 5], [3], [4]) : 0.8962115656
147 : ([1, 6], [2, 3, 4], [5]) : 0.9228853508
148 : ([1, 6], [2], [3, 4], [5]) : 0.8961193016
149 : ([1, 6], [2, 4], [3], [5]) : 0.8974936521
150 : ([1, 6], [2, 3], [4], [5]) : 0.9194331816
151 : ([1, 6], [2], [3], [4], [5]) : 0.8958862333
152 : ([1, 2, 3, 4, 5], [6]) : 0.9422028834
153 : ([1], [2, 3, 4, 5], [6]) : 0.9375802107
154 : ([1, 3, 4, 5], [2], [6]) : 0.9133933991
155 : ([1, 2], [3, 4, 5], [6]) : 0.9116513510
156 : ([1], [2], [3, 4, 5], [6]) : 0.9094869877
157 : ([1, 2, 4, 5], [3], [6]) : 0.9136886445
158 : ([1, 3], [2, 4, 5], [6]) : 0.9108044997
159 : ([1], [2, 4, 5], [3], [6]) : 0.9084265118
160 : ([1, 4, 5], [2, 3], [6]) : 0.9349786249
161 : ([1, 4, 5], [2], [3], [6]) : 0.9082806390
162 : ([1, 2, 3], [4, 5], [6]) : 0.9356498282
163 : ([1], [2, 3], [4, 5], [6]) : 0.9333162355
164 : ([1, 3], [2], [4, 5], [6]) : 0.9084404589
165 : ([1, 2], [3], [4, 5], [6]) : 0.9086175231
166 : ([1], [2], [3], [4, 5], [6]) : 0.9066701610
167 : ([1, 2, 3, 5], [4], [6]) : 0.9259556681
168 : ([1, 4], [2, 3, 5], [6]) : 0.9227265669
169 : ([1], [2, 3, 5], [4], [6]) : 0.9219903784
170 : ([1, 3, 5], [2, 4], [6]) : 0.8998111086
171 : ([1, 3, 5], [2], [4], [6]) : 0.8982628058
172 : ([1, 2, 4], [3, 5], [6]) : 0.9020606646
173 : ([1], [2, 4], [3, 5], [6]) : 0.8973899505
174 : ([1, 4], [2], [3, 5], [6]) : 0.8969420639
175 : ([1, 2], [3, 5], [4], [6]) : 0.8994413431
176 : ([1], [2], [3, 5], [4], [6]) : 0.8959029652
177 : ([1, 2, 5], [3, 4], [6]) : 0.9005718415
178 : ([1, 2, 5], [3], [4], [6]) : 0.9003249558
179 : ([1, 3, 4], [2, 5], [6]) : 0.8989304049
180 : ([1], [2, 5], [3, 4], [6]) : 0.8962924754
181 : ([1, 4], [2, 5], [3], [6]) : 0.8971319332
182 : ([1, 3], [2, 5], [4], [6]) : 0.8975053124
183 : ([1], [2, 5], [3], [4], [6]) : 0.8960785012
184 : ([1, 5], [2, 3, 4], [6]) : 0.9231030932
185 : ([1, 5], [2], [3, 4], [6]) : 0.8964443973
186 : ([1, 5], [2, 4], [3], [6]) : 0.8975902850
187 : ([1, 5], [2, 3], [4], [6]) : 0.9198273460
188 : ([1, 5], [2], [3], [4], [6]) : 0.8962894529
189 : ([1, 2, 3, 4], [5], [6]) : 0.9279178213
190 : ([1], [2, 3, 4], [5], [6]) : 0.9229070174
191 : ([1, 3, 4], [2], [5], [6]) : 0.8985471481
192 : ([1, 2], [3, 4], [5], [6]) : 0.8994938871
193 : ([1], [2], [3, 4], [5], [6]) : 0.8959966056
194 : ([1, 2, 4], [3], [5], [6]) : 0.9017174864
195 : ([1, 3], [2, 4], [5], [6]) : 0.8989354115
196 : ([1], [2, 4], [3], [5], [6]) : 0.8972298456
197 : ([1, 4], [2, 3], [5], [6]) : 0.9203875652
198 : ([1, 4], [2], [3], [5], [6]) : 0.8967593102
199 : ([1, 2, 3], [4], [5], [6]) : 0.9239752327
200 : ([1], [2, 3], [4], [5], [6]) : 0.9194733226
201 : ([1, 3], [2], [4], [5], [6]) : 0.8971837794
202 : ([1, 2], [3], [4], [5], [6]) : 0.8991896863
203 : ([1], [2], [3], [4], [5], [6]) : 0.8957656943
