=== Bootstrap seed: 16 ===
1 : ([1, 2, 3, 4, 5, 6],) : 0.9691215219
2 : ([1], [2, 3, 4, 5, 6]) : 0.9627071015
3 : ([1, 3, 4, 5, 6], [2]) : 0.9378182401
4 : ([1, 2], [3, 4, 5, 6]) : 0.9329778347
5 : ([1], [2], [3, 4, 5, 6]) : 0.9314538270
6 : ([1, 2, 4, 5, 6], [3]) : 0.9368703262
7 : ([1, 3], [2, 4, 5, 6]) : 0.9330091225
8 : ([1], [2, 4, 5, 6], [3]) : 0.9320650818
9 : ([1, 4, 5, 6], [2, 3]) : 0.9593182807
10 : ([1, 4, 5, 6], [2], [3]) : 0.9324771146
11 : ([1, 2, 3], [4, 5, 6]) : 0.9608161684
12 : ([1], [2, 3], [4, 5, 6]) : 0.9584884579
13 : ([1, 3], [2], [4, 5, 6]) : 0.9302949629
14 : ([1, 2], [3], [4, 5, 6]) : 0.9302700212
15 : ([1], [2], [3], [4, 5, 6]) : 0.9290450916
16 : ([1, 2, 3, 5, 6], [4]) : 0.9392919312
17 : ([1, 4], [2, 3, 5, 6]) : 0.9347260638
18 : ([1], [2, 3, 5, 6], [4]) : 0.9339812156
19 : ([1, 3, 5, 6], [2, 4]) : 0.9123764005
20 : ([1, 3, 5, 6], [2], [4]) : 0.9119696013
21 : ([1, 2, 4], [3, 5, 6]) : 0.9085334305
22 : ([1], [2, 4], [3, 5, 6]) : 0.9053469173
23 : ([1, 4], [2], [3, 5, 6]) : 0.9063646514
24 : ([1, 2], [3, 5, 6], [4]) : 0.9065981778
25 : ([1], [2], [3, 5, 6], [4]) : 0.9050416782
26 : ([1, 2, 5, 6], [3, 4]) : 0.9094028204
27 : ([1, 2, 5, 6], [3], [4]) : 0.9092715986
28 : ([1, 3, 4], [2, 5, 6]) : 0.9070443191
29 : ([1], [2, 5, 6], [3, 4]) : 0.9033503967
30 : ([1, 4], [2, 5, 6], [3]) : 0.9042646363
31 : ([1, 3], [2, 5, 6], [4]) : 0.9052462202
32 : ([1], [2, 5, 6], [3], [4]) : 0.9032752696
33 : ([1, 5, 6], [2, 3, 4]) : 0.9323027261
34 : ([1, 5, 6], [2], [3, 4]) : 0.9061487121
35 : ([1, 5, 6], [2, 4], [3]) : 0.9063449116
36 : ([1, 5, 6], [2, 3], [4]) : 0.9306076291
37 : ([1, 5, 6], [2], [3], [4]) : 0.9059828602
38 : ([1, 2, 3, 4], [5, 6]) : 0.9357250280
39 : ([1], [2, 3, 4], [5, 6]) : 0.9317754307
40 : ([1, 3, 4], [2], [5, 6]) : 0.9063239071
41 : ([1, 2], [3, 4], [5, 6]) : 0.9040260284
42 : ([1], [2], [3, 4], [5, 6]) : 0.9025828649
43 : ([1, 2, 4], [3], [5, 6]) : 0.9057542304
44 : ([1, 3], [2, 4], [5, 6]) : 0.9047050747
45 : ([1], [2, 4], [3], [5, 6]) : 0.9027414916
46 : ([1, 4], [2, 3], [5, 6]) : 0.9308284621
47 : ([1, 4], [2], [3], [5, 6]) : 0.9035926180
48 : ([1, 2, 3], [4], [5, 6]) : 0.9332187660
49 : ([1], [2, 3], [4], [5, 6]) : 0.9301558034
50 : ([1, 3], [2], [4], [5, 6]) : 0.9043784326
51 : ([1, 2], [3], [4], [5, 6]) : 0.9039446334
52 : ([1], [2], [3], [4], [5, 6]) : 0.9024629031
53 : ([1, 2, 3, 4, 6], [5]) : 0.9446303926
54 : ([1, 5], [2, 3, 4, 6]) : 0.9391643949
55 : ([1], [2, 3, 4, 6], [5]) : 0.9388345674
56 : ([1, 3, 4, 6], [2, 5]) : 0.9163201041
57 : ([1, 3, 4, 6], [2], [5]) : 0.9160416527
58 : ([1, 2, 5], [3, 4, 6]) : 0.9150415439
59 : ([1], [2, 5], [3, 4, 6]) : 0.9111286837
60 : ([1, 5], [2], [3, 4, 6]) : 0.9113797392
61 : ([1, 2], [3, 4, 6], [5]) : 0.9140137547
62 : ([1], [2], [3, 4, 6], [5]) : 0.9108336349
63 : ([1, 2, 4, 6], [3, 5]) : 0.9134847100
64 : ([1, 2, 4, 6], [3], [5]) : 0.9134491502
65 : ([1, 3, 5], [2, 4, 6]) : 0.9120628127
66 : ([1], [2, 4, 6], [3, 5]) : 0.9100980014
67 : ([1, 5], [2, 4, 6], [3]) : 0.9103067097
68 : ([1, 3], [2, 4, 6], [5]) : 0.9116846397
69 : ([1], [2, 4, 6], [3], [5]) : 0.9100455791
70 : ([1, 4, 6], [2, 3, 5]) : 0.9346484954
71 : ([1, 4, 6], [2], [3, 5]) : 0.9079666285
72 : ([1, 4, 6], [2, 5], [3]) : 0.9084221420
73 : ([1, 4, 6], [2, 3], [5]) : 0.9336982728
74 : ([1, 4, 6], [2], [3], [5]) : 0.9080939561
75 : ([1, 2, 3, 5], [4, 6]) : 0.9383252641
76 : ([1], [2, 3, 5], [4, 6]) : 0.9339559297
77 : ([1, 3, 5], [2], [4, 6]) : 0.9082811162
78 : ([1, 2], [3, 5], [4, 6]) : 0.9094710928
79 : ([1], [2], [3, 5], [4, 6]) : 0.9063840393
80 : ([1, 2, 5], [3], [4, 6]) : 0.9099945477
81 : ([1, 3], [2, 5], [4, 6]) : 0.9083765238
82 : ([1], [2, 5], [3], [4, 6]) : 0.9067331158
83 : ([1, 5], [2, 3], [4, 6]) : 0.9327419707
84 : ([1, 5], [2], [3], [4, 6]) : 0.9067059356
85 : ([1, 2, 3], [4, 6], [5]) : 0.9371462507
86 : ([1], [2, 3], [4, 6], [5]) : 0.9327532280
87 : ([1, 3], [2], [4, 6], [5]) : 0.9080128274
88 : ([1, 2], [3], [4, 6], [5]) : 0.9093033825
89 : ([1], [2], [3], [4, 6], [5]) : 0.9064232946
90 : ([1, 2, 3, 6], [4, 5]) : 0.9433066868
91 : ([1, 2, 3, 6], [4], [5]) : 0.9316591192
92 : ([1, 4, 5], [2, 3, 6]) : 0.9406045583
93 : ([1], [2, 3, 6], [4, 5]) : 0.9395350095
94 : ([1, 5], [2, 3, 6], [4]) : 0.9270416887
95 : ([1, 4], [2, 3, 6], [5]) : 0.9271337211
96 : ([1], [2, 3, 6], [4], [5]) : 0.9265277921
97 : ([1, 3, 6], [2, 4, 5]) : 0.9135397480
98 : ([1, 3, 6], [2], [4, 5]) : 0.9126392315
99 : ([1, 3, 6], [2, 5], [4]) : 0.9033552727
100 : ([1, 3, 6], [2, 4], [5]) : 0.9028223196
101 : ([1, 3, 6], [2], [4], [5]) : 0.9025544110
102 : ([1, 2, 4, 5], [3, 6]) : 0.9155709378
103 : ([1], [2, 4, 5], [3, 6]) : 0.9103431532
104 : ([1, 4, 5], [2], [3, 6]) : 0.9111305058
105 : ([1, 2], [3, 6], [4, 5]) : 0.9112329458
106 : ([1], [2], [3, 6], [4, 5]) : 0.9090691040
107 : ([1, 2, 5], [3, 6], [4]) : 0.9041798762
108 : ([1, 4], [2, 5], [3, 6]) : 0.9003605527
109 : ([1], [2, 5], [3, 6], [4]) : 0.8995450711
110 : ([1, 5], [2, 4], [3, 6]) : 0.9002915521
111 : ([1, 5], [2], [3, 6], [4]) : 0.8999274522
112 : ([1, 2, 4], [3, 6], [5]) : 0.9031342206
113 : ([1], [2, 4], [3, 6], [5]) : 0.8989442222
114 : ([1, 4], [2], [3, 6], [5]) : 0.8995016466
115 : ([1, 2], [3, 6], [4], [5]) : 0.9017910258
116 : ([1], [2], [3, 6], [4], [5]) : 0.8986727938
117 : ([1, 2, 6], [3, 4, 5]) : 0.9107499156
118 : ([1, 2, 6], [3], [4, 5]) : 0.9100755784
119 : ([1, 2, 6], [3, 5], [4]) : 0.9006602464
120 : ([1, 2, 6], [3, 4], [5]) : 0.9006292674
121 : ([1, 2, 6], [3], [4], [5]) : 0.9005991112
122 : ([1, 3, 4, 5], [2, 6]) : 0.9120320405
123 : ([1], [2, 6], [3, 4, 5]) : 0.9088297740
124 : ([1, 4, 5], [2, 6], [3]) : 0.9097940592
125 : ([1, 3], [2, 6], [4, 5]) : 0.9095693425
126 : ([1], [2, 6], [3], [4, 5]) : 0.9081430110
127 : ([1, 3, 5], [2, 6], [4]) : 0.8996689929
128 : ([1, 4], [2, 6], [3, 5]) : 0.8977028874
129 : ([1], [2, 6], [3, 5], [4]) : 0.8969870011
130 : ([1, 5], [2, 6], [3, 4]) : 0.8982183939
131 : ([1, 5], [2, 6], [3], [4]) : 0.8980303364
132 : ([1, 3, 4], [2, 6], [5]) : 0.9005482326
133 : ([1], [2, 6], [3, 4], [5]) : 0.8971768787
134 : ([1, 4], [2, 6], [3], [5]) : 0.8976914600
135 : ([1, 3], [2, 6], [4], [5]) : 0.8989870550
136 : ([1], [2, 6], [3], [4], [5]) : 0.8970550829
137 : ([1, 6], [2, 3, 4, 5]) : 0.9394818259
138 : ([1, 6], [2], [3, 4, 5]) : 0.9077298248
139 : ([1, 6], [2, 4, 5], [3]) : 0.9081489074
140 : ([1, 6], [2, 3], [4, 5]) : 0.9367421993
141 : ([1, 6], [2], [3], [4, 5]) : 0.9068316968
142 : ([1, 6], [2, 3, 5], [4]) : 0.9247469239
143 : ([1, 6], [2, 4], [3, 5]) : 0.8962205216
144 : ([1, 6], [2], [3, 5], [4]) : 0.8959494700
145 : ([1, 6], [2, 5], [3, 4]) : 0.8966787019
146 : ([1, 6], [2, 5], [3], [4]) : 0.8966751647
147 : ([1, 6], [2, 3, 4], [5]) : 0.9251716590
148 : ([1, 6], [2], [3, 4], [5]) : 0.8959415935
149 : ([1, 6], [2, 4], [3], [5]) : 0.8962021908
150 : ([1, 6], [2, 3], [4], [5]) : 0.9235856934
151 : ([1, 6], [2], [3], [4], [5]) : 0.8959257193
152 : ([1, 2, 3, 4, 5], [6]) : 0.9434543994
153 : ([1], [2, 3, 4, 5], [6]) : 0.9390765254
154 : ([1, 3, 4, 5], [2], [6]) : 0.9105488183
155 : ([1, 2], [3, 4, 5], [6]) : 0.9084167382
156 : ([1], [2], [3, 4, 5], [6]) : 0.9069139151
157 : ([1, 2, 4, 5], [3], [6]) : 0.9118242060
158 : ([1, 3], [2, 4, 5], [6]) : 0.9093076386
159 : ([1], [2, 4, 5], [3], [6]) : 0.9075517705
160 : ([1, 4, 5], [2, 3], [6]) : 0.9373117487
161 : ([1, 4, 5], [2], [3], [6]) : 0.9081297847
162 : ([1, 2, 3], [4, 5], [6]) : 0.9395154733
163 : ([1], [2, 3], [4, 5], [6]) : 0.9364899698
164 : ([1, 3], [2], [4, 5], [6]) : 0.9078469888
165 : ([1, 2], [3], [4, 5], [6]) : 0.9079304868
166 : ([1], [2], [3], [4, 5], [6]) : 0.9062556834
167 : ([1, 2, 3, 5], [4], [6]) : 0.9291348337
168 : ([1, 4], [2, 3, 5], [6]) : 0.9249603345
169 : ([1], [2, 3, 5], [4], [6]) : 0.9245666370
170 : ([1, 3, 5], [2, 4], [6]) : 0.8985833643
171 : ([1, 3, 5], [2], [4], [6]) : 0.8980657431
172 : ([1, 2, 4], [3, 5], [6]) : 0.8992795436
173 : ([1], [2, 4], [3, 5], [6]) : 0.8954649441
174 : ([1, 4], [2], [3, 5], [6]) : 0.8960194008
175 : ([1, 2], [3, 5], [4], [6]) : 0.8980339408
176 : ([1], [2], [3, 5], [4], [6]) : 0.8952073580
177 : ([1, 2, 5], [3, 4], [6]) : 0.9003776139
178 : ([1, 2, 5], [3], [4], [6]) : 0.9002662925
179 : ([1, 3, 4], [2, 5], [6]) : 0.8999566598
180 : ([1], [2, 5], [3, 4], [6]) : 0.8961923563
181 : ([1, 4], [2, 5], [3], [6]) : 0.8968468206
182 : ([1, 3], [2, 5], [4], [6]) : 0.8981883088
183 : ([1], [2, 5], [3], [4], [6]) : 0.8961169780
184 : ([1, 5], [2, 3, 4], [6]) : 0.9251332060
185 : ([1, 5], [2], [3, 4], [6]) : 0.8966348945
186 : ([1, 5], [2, 4], [3], [6]) : 0.8967903632
187 : ([1, 5], [2, 3], [4], [6]) : 0.9234840822
188 : ([1, 5], [2], [3], [4], [6]) : 0.8964753229
189 : ([1, 2, 3, 4], [5], [6]) : 0.9305848665
190 : ([1], [2, 3, 4], [5], [6]) : 0.9249633641
191 : ([1, 3, 4], [2], [5], [6]) : 0.8991114446
192 : ([1, 2], [3, 4], [5], [6]) : 0.8982279064
193 : ([1], [2], [3, 4], [5], [6]) : 0.8954145825
194 : ([1, 2, 4], [3], [5], [6]) : 0.8993986991
195 : ([1, 3], [2, 4], [5], [6]) : 0.8977491064
196 : ([1], [2, 4], [3], [5], [6]) : 0.8955759710
197 : ([1, 4], [2, 3], [5], [6]) : 0.9239587040
198 : ([1, 4], [2], [3], [5], [6]) : 0.8960556768
199 : ([1, 2, 3], [4], [5], [6]) : 0.9278565115
200 : ([1], [2, 3], [4], [5], [6]) : 0.9233522163
201 : ([1, 3], [2], [4], [5], [6]) : 0.8973351479
202 : ([1, 2], [3], [4], [5], [6]) : 0.8981741341
203 : ([1], [2], [3], [4], [5], [6]) : 0.8953190500
