=== Bootstrap seed: 72 ===
1 : ([1, 2, 3, 4, 5, 6],) : 0.9680824286
2 : ([1], [2, 3, 4, 5, 6]) : 0.9583855900
3 : ([1, 3, 4, 5, 6], [2]) : 0.9310598488
4 : ([1, 2], [3, 4, 5, 6]) : 0.9260212137
5 : ([1], [2], [3, 4, 5, 6]) : 0.9247897147
6 : ([1, 2, 4, 5, 6], [3]) : 0.9286940739
7 : ([1, 3], [2, 4, 5, 6]) : 0.9222752503
8 : ([1], [2, 4, 5, 6], [3]) : 0.9222194327
9 : ([1, 4, 5, 6], [2, 3]) : 0.9560245497
10 : ([1, 4, 5, 6], [2], [3]) : 0.9232635893
11 : ([1, 2, 3], [4, 5, 6]) : 0.9560339179
12 : ([1], [2, 3], [4, 5, 6]) : 0.9535411786
13 : ([1, 3], [2], [4, 5, 6]) : 0.9202267698
14 : ([1, 2], [3], [4, 5, 6]) : 0.9211552535
15 : ([1], [2], [3], [4, 5, 6]) : 0.9200536432
16 : ([1, 2, 3, 5, 6], [4]) : 0.9411345540
17 : ([1, 4], [2, 3, 5, 6]) : 0.9343892229
18 : ([1], [2, 3, 5, 6], [4]) : 0.9336313611
19 : ([1, 3, 5, 6], [2, 4]) : 0.9056559039
20 : ([1, 3, 5, 6], [2], [4]) : 0.9051404284
21 : ([1, 2, 4], [3, 5, 6]) : 0.9072441120
22 : ([1], [2, 4], [3, 5, 6]) : 0.9026848701
23 : ([1, 4], [2], [3, 5, 6]) : 0.9035447050
24 : ([1, 2], [3, 5, 6], [4]) : 0.9027775634
25 : ([1], [2], [3, 5, 6], [4]) : 0.9018676339
26 : ([1, 2, 5, 6], [3, 4]) : 0.9050469500
27 : ([1, 2, 5, 6], [3], [4]) : 0.9034789444
28 : ([1, 3, 4], [2, 5, 6]) : 0.9029405334
29 : ([1], [2, 5, 6], [3, 4]) : 0.9006563554
30 : ([1, 4], [2, 5, 6], [3]) : 0.9013248846
31 : ([1, 3], [2, 5, 6], [4]) : 0.8992963521
32 : ([1], [2, 5, 6], [3], [4]) : 0.8993915878
33 : ([1, 5, 6], [2, 3, 4]) : 0.9343513489
34 : ([1, 5, 6], [2], [3, 4]) : 0.9016287521
35 : ([1, 5, 6], [2, 4], [3]) : 0.9007282399
36 : ([1, 5, 6], [2, 3], [4]) : 0.9323897879
37 : ([1, 5, 6], [2], [3], [4]) : 0.9003261337
38 : ([1, 2, 3, 4], [5, 6]) : 0.9366362085
39 : ([1], [2, 3, 4], [5, 6]) : 0.9316249656
40 : ([1, 3, 4], [2], [5, 6]) : 0.9018835114
41 : ([1, 2], [3, 4], [5, 6]) : 0.9001691936
42 : ([1], [2], [3, 4], [5, 6]) : 0.8991899336
43 : ([1, 2, 4], [3], [5, 6]) : 0.9041200378
44 : ([1, 3], [2, 4], [5, 6]) : 0.8988529378
45 : ([1], [2, 4], [3], [5, 6]) : 0.8987352236
46 : ([1, 4], [2, 3], [5, 6]) : 0.9295139229
47 : ([1, 4], [2], [3], [5, 6]) : 0.9003911335
48 : ([1, 2, 3], [4], [5, 6]) : 0.9329464369
49 : ([1], [2, 3], [4], [5, 6]) : 0.9291590418
50 : ([1, 3], [2], [4], [5, 6]) : 0.8981272547
51 : ([1, 2], [3], [4], [5, 6]) : 0.8991788000
52 : ([1], [2], [3], [4], [5, 6]) : 0.8981037359
53 : ([1, 2, 3, 4, 6], [5]) : 0.9411456454
54 : ([1, 5], [2, 3, 4, 6]) : 0.9335866069
55 : ([1], [2, 3, 4, 6], [5]) : 0.9323266417
56 : ([1, 3, 4, 6], [2, 5]) : 0.9040901937
57 : ([1, 3, 4, 6], [2], [5]) : 0.9024780875
58 : ([1, 2, 5], [3, 4, 6]) : 0.9060501561
59 : ([1], [2, 5], [3, 4, 6]) : 0.9008128344
60 : ([1, 5], [2], [3, 4, 6]) : 0.9024784357
61 : ([1, 2], [3, 4, 6], [5]) : 0.9004669618
62 : ([1], [2], [3, 4, 6], [5]) : 0.8988402631
63 : ([1, 2, 4, 6], [3, 5]) : 0.9006309463
64 : ([1, 2, 4, 6], [3], [5]) : 0.9002591001
65 : ([1, 3, 5], [2, 4, 6]) : 0.8985113531
66 : ([1], [2, 4, 6], [3, 5]) : 0.8952853323
67 : ([1, 5], [2, 4, 6], [3]) : 0.8977867705
68 : ([1, 3], [2, 4, 6], [5]) : 0.8952843375
69 : ([1], [2, 4, 6], [3], [5]) : 0.8951030657
70 : ([1, 4, 6], [2, 3, 5]) : 0.9314994547
71 : ([1, 4, 6], [2], [3, 5]) : 0.8940507467
72 : ([1, 4, 6], [2, 5], [3]) : 0.8954016331
73 : ([1, 4, 6], [2, 3], [5]) : 0.9281499789
74 : ([1, 4, 6], [2], [3], [5]) : 0.8937933715
75 : ([1, 2, 3, 5], [4, 6]) : 0.9356627539
76 : ([1], [2, 3, 5], [4, 6]) : 0.9290966983
77 : ([1, 3, 5], [2], [4, 6]) : 0.8958029029
78 : ([1, 2], [3, 5], [4, 6]) : 0.8950271338
79 : ([1], [2], [3, 5], [4, 6]) : 0.8927731965
80 : ([1, 2, 5], [3], [4, 6]) : 0.8985110263
81 : ([1, 3], [2, 5], [4, 6]) : 0.8940581153
82 : ([1], [2, 5], [3], [4, 6]) : 0.8940766545
83 : ([1, 5], [2, 3], [4, 6]) : 0.9271559329
84 : ([1, 5], [2], [3], [4, 6]) : 0.8950674281
85 : ([1, 2, 3], [4, 6], [5]) : 0.9321809038
86 : ([1], [2, 3], [4, 6], [5]) : 0.9264151752
87 : ([1, 3], [2], [4, 6], [5]) : 0.8925927215
88 : ([1, 2], [3], [4, 6], [5]) : 0.8946601732
89 : ([1], [2], [3], [4, 6], [5]) : 0.8925347432
90 : ([1, 2, 3, 6], [4, 5]) : 0.9401045331
91 : ([1, 2, 3, 6], [4], [5]) : 0.9309045402
92 : ([1, 4, 5], [2, 3, 6]) : 0.9382658089
93 : ([1], [2, 3, 6], [4, 5]) : 0.9352252016
94 : ([1, 5], [2, 3, 6], [4]) : 0.9231173590
95 : ([1, 4], [2, 3, 6], [5]) : 0.9231768067
96 : ([1], [2, 3, 6], [4], [5]) : 0.9225117374
97 : ([1, 3, 6], [2, 4, 5]) : 0.9066517897
98 : ([1, 3, 6], [2], [4, 5]) : 0.9043215894
99 : ([1, 3, 6], [2, 5], [4]) : 0.8949145408
100 : ([1, 3, 6], [2, 4], [5]) : 0.8947040350
101 : ([1, 3, 6], [2], [4], [5]) : 0.8937070274
102 : ([1, 2, 4, 5], [3, 6]) : 0.9113552691
103 : ([1], [2, 4, 5], [3, 6]) : 0.9050150361
104 : ([1, 4, 5], [2], [3, 6]) : 0.9060754579
105 : ([1, 2], [3, 6], [4, 5]) : 0.9029413818
106 : ([1], [2], [3, 6], [4, 5]) : 0.9022545974
107 : ([1, 2, 5], [3, 6], [4]) : 0.8970349291
108 : ([1, 4], [2, 5], [3, 6]) : 0.8943226975
109 : ([1], [2, 5], [3, 6], [4]) : 0.8931150852
110 : ([1, 5], [2, 4], [3, 6]) : 0.8947186846
111 : ([1, 5], [2], [3, 6], [4]) : 0.8936413388
112 : ([1, 2, 4], [3, 6], [5]) : 0.8974902305
113 : ([1], [2, 4], [3, 6], [5]) : 0.8929421410
114 : ([1, 4], [2], [3, 6], [5]) : 0.8928371382
115 : ([1, 2], [3, 6], [4], [5]) : 0.8935271618
116 : ([1], [2], [3, 6], [4], [5]) : 0.8916534362
117 : ([1, 2, 6], [3, 4, 5]) : 0.9038555934
118 : ([1, 2, 6], [3], [4, 5]) : 0.9013105924
119 : ([1, 2, 6], [3, 5], [4]) : 0.8916273212
120 : ([1, 2, 6], [3, 4], [5]) : 0.8925185877
121 : ([1, 2, 6], [3], [4], [5]) : 0.8912268736
122 : ([1, 3, 4, 5], [2, 6]) : 0.9080031661
123 : ([1], [2, 6], [3, 4, 5]) : 0.9028585148
124 : ([1, 4, 5], [2, 6], [3]) : 0.9047971554
125 : ([1, 3], [2, 6], [4, 5]) : 0.9007216110
126 : ([1], [2, 6], [3], [4, 5]) : 0.9004803229
127 : ([1, 3, 5], [2, 6], [4]) : 0.8919479805
128 : ([1, 4], [2, 6], [3, 5]) : 0.8903668709
129 : ([1], [2, 6], [3, 5], [4]) : 0.8891440199
130 : ([1, 5], [2, 6], [3, 4]) : 0.8928134016
131 : ([1, 5], [2, 6], [3], [4]) : 0.8912002450
132 : ([1, 3, 4], [2, 6], [5]) : 0.8916009673
133 : ([1], [2, 6], [3, 4], [5]) : 0.8899391655
134 : ([1, 4], [2, 6], [3], [5]) : 0.8899674624
135 : ([1, 3], [2, 6], [4], [5]) : 0.8888639820
136 : ([1], [2, 6], [3], [4], [5]) : 0.8887588662
137 : ([1, 6], [2, 3, 4, 5]) : 0.9390751530
138 : ([1, 6], [2], [3, 4, 5]) : 0.9019180772
139 : ([1, 6], [2, 4, 5], [3]) : 0.9021183432
140 : ([1, 6], [2, 3], [4, 5]) : 0.9342542564
141 : ([1, 6], [2], [3], [4, 5]) : 0.8997317229
142 : ([1, 6], [2, 3, 5], [4]) : 0.9246683848
143 : ([1, 6], [2, 4], [3, 5]) : 0.8896961275
144 : ([1, 6], [2], [3, 5], [4]) : 0.8886828062
145 : ([1, 6], [2, 5], [3, 4]) : 0.8914243734
146 : ([1, 6], [2, 5], [3], [4]) : 0.8898611919
147 : ([1, 6], [2, 3, 4], [5]) : 0.9249902118
148 : ([1, 6], [2], [3, 4], [5]) : 0.8896871948
149 : ([1, 6], [2, 4], [3], [5]) : 0.8895202052
150 : ([1, 6], [2, 3], [4], [5]) : 0.9217978562
151 : ([1, 6], [2], [3], [4], [5]) : 0.8883990862
152 : ([1, 2, 3, 4, 5], [6]) : 0.9460235168
153 : ([1], [2, 3, 4, 5], [6]) : 0.9382859334
154 : ([1, 3, 4, 5], [2], [6]) : 0.9068303332
155 : ([1, 2], [3, 4, 5], [6]) : 0.9022855028
156 : ([1], [2], [3, 4, 5], [6]) : 0.9016726752
157 : ([1, 2, 4, 5], [3], [6]) : 0.9083523090
158 : ([1, 3], [2, 4, 5], [6]) : 0.9018189312
159 : ([1], [2, 4, 5], [3], [6]) : 0.9016066226
160 : ([1, 4, 5], [2, 3], [6]) : 0.9367823730
161 : ([1, 4, 5], [2], [3], [6]) : 0.9034348216
162 : ([1, 2, 3], [4, 5], [6]) : 0.9370709321
163 : ([1], [2, 3], [4, 5], [6]) : 0.9336813478
164 : ([1, 3], [2], [4, 5], [6]) : 0.8996387033
165 : ([1, 2], [3], [4, 5], [6]) : 0.8999576494
166 : ([1], [2], [3], [4, 5], [6]) : 0.8993618305
167 : ([1, 2, 3, 5], [4], [6]) : 0.9295793547
168 : ([1, 4], [2, 3, 5], [6]) : 0.9244309373
169 : ([1], [2, 3, 5], [4], [6]) : 0.9233102704
170 : ([1, 3, 5], [2, 4], [6]) : 0.8915034814
171 : ([1, 3, 5], [2], [4], [6]) : 0.8908374242
172 : ([1, 2, 4], [3, 5], [6]) : 0.8944759562
173 : ([1], [2, 4], [3, 5], [6]) : 0.8893997256
174 : ([1, 4], [2], [3, 5], [6]) : 0.8898489048
175 : ([1, 2], [3, 5], [4], [6]) : 0.8905708748
176 : ([1], [2], [3, 5], [4], [6]) : 0.8884872195
177 : ([1, 2, 5], [3, 4], [6]) : 0.8954256419
178 : ([1, 2, 5], [3], [4], [6]) : 0.8933539036
179 : ([1, 3, 4], [2, 5], [6]) : 0.8928975938
180 : ([1], [2, 5], [3, 4], [6]) : 0.8911231517
181 : ([1, 4], [2, 5], [3], [6]) : 0.8908939166
182 : ([1, 3], [2, 5], [4], [6]) : 0.8895691526
183 : ([1], [2, 5], [3], [4], [6]) : 0.8895417845
184 : ([1, 5], [2, 3, 4], [6]) : 0.9246920664
185 : ([1, 5], [2], [3, 4], [6]) : 0.8919512892
186 : ([1, 5], [2, 4], [3], [6]) : 0.8908562604
187 : ([1, 5], [2, 3], [4], [6]) : 0.9212594494
188 : ([1, 5], [2], [3], [4], [6]) : 0.8901580698
189 : ([1, 2, 3, 4], [5], [6]) : 0.9305835181
190 : ([1], [2, 3, 4], [5], [6]) : 0.9239731015
191 : ([1, 3, 4], [2], [5], [6]) : 0.8912657684
192 : ([1, 2], [3, 4], [5], [6]) : 0.8913732025
193 : ([1], [2], [3, 4], [5], [6]) : 0.8894609721
194 : ([1, 2, 4], [3], [5], [6]) : 0.8940630899
195 : ([1, 3], [2, 4], [5], [6]) : 0.8893373748
196 : ([1], [2, 4], [3], [5], [6]) : 0.8891479784
197 : ([1, 4], [2, 3], [5], [6]) : 0.9212339900
198 : ([1, 4], [2], [3], [5], [6]) : 0.8895045113
199 : ([1, 2, 3], [4], [5], [6]) : 0.9263397278
200 : ([1], [2, 3], [4], [5], [6]) : 0.9206123079
201 : ([1, 3], [2], [4], [5], [6]) : 0.8882528218
202 : ([1, 2], [3], [4], [5], [6]) : 0.8901037674
203 : ([1], [2], [3], [4], [5], [6]) : 0.8881540213
