=== Bootstrap seed: 11 ===
1 : ([1, 2, 3, 4, 5, 6],) : 0.9631638718
2 : ([1], [2, 3, 4, 5, 6]) : 0.9569603230
3 : ([1, 3, 4, 5, 6], [2]) : 0.9263083100
4 : ([1, 2], [3, 4, 5, 6]) : 0.9245295377
5 : ([1], [2], [3, 4, 5, 6]) : 0.9224227666
6 : ([1, 2, 4, 5, 6], [3]) : 0.9269757202
7 : ([1, 3], [2, 4, 5, 6]) : 0.9206622166
8 : ([1], [2, 4, 5, 6], [3]) : 0.9204259564
9 : ([1, 4, 5, 6], [2, 3]) : 0.9562580322
10 : ([1, 4, 5, 6], [2], [3]) : 0.9201580673
11 : ([1, 2, 3], [4, 5, 6]) : 0.9560111804
12 : ([1], [2, 3], [4, 5, 6]) : 0.9543895850
13 : ([1, 3], [2], [4, 5, 6]) : 0.9175187943
14 : ([1, 2], [3], [4, 5, 6]) : 0.9191757720
15 : ([1], [2], [3], [4, 5, 6]) : 0.9173452030
16 : ([1, 2, 3, 5, 6], [4]) : 0.9377375380
17 : ([1, 4], [2, 3, 5, 6]) : 0.9309282168
18 : ([1], [2, 3, 5, 6], [4]) : 0.9309839700
19 : ([1, 3, 5, 6], [2, 4]) : 0.8976611355
20 : ([1, 3, 5, 6], [2], [4]) : 0.8959379987
21 : ([1, 2, 4], [3, 5, 6]) : 0.8999306917
22 : ([1], [2, 4], [3, 5, 6]) : 0.8949417770
23 : ([1, 4], [2], [3, 5, 6]) : 0.8937155666
24 : ([1, 2], [3, 5, 6], [4]) : 0.8966478008
25 : ([1], [2], [3, 5, 6], [4]) : 0.8930908348
26 : ([1, 2, 5, 6], [3, 4]) : 0.9023915017
27 : ([1, 2, 5, 6], [3], [4]) : 0.9017044827
28 : ([1, 3, 4], [2, 5, 6]) : 0.8979338916
29 : ([1], [2, 5, 6], [3, 4]) : 0.8968301664
30 : ([1, 4], [2, 5, 6], [3]) : 0.8968449293
31 : ([1, 3], [2, 5, 6], [4]) : 0.8965405909
32 : ([1], [2, 5, 6], [3], [4]) : 0.8963051974
33 : ([1, 5, 6], [2, 3, 4]) : 0.9303643516
34 : ([1, 5, 6], [2], [3, 4]) : 0.8932923878
35 : ([1, 5, 6], [2, 4], [3]) : 0.8940603109
36 : ([1, 5, 6], [2, 3], [4]) : 0.9289886663
37 : ([1, 5, 6], [2], [3], [4]) : 0.8925433080
38 : ([1, 2, 3, 4], [5, 6]) : 0.9331713894
39 : ([1], [2, 3, 4], [5, 6]) : 0.9295082562
40 : ([1, 3, 4], [2], [5, 6]) : 0.8928552257
41 : ([1, 2], [3, 4], [5, 6]) : 0.8953081680
42 : ([1], [2], [3, 4], [5, 6]) : 0.8917288160
43 : ([1, 2, 4], [3], [5, 6]) : 0.8984365219
44 : ([1, 3], [2, 4], [5, 6]) : 0.8932074922
45 : ([1], [2, 4], [3], [5, 6]) : 0.8928579140
46 : ([1, 4], [2, 3], [5, 6]) : 0.9276636582
47 : ([1, 4], [2], [3], [5, 6]) : 0.8920123487
48 : ([1, 2, 3], [4], [5, 6]) : 0.9315938681
49 : ([1], [2, 3], [4], [5, 6]) : 0.9276846725
50 : ([1, 3], [2], [4], [5, 6]) : 0.8914940885
51 : ([1, 2], [3], [4], [5, 6]) : 0.8950188406
52 : ([1], [2], [3], [4], [5, 6]) : 0.8912658858
53 : ([1, 2, 3, 4, 6], [5]) : 0.9306041099
54 : ([1, 5], [2, 3, 4, 6]) : 0.9237604145
55 : ([1], [2, 3, 4, 6], [5]) : 0.9232790355
56 : ([1, 3, 4, 6], [2, 5]) : 0.8942943354
57 : ([1, 3, 4, 6], [2], [5]) : 0.8917834107
58 : ([1, 2, 5], [3, 4, 6]) : 0.8981045828
59 : ([1], [2, 5], [3, 4, 6]) : 0.8899752460
60 : ([1, 5], [2], [3, 4, 6]) : 0.8886386308
61 : ([1, 2], [3, 4, 6], [5]) : 0.8926228007
62 : ([1], [2], [3, 4, 6], [5]) : 0.8873071298
63 : ([1, 2, 4, 6], [3, 5]) : 0.8963605458
64 : ([1, 2, 4, 6], [3], [5]) : 0.8947953947
65 : ([1, 3, 5], [2, 4, 6]) : 0.8917362550
66 : ([1], [2, 4, 6], [3, 5]) : 0.8900953351
67 : ([1, 5], [2, 4, 6], [3]) : 0.8888038789
68 : ([1, 3], [2, 4, 6], [5]) : 0.8886899545
69 : ([1], [2, 4, 6], [3], [5]) : 0.8877718389
70 : ([1, 4, 6], [2, 3, 5]) : 0.9243273425
71 : ([1, 4, 6], [2], [3, 5]) : 0.8881727188
72 : ([1, 4, 6], [2, 5], [3]) : 0.8893857279
73 : ([1, 4, 6], [2, 3], [5]) : 0.9221815404
74 : ([1, 4, 6], [2], [3], [5]) : 0.8865685209
75 : ([1, 2, 3, 5], [4, 6]) : 0.9282343805
76 : ([1], [2, 3, 5], [4, 6]) : 0.9225366652
77 : ([1, 3, 5], [2], [4, 6]) : 0.8874063634
78 : ([1, 2], [3, 5], [4, 6]) : 0.8908693740
79 : ([1], [2], [3, 5], [4, 6]) : 0.8859956809
80 : ([1, 2, 5], [3], [4, 6]) : 0.8947272134
81 : ([1, 3], [2, 5], [4, 6]) : 0.8879973539
82 : ([1], [2, 5], [3], [4, 6]) : 0.8873582129
83 : ([1, 5], [2, 3], [4, 6]) : 0.9205108092
84 : ([1, 5], [2], [3], [4, 6]) : 0.8852990773
85 : ([1, 2, 3], [4, 6], [5]) : 0.9257311760
86 : ([1], [2, 3], [4, 6], [5]) : 0.9201481483
87 : ([1, 3], [2], [4, 6], [5]) : 0.8851278686
88 : ([1, 2], [3], [4, 6], [5]) : 0.8896288478
89 : ([1], [2], [3], [4, 6], [5]) : 0.8844030042
90 : ([1, 2, 3, 6], [4, 5]) : 0.9385727969
91 : ([1, 2, 3, 6], [4], [5]) : 0.9241415211
92 : ([1, 4, 5], [2, 3, 6]) : 0.9344671897
93 : ([1], [2, 3, 6], [4, 5]) : 0.9330561636
94 : ([1, 5], [2, 3, 6], [4]) : 0.9154561950
95 : ([1, 4], [2, 3, 6], [5]) : 0.9153040185
96 : ([1], [2, 3, 6], [4], [5]) : 0.9151707068
97 : ([1, 3, 6], [2, 4, 5]) : 0.8988124010
98 : ([1, 3, 6], [2], [4, 5]) : 0.8966638684
99 : ([1, 3, 6], [2, 5], [4]) : 0.8834925316
100 : ([1, 3, 6], [2, 4], [5]) : 0.8830876936
101 : ([1, 3, 6], [2], [4], [5]) : 0.8809242979
102 : ([1, 2, 4, 5], [3, 6]) : 0.9045761564
103 : ([1], [2, 4, 5], [3, 6]) : 0.8966725964
104 : ([1, 4, 5], [2], [3, 6]) : 0.8967195357
105 : ([1, 2], [3, 6], [4, 5]) : 0.8969022217
106 : ([1], [2], [3, 6], [4, 5]) : 0.8943463624
107 : ([1, 2, 5], [3, 6], [4]) : 0.8885316375
108 : ([1, 4], [2, 5], [3, 6]) : 0.8813377210
109 : ([1], [2, 5], [3, 6], [4]) : 0.8807886746
110 : ([1, 5], [2, 4], [3, 6]) : 0.8812637586
111 : ([1, 5], [2], [3, 6], [4]) : 0.8789530664
112 : ([1, 2, 4], [3, 6], [5]) : 0.8864521295
113 : ([1], [2, 4], [3, 6], [5]) : 0.8801333501
114 : ([1, 4], [2], [3, 6], [5]) : 0.8784368735
115 : ([1, 2], [3, 6], [4], [5]) : 0.8835685698
116 : ([1], [2], [3, 6], [4], [5]) : 0.8780085543
117 : ([1, 2, 6], [3, 4, 5]) : 0.8997616018
118 : ([1, 2, 6], [3], [4, 5]) : 0.8964579547
119 : ([1, 2, 6], [3, 5], [4]) : 0.8866152583
120 : ([1, 2, 6], [3, 4], [5]) : 0.8845350884
121 : ([1, 2, 6], [3], [4], [5]) : 0.8841738703
122 : ([1, 3, 4, 5], [2, 6]) : 0.8990973202
123 : ([1], [2, 6], [3, 4, 5]) : 0.8967468568
124 : ([1, 4, 5], [2, 6], [3]) : 0.8951594324
125 : ([1, 3], [2, 6], [4, 5]) : 0.8938167530
126 : ([1], [2, 6], [3], [4, 5]) : 0.8931779888
127 : ([1, 3, 5], [2, 6], [4]) : 0.8821347441
128 : ([1, 4], [2, 6], [3, 5]) : 0.8811453403
129 : ([1], [2, 6], [3, 5], [4]) : 0.8809701961
130 : ([1, 5], [2, 6], [3, 4]) : 0.8796359081
131 : ([1, 5], [2, 6], [3], [4]) : 0.8788610769
132 : ([1, 3, 4], [2, 6], [5]) : 0.8795480658
133 : ([1], [2, 6], [3, 4], [5]) : 0.8786773978
134 : ([1, 4], [2, 6], [3], [5]) : 0.8782922685
135 : ([1, 3], [2, 6], [4], [5]) : 0.8787136516
136 : ([1], [2, 6], [3], [4], [5]) : 0.8780495275
137 : ([1, 6], [2, 3, 4, 5]) : 0.9368522811
138 : ([1, 6], [2], [3, 4, 5]) : 0.8961007828
139 : ([1, 6], [2, 4, 5], [3]) : 0.8954292194
140 : ([1, 6], [2, 3], [4, 5]) : 0.9326866582
141 : ([1, 6], [2], [3], [4, 5]) : 0.8926197682
142 : ([1, 6], [2, 3, 5], [4]) : 0.9185594762
143 : ([1, 6], [2, 4], [3, 5]) : 0.8825378067
144 : ([1, 6], [2], [3, 5], [4]) : 0.8802622368
145 : ([1, 6], [2, 5], [3, 4]) : 0.8811575905
146 : ([1, 6], [2, 5], [3], [4]) : 0.8806145796
147 : ([1, 6], [2, 3, 4], [5]) : 0.9175804000
148 : ([1, 6], [2], [3, 4], [5]) : 0.8780677666
149 : ([1, 6], [2, 4], [3], [5]) : 0.8795689483
150 : ([1, 6], [2, 3], [4], [5]) : 0.9152014358
151 : ([1, 6], [2], [3], [4], [5]) : 0.8774507319
152 : ([1, 2, 3, 4, 5], [6]) : 0.9397791912
153 : ([1], [2, 3, 4, 5], [6]) : 0.9360427712
154 : ([1, 3, 4, 5], [2], [6]) : 0.8978908227
155 : ([1, 2], [3, 4, 5], [6]) : 0.8975576630
156 : ([1], [2], [3, 4, 5], [6]) : 0.8953736301
157 : ([1, 2, 4, 5], [3], [6]) : 0.9020991543
158 : ([1, 3], [2, 4, 5], [6]) : 0.8952363196
159 : ([1], [2, 4, 5], [3], [6]) : 0.8945742877
160 : ([1, 4, 5], [2, 3], [6]) : 0.9329802177
161 : ([1, 4, 5], [2], [3], [6]) : 0.8940651648
162 : ([1, 2, 3], [4, 5], [6]) : 0.9350184659
163 : ([1], [2, 3], [4, 5], [6]) : 0.9317310721
164 : ([1, 3], [2], [4, 5], [6]) : 0.8925659251
165 : ([1, 2], [3], [4, 5], [6]) : 0.8943963597
166 : ([1], [2], [3], [4, 5], [6]) : 0.8919207084
167 : ([1, 2, 3, 5], [4], [6]) : 0.9233946975
168 : ([1, 4], [2, 3, 5], [6]) : 0.9174898736
169 : ([1], [2, 3, 5], [4], [6]) : 0.9174867372
170 : ([1, 3, 5], [2, 4], [6]) : 0.8829651466
171 : ([1, 3, 5], [2], [4], [6]) : 0.8805245837
172 : ([1, 2, 4], [3, 5], [6]) : 0.8871180026
173 : ([1], [2, 4], [3, 5], [6]) : 0.8815438409
174 : ([1, 4], [2], [3, 5], [6]) : 0.8797672416
175 : ([1, 2], [3, 5], [4], [6]) : 0.8842353039
176 : ([1], [2], [3, 5], [4], [6]) : 0.8793888648
177 : ([1, 2, 5], [3, 4], [6]) : 0.8876435973
178 : ([1, 2, 5], [3], [4], [6]) : 0.8870483363
179 : ([1, 3, 4], [2, 5], [6]) : 0.8817121149
180 : ([1], [2, 5], [3, 4], [6]) : 0.8803651827
181 : ([1, 4], [2, 5], [3], [6]) : 0.8803737101
182 : ([1, 3], [2, 5], [4], [6]) : 0.8804397198
183 : ([1], [2, 5], [3], [4], [6]) : 0.8798061996
184 : ([1, 5], [2, 3, 4], [6]) : 0.9171582934
185 : ([1, 5], [2], [3, 4], [6]) : 0.8781446986
186 : ([1, 5], [2, 4], [3], [6]) : 0.8795552337
187 : ([1, 5], [2, 3], [4], [6]) : 0.9144120265
188 : ([1, 5], [2], [3], [4], [6]) : 0.8773894005
189 : ([1, 2, 3, 4], [5], [6]) : 0.9220081983
190 : ([1], [2, 3, 4], [5], [6]) : 0.9168144247
191 : ([1, 3, 4], [2], [5], [6]) : 0.8783378547
192 : ([1, 2], [3, 4], [5], [6]) : 0.8823900274
193 : ([1], [2], [3, 4], [5], [6]) : 0.8772646880
194 : ([1, 2, 4], [3], [5], [6]) : 0.8849573242
195 : ([1, 3], [2, 4], [5], [6]) : 0.8796323757
196 : ([1], [2, 4], [3], [5], [6]) : 0.8786934245
197 : ([1, 4], [2, 3], [5], [6]) : 0.9142651231
198 : ([1, 4], [2], [3], [5], [6]) : 0.8771062191
199 : ([1, 2, 3], [4], [5], [6]) : 0.9200788490
200 : ([1], [2, 3], [4], [5], [6]) : 0.9141317000
201 : ([1, 3], [2], [4], [5], [6]) : 0.8773378332
202 : ([1, 2], [3], [4], [5], [6]) : 0.8820133531
203 : ([1], [2], [3], [4], [5], [6]) : 0.8766639872
