=== Bootstrap seed: 75 ===
1 : ([1, 2, 3, 4, 5, 6],) : 0.9679062459
2 : ([1], [2, 3, 4, 5, 6]) : 0.9607443786
3 : ([1, 3, 4, 5, 6], [2]) : 0.9302614358
4 : ([1, 2], [3, 4, 5, 6]) : 0.9286547176
5 : ([1], [2], [3, 4, 5, 6]) : 0.9264041026
6 : ([1, 2, 4, 5, 6], [3]) : 0.9337012524
7 : ([1, 3], [2, 4, 5, 6]) : 0.9305428057
8 : ([1], [2, 4, 5, 6], [3]) : 0.9299225088
9 : ([1, 4, 5, 6], [2, 3]) : 0.9579042661
10 : ([1, 4, 5, 6], [2], [3]) : 0.9239884657
11 : ([1, 2, 3], [4, 5, 6]) : 0.9598767990
12 : ([1], [2, 3], [4, 5, 6]) : 0.9568797193
13 : ([1, 3], [2], [4, 5, 6]) : 0.9236426766
14 : ([1, 2], [3], [4, 5, 6]) : 0.9245788576
15 : ([1], [2], [3], [4, 5, 6]) : 0.9226118722
16 : ([1, 2, 3, 5, 6], [4]) : 0.9448919807
17 : ([1, 4], [2, 3, 5, 6]) : 0.9398476849
18 : ([1], [2, 3, 5, 6], [4]) : 0.9393040021
19 : ([1, 3, 5, 6], [2, 4]) : 0.9126798491
20 : ([1, 3, 5, 6], [2], [4]) : 0.9108398852
21 : ([1, 2, 4], [3, 5, 6]) : 0.9116842223
22 : ([1], [2, 4], [3, 5, 6]) : 0.9080459095
23 : ([1, 4], [2], [3, 5, 6]) : 0.9062372467
24 : ([1, 2], [3, 5, 6], [4]) : 0.9093539942
25 : ([1], [2], [3, 5, 6], [4]) : 0.9061011674
26 : ([1, 2, 5, 6], [3, 4]) : 0.9110487198
27 : ([1, 2, 5, 6], [3], [4]) : 0.9110066405
28 : ([1, 3, 4], [2, 5, 6]) : 0.9078341175
29 : ([1], [2, 5, 6], [3, 4]) : 0.9054730763
30 : ([1, 4], [2, 5, 6], [3]) : 0.9055632088
31 : ([1, 3], [2, 5, 6], [4]) : 0.9070303993
32 : ([1], [2, 5, 6], [3], [4]) : 0.9053042029
33 : ([1, 5, 6], [2, 3, 4]) : 0.9377295127
34 : ([1, 5, 6], [2], [3, 4]) : 0.9019659039
35 : ([1, 5, 6], [2, 4], [3]) : 0.9031316136
36 : ([1, 5, 6], [2, 3], [4]) : 0.9366307154
37 : ([1, 5, 6], [2], [3], [4]) : 0.9017873959
38 : ([1, 2, 3, 4], [5, 6]) : 0.9430669622
39 : ([1], [2, 3, 4], [5, 6]) : 0.9365864972
40 : ([1, 3, 4], [2], [5, 6]) : 0.9038329105
41 : ([1, 2], [3, 4], [5, 6]) : 0.9045341929
42 : ([1], [2], [3, 4], [5, 6]) : 0.9006093643
43 : ([1, 2, 4], [3], [5, 6]) : 0.9062738024
44 : ([1, 3], [2, 4], [5, 6]) : 0.9043150011
45 : ([1], [2, 4], [3], [5, 6]) : 0.9017533604
46 : ([1, 4], [2, 3], [5, 6]) : 0.9357186600
47 : ([1, 4], [2], [3], [5, 6]) : 0.9005861622
48 : ([1, 2, 3], [4], [5, 6]) : 0.9398650922
49 : ([1], [2, 3], [4], [5, 6]) : 0.9350619957
50 : ([1, 3], [2], [4], [5, 6]) : 0.9029750418
51 : ([1, 2], [3], [4], [5, 6]) : 0.9043442614
52 : ([1], [2], [3], [4], [5, 6]) : 0.9004032867
53 : ([1, 2, 3, 4, 6], [5]) : 0.9437970536
54 : ([1, 5], [2, 3, 4, 6]) : 0.9359426917
55 : ([1], [2, 3, 4, 6], [5]) : 0.9356844025
56 : ([1, 3, 4, 6], [2, 5]) : 0.9096812354
57 : ([1, 3, 4, 6], [2], [5]) : 0.9081228575
58 : ([1, 2, 5], [3, 4, 6]) : 0.9112464960
59 : ([1], [2, 5], [3, 4, 6]) : 0.9056591450
60 : ([1, 5], [2], [3, 4, 6]) : 0.9039106384
61 : ([1, 2], [3, 4, 6], [5]) : 0.9083325911
62 : ([1], [2], [3, 4, 6], [5]) : 0.9032741997
63 : ([1, 2, 4, 6], [3, 5]) : 0.9113579385
64 : ([1, 2, 4, 6], [3], [5]) : 0.9110773180
65 : ([1, 3, 5], [2, 4, 6]) : 0.9091878738
66 : ([1], [2, 4, 6], [3, 5]) : 0.9060539097
67 : ([1, 5], [2, 4, 6], [3]) : 0.9058689569
68 : ([1, 3], [2, 4, 6], [5]) : 0.9078838011
69 : ([1], [2, 4, 6], [3], [5]) : 0.9054686264
70 : ([1, 4, 6], [2, 3, 5]) : 0.9358148135
71 : ([1, 4, 6], [2], [3, 5]) : 0.9004878869
72 : ([1, 4, 6], [2, 5], [3]) : 0.9026390802
73 : ([1, 4, 6], [2, 3], [5]) : 0.9326186587
74 : ([1, 4, 6], [2], [3], [5]) : 0.8998671645
75 : ([1, 2, 3, 5], [4, 6]) : 0.9395013325
76 : ([1], [2, 3, 5], [4, 6]) : 0.9342272491
77 : ([1, 3, 5], [2], [4, 6]) : 0.9030073751
78 : ([1, 2], [3, 5], [4, 6]) : 0.9038121640
79 : ([1], [2], [3, 5], [4, 6]) : 0.8994559379
80 : ([1, 2, 5], [3], [4, 6]) : 0.9071681960
81 : ([1, 3], [2, 5], [4, 6]) : 0.9041263138
82 : ([1], [2, 5], [3], [4, 6]) : 0.9018946753
83 : ([1, 5], [2, 3], [4, 6]) : 0.9311997279
84 : ([1, 5], [2], [3], [4, 6]) : 0.8993519291
85 : ([1, 2, 3], [4, 6], [5]) : 0.9370882464
86 : ([1], [2, 3], [4, 6], [5]) : 0.9310388186
87 : ([1, 3], [2], [4, 6], [5]) : 0.9016385358
88 : ([1, 2], [3], [4, 6], [5]) : 0.9036548217
89 : ([1], [2], [3], [4, 6], [5]) : 0.8989176310
90 : ([1, 2, 3, 6], [4, 5]) : 0.9496326473
91 : ([1, 2, 3, 6], [4], [5]) : 0.9376595112
92 : ([1, 4, 5], [2, 3, 6]) : 0.9435750849
93 : ([1], [2, 3, 6], [4, 5]) : 0.9429319772
94 : ([1, 5], [2, 3, 6], [4]) : 0.9302627569
95 : ([1, 4], [2, 3, 6], [5]) : 0.9304269885
96 : ([1], [2, 3, 6], [4], [5]) : 0.9299206599
97 : ([1, 3, 6], [2, 4, 5]) : 0.9152980837
98 : ([1, 3, 6], [2], [4, 5]) : 0.9125762027
99 : ([1, 3, 6], [2, 5], [4]) : 0.9030888138
100 : ([1, 3, 6], [2, 4], [5]) : 0.9031687880
101 : ([1, 3, 6], [2], [4], [5]) : 0.9016112165
102 : ([1, 2, 4, 5], [3, 6]) : 0.9165081051
103 : ([1], [2, 4, 5], [3, 6]) : 0.9118484209
104 : ([1, 4, 5], [2], [3, 6]) : 0.9098002934
105 : ([1, 2], [3, 6], [4, 5]) : 0.9112673604
106 : ([1], [2], [3, 6], [4, 5]) : 0.9082696690
107 : ([1, 2, 5], [3, 6], [4]) : 0.9054822457
108 : ([1, 4], [2, 5], [3, 6]) : 0.8996010220
109 : ([1], [2, 5], [3, 6], [4]) : 0.8993703463
110 : ([1, 5], [2, 4], [3, 6]) : 0.8999992631
111 : ([1, 5], [2], [3, 6], [4]) : 0.8983963591
112 : ([1, 2, 4], [3, 6], [5]) : 0.9041844717
113 : ([1], [2, 4], [3, 6], [5]) : 0.8989242069
114 : ([1, 4], [2], [3, 6], [5]) : 0.8974087624
115 : ([1, 2], [3, 6], [4], [5]) : 0.9021669642
116 : ([1], [2], [3, 6], [4], [5]) : 0.8972919755
117 : ([1, 2, 6], [3, 4, 5]) : 0.9115085983
118 : ([1, 2, 6], [3], [4, 5]) : 0.9100305501
119 : ([1, 2, 6], [3, 5], [4]) : 0.9004536551
120 : ([1, 2, 6], [3, 4], [5]) : 0.9002939768
121 : ([1, 2, 6], [3], [4], [5]) : 0.9001774041
122 : ([1, 3, 4, 5], [2, 6]) : 0.9119923468
123 : ([1], [2, 6], [3, 4, 5]) : 0.9084844990
124 : ([1, 4, 5], [2, 6], [3]) : 0.9080381462
125 : ([1, 3], [2, 6], [4, 5]) : 0.9097204784
126 : ([1], [2, 6], [3], [4, 5]) : 0.9070664929
127 : ([1, 3, 5], [2, 6], [4]) : 0.8999215736
128 : ([1, 4], [2, 6], [3, 5]) : 0.8960177576
129 : ([1], [2, 6], [3, 5], [4]) : 0.8960076393
130 : ([1, 5], [2, 6], [3, 4]) : 0.8962543105
131 : ([1, 5], [2, 6], [3], [4]) : 0.8961615267
132 : ([1, 3, 4], [2, 6], [5]) : 0.8989831655
133 : ([1], [2, 6], [3, 4], [5]) : 0.8954957363
134 : ([1, 4], [2, 6], [3], [5]) : 0.8953813134
135 : ([1, 3], [2, 6], [4], [5]) : 0.8982960038
136 : ([1], [2, 6], [3], [4], [5]) : 0.8953351762
137 : ([1, 6], [2, 3, 4, 5]) : 0.9454940836
138 : ([1, 6], [2], [3, 4, 5]) : 0.9074350078
139 : ([1, 6], [2, 4, 5], [3]) : 0.9096019513
140 : ([1, 6], [2, 3], [4, 5]) : 0.9416262672
141 : ([1, 6], [2], [3], [4, 5]) : 0.9056011437
142 : ([1, 6], [2, 3, 5], [4]) : 0.9309322310
143 : ([1, 6], [2, 4], [3, 5]) : 0.8962396131
144 : ([1, 6], [2], [3, 5], [4]) : 0.8942842157
145 : ([1, 6], [2, 5], [3, 4]) : 0.8963327570
146 : ([1, 6], [2, 5], [3], [4]) : 0.8960614807
147 : ([1, 6], [2, 3, 4], [5]) : 0.9288034512
148 : ([1, 6], [2], [3, 4], [5]) : 0.8937380744
149 : ([1, 6], [2, 4], [3], [5]) : 0.8950942145
150 : ([1, 6], [2, 3], [4], [5]) : 0.9278576008
151 : ([1, 6], [2], [3], [4], [5]) : 0.8934963398
152 : ([1, 2, 3, 4, 5], [6]) : 0.9523194265
153 : ([1], [2, 3, 4, 5], [6]) : 0.9445757479
154 : ([1, 3, 4, 5], [2], [6]) : 0.9101764475
155 : ([1, 2], [3, 4, 5], [6]) : 0.9086359908
156 : ([1], [2], [3, 4, 5], [6]) : 0.9061476701
157 : ([1, 2, 4, 5], [3], [6]) : 0.9131027127
158 : ([1, 3], [2, 4, 5], [6]) : 0.9110991976
159 : ([1], [2, 4, 5], [3], [6]) : 0.9087379854
160 : ([1, 4, 5], [2, 3], [6]) : 0.9412687658
161 : ([1, 4, 5], [2], [3], [6]) : 0.9058137006
162 : ([1, 2, 3], [4, 5], [6]) : 0.9460771309
163 : ([1], [2, 3], [4, 5], [6]) : 0.9407472436
164 : ([1, 3], [2], [4, 5], [6]) : 0.9075409582
165 : ([1, 2], [3], [4, 5], [6]) : 0.9071540998
166 : ([1], [2], [3], [4, 5], [6]) : 0.9045529616
167 : ([1, 2, 3, 5], [4], [6]) : 0.9358001879
168 : ([1, 4], [2, 3, 5], [6]) : 0.9311866286
169 : ([1], [2, 3, 5], [4], [6]) : 0.9301181570
170 : ([1, 3, 5], [2, 4], [6]) : 0.8999131262
171 : ([1, 3, 5], [2], [4], [6]) : 0.8979721991
172 : ([1, 2, 4], [3, 5], [6]) : 0.8999099373
173 : ([1], [2, 4], [3, 5], [6]) : 0.8954327830
174 : ([1, 4], [2], [3, 5], [6]) : 0.8934711344
175 : ([1, 2], [3, 5], [4], [6]) : 0.8976507138
176 : ([1], [2], [3, 5], [4], [6]) : 0.8934083007
177 : ([1, 2, 5], [3, 4], [6]) : 0.9014735985
178 : ([1, 2, 5], [3], [4], [6]) : 0.9013708873
179 : ([1, 3, 4], [2, 5], [6]) : 0.8993351963
180 : ([1], [2, 5], [3, 4], [6]) : 0.8955318866
181 : ([1, 4], [2, 5], [3], [6]) : 0.8955640094
182 : ([1, 3], [2, 5], [4], [6]) : 0.8983394449
183 : ([1], [2, 5], [3], [4], [6]) : 0.8953264384
184 : ([1, 5], [2, 3, 4], [6]) : 0.9281883640
185 : ([1, 5], [2], [3, 4], [6]) : 0.8936228140
186 : ([1, 5], [2, 4], [3], [6]) : 0.8950949612
187 : ([1, 5], [2, 3], [4], [6]) : 0.9270259375
188 : ([1, 5], [2], [3], [4], [6]) : 0.8935183145
189 : ([1, 2, 3, 4], [5], [6]) : 0.9362580952
190 : ([1], [2, 3, 4], [5], [6]) : 0.9280016202
191 : ([1, 3, 4], [2], [5], [6]) : 0.8969965494
192 : ([1, 2], [3, 4], [5], [6]) : 0.8974964896
193 : ([1], [2], [3, 4], [5], [6]) : 0.8928125302
194 : ([1, 2, 4], [3], [5], [6]) : 0.8993586716
195 : ([1, 3], [2, 4], [5], [6]) : 0.8977047620
196 : ([1], [2, 4], [3], [5], [6]) : 0.8942545156
197 : ([1, 4], [2, 3], [5], [6]) : 0.9275853923
198 : ([1, 4], [2], [3], [5], [6]) : 0.8927320640
199 : ([1, 2, 3], [4], [5], [6]) : 0.9333016889
200 : ([1], [2, 3], [4], [5], [6]) : 0.9268311055
201 : ([1, 3], [2], [4], [5], [6]) : 0.8961340060
202 : ([1, 2], [3], [4], [5], [6]) : 0.8973479449
203 : ([1], [2], [3], [4], [5], [6]) : 0.8926359056
