=== Bootstrap seed: 35 ===
1 : ([1, 2, 3, 4, 5, 6],) : 0.9741232017
2 : ([1], [2, 3, 4, 5, 6]) : 0.9635419097
3 : ([1, 3, 4, 5, 6], [2]) : 0.9350174632
4 : ([1, 2], [3, 4, 5, 6]) : 0.9290811169
5 : ([1], [2], [3, 4, 5, 6]) : 0.9283265432
6 : ([1, 2, 4, 5, 6], [3]) : 0.9354695575
7 : ([1, 3], [2, 4, 5, 6]) : 0.9312124838
8 : ([1], [2, 4, 5, 6], [3]) : 0.9303787152
9 : ([1, 4, 5, 6], [2, 3]) : 0.9607822097
10 : ([1, 4, 5, 6], [2], [3]) : 0.9285470459
11 : ([1, 2, 3], [4, 5, 6]) : 0.9606003482
12 : ([1], [2, 3], [4, 5, 6]) : 0.9592969449
13 : ([1, 3], [2], [4, 5, 6]) : 0.9267910537
14 : ([1, 2], [3], [4, 5, 6]) : 0.9258530114
15 : ([1], [2], [3], [4, 5, 6]) : 0.9254537249
16 : ([1, 2, 3, 5, 6], [4]) : 0.9515025340
17 : ([1, 4], [2, 3, 5, 6]) : 0.9441002718
18 : ([1], [2, 3, 5, 6], [4]) : 0.9433715917
19 : ([1, 3, 5, 6], [2, 4]) : 0.9151926223
20 : ([1, 3, 5, 6], [2], [4]) : 0.9138976190
21 : ([1, 2, 4], [3, 5, 6]) : 0.9164523835
22 : ([1], [2, 4], [3, 5, 6]) : 0.9098614235
23 : ([1, 4], [2], [3, 5, 6]) : 0.9105160859
24 : ([1, 2], [3, 5, 6], [4]) : 0.9091191992
25 : ([1], [2], [3, 5, 6], [4]) : 0.9070979957
26 : ([1, 2, 5, 6], [3, 4]) : 0.9142292763
27 : ([1, 2, 5, 6], [3], [4]) : 0.9142301389
28 : ([1, 3, 4], [2, 5, 6]) : 0.9135894408
29 : ([1], [2, 5, 6], [3, 4]) : 0.9098098882
30 : ([1, 4], [2, 5, 6], [3]) : 0.9128009413
31 : ([1, 3], [2, 5, 6], [4]) : 0.9111410907
32 : ([1], [2, 5, 6], [3], [4]) : 0.9098201037
33 : ([1, 5, 6], [2, 3, 4]) : 0.9436488624
34 : ([1, 5, 6], [2], [3, 4]) : 0.9069636169
35 : ([1, 5, 6], [2, 4], [3]) : 0.9097269107
36 : ([1, 5, 6], [2, 3], [4]) : 0.9413137120
37 : ([1, 5, 6], [2], [3], [4]) : 0.9067326103
38 : ([1, 2, 3, 4], [5, 6]) : 0.9460618850
39 : ([1], [2, 3, 4], [5, 6]) : 0.9420324545
40 : ([1, 3, 4], [2], [5, 6]) : 0.9104554612
41 : ([1, 2], [3, 4], [5, 6]) : 0.9078762744
42 : ([1], [2], [3, 4], [5, 6]) : 0.9060177744
43 : ([1, 2, 4], [3], [5, 6]) : 0.9149883232
44 : ([1, 3], [2, 4], [5, 6]) : 0.9094520253
45 : ([1], [2, 4], [3], [5, 6]) : 0.9085449589
46 : ([1, 4], [2, 3], [5, 6]) : 0.9407301049
47 : ([1, 4], [2], [3], [5, 6]) : 0.9092765433
48 : ([1, 2, 3], [4], [5, 6]) : 0.9432516703
49 : ([1], [2, 3], [4], [5, 6]) : 0.9397419219
50 : ([1, 3], [2], [4], [5, 6]) : 0.9072533797
51 : ([1, 2], [3], [4], [5, 6]) : 0.9073949623
52 : ([1], [2], [3], [4], [5, 6]) : 0.9057922923
53 : ([1, 2, 3, 4, 6], [5]) : 0.9459495725
54 : ([1, 5], [2, 3, 4, 6]) : 0.9427230091
55 : ([1], [2, 3, 4, 6], [5]) : 0.9414863373
56 : ([1, 3, 4, 6], [2, 5]) : 0.9151444830
57 : ([1, 3, 4, 6], [2], [5]) : 0.9123595640
58 : ([1, 2, 5], [3, 4, 6]) : 0.9115026852
59 : ([1], [2, 5], [3, 4, 6]) : 0.9093094189
60 : ([1, 5], [2], [3, 4, 6]) : 0.9060681962
61 : ([1, 2], [3, 4, 6], [5]) : 0.9077919344
62 : ([1], [2], [3, 4, 6], [5]) : 0.9058648287
63 : ([1, 2, 4, 6], [3, 5]) : 0.9165413633
64 : ([1, 2, 4, 6], [3], [5]) : 0.9160122683
65 : ([1, 3, 5], [2, 4, 6]) : 0.9110473599
66 : ([1], [2, 4, 6], [3, 5]) : 0.9091988769
67 : ([1, 5], [2, 4, 6], [3]) : 0.9083259323
68 : ([1, 3], [2, 4, 6], [5]) : 0.9089445684
69 : ([1], [2, 4, 6], [3], [5]) : 0.9082011280
70 : ([1, 4, 6], [2, 3, 5]) : 0.9425466804
71 : ([1, 4, 6], [2], [3, 5]) : 0.9088269889
72 : ([1, 4, 6], [2, 5], [3]) : 0.9106325474
73 : ([1, 4, 6], [2, 3], [5]) : 0.9374195086
74 : ([1, 4, 6], [2], [3], [5]) : 0.9074761656
75 : ([1, 2, 3, 5], [4, 6]) : 0.9454226137
76 : ([1], [2, 3, 5], [4, 6]) : 0.9416248188
77 : ([1, 3, 5], [2], [4, 6]) : 0.9080327456
78 : ([1, 2], [3, 5], [4, 6]) : 0.9072239184
79 : ([1], [2], [3, 5], [4, 6]) : 0.9051718245
80 : ([1, 2, 5], [3], [4, 6]) : 0.9093774609
81 : ([1, 3], [2, 5], [4, 6]) : 0.9079375599
82 : ([1], [2, 5], [3], [4, 6]) : 0.9070648764
83 : ([1, 5], [2, 3], [4, 6]) : 0.9380197502
84 : ([1, 5], [2], [3], [4, 6]) : 0.9037796169
85 : ([1, 2, 3], [4, 6], [5]) : 0.9397997782
86 : ([1], [2, 3], [4, 6], [5]) : 0.9366533776
87 : ([1, 3], [2], [4, 6], [5]) : 0.9044369912
88 : ([1, 2], [3], [4, 6], [5]) : 0.9052372575
89 : ([1], [2], [3], [4, 6], [5]) : 0.9035127704
90 : ([1, 2, 3, 6], [4, 5]) : 0.9469642316
91 : ([1, 2, 3, 6], [4], [5]) : 0.9366216109
92 : ([1, 4, 5], [2, 3, 6]) : 0.9451230328
93 : ([1], [2, 3, 6], [4, 5]) : 0.9429810096
94 : ([1, 5], [2, 3, 6], [4]) : 0.9316171344
95 : ([1, 4], [2, 3, 6], [5]) : 0.9313871670
96 : ([1], [2, 3, 6], [4], [5]) : 0.9300361245
97 : ([1, 3, 6], [2, 4, 5]) : 0.9164344374
98 : ([1, 3, 6], [2], [4, 5]) : 0.9113826357
99 : ([1, 3, 6], [2, 5], [4]) : 0.9040058972
100 : ([1, 3, 6], [2, 4], [5]) : 0.9037521539
101 : ([1, 3, 6], [2], [4], [5]) : 0.9010256447
102 : ([1, 2, 4, 5], [3, 6]) : 0.9163154890
103 : ([1], [2, 4, 5], [3, 6]) : 0.9122181410
104 : ([1, 4, 5], [2], [3, 6]) : 0.9096222198
105 : ([1, 2], [3, 6], [4, 5]) : 0.9068295978
106 : ([1], [2], [3, 6], [4, 5]) : 0.9060673345
107 : ([1, 2, 5], [3, 6], [4]) : 0.9018935475
108 : ([1, 4], [2, 5], [3, 6]) : 0.9022120215
109 : ([1], [2, 5], [3, 6], [4]) : 0.8990189512
110 : ([1, 5], [2, 4], [3, 6]) : 0.8990561055
111 : ([1, 5], [2], [3, 6], [4]) : 0.8957746419
112 : ([1, 2, 4], [3, 6], [5]) : 0.9062960370
113 : ([1], [2, 4], [3, 6], [5]) : 0.8989728325
114 : ([1, 4], [2], [3, 6], [5]) : 0.8993913696
115 : ([1, 2], [3, 6], [4], [5]) : 0.8981023327
116 : ([1], [2], [3, 6], [4], [5]) : 0.8956495564
117 : ([1, 2, 6], [3, 4, 5]) : 0.9097841461
118 : ([1, 2, 6], [3], [4, 5]) : 0.9080875116
119 : ([1, 2, 6], [3, 5], [4]) : 0.9006224021
120 : ([1, 2, 6], [3, 4], [5]) : 0.9001704037
121 : ([1, 2, 6], [3], [4], [5]) : 0.8996777561
122 : ([1, 3, 4, 5], [2, 6]) : 0.9133524731
123 : ([1], [2, 6], [3, 4, 5]) : 0.9071799423
124 : ([1, 4, 5], [2, 6], [3]) : 0.9087596423
125 : ([1, 3], [2, 6], [4, 5]) : 0.9073311461
126 : ([1], [2, 6], [3], [4, 5]) : 0.9054765124
127 : ([1, 3, 5], [2, 6], [4]) : 0.8998151309
128 : ([1, 4], [2, 6], [3, 5]) : 0.8996524324
129 : ([1], [2, 6], [3, 5], [4]) : 0.8963732142
130 : ([1, 5], [2, 6], [3, 4]) : 0.8961584862
131 : ([1, 5], [2, 6], [3], [4]) : 0.8956962877
132 : ([1, 3, 4], [2, 6], [5]) : 0.9003192290
133 : ([1], [2, 6], [3, 4], [5]) : 0.8958757177
134 : ([1, 4], [2, 6], [3], [5]) : 0.8988951829
135 : ([1, 3], [2, 6], [4], [5]) : 0.8968612370
136 : ([1], [2, 6], [3], [4], [5]) : 0.8954461835
137 : ([1, 6], [2, 3, 4, 5]) : 0.9473124237
138 : ([1, 6], [2], [3, 4, 5]) : 0.9070021487
139 : ([1, 6], [2, 4, 5], [3]) : 0.9115787965
140 : ([1, 6], [2, 3], [4, 5]) : 0.9408996835
141 : ([1, 6], [2], [3], [4, 5]) : 0.9052891043
142 : ([1, 6], [2, 3, 5], [4]) : 0.9336556837
143 : ([1, 6], [2, 4], [3, 5]) : 0.8993533121
144 : ([1, 6], [2], [3, 5], [4]) : 0.8962024790
145 : ([1, 6], [2, 5], [3, 4]) : 0.8988733440
146 : ([1, 6], [2, 5], [3], [4]) : 0.8986967002
147 : ([1, 6], [2, 3, 4], [5]) : 0.9315418423
148 : ([1, 6], [2], [3, 4], [5]) : 0.8955139539
149 : ([1, 6], [2, 4], [3], [5]) : 0.8986920008
150 : ([1, 6], [2, 3], [4], [5]) : 0.9281602841
151 : ([1, 6], [2], [3], [4], [5]) : 0.8951696507
152 : ([1, 2, 3, 4, 5], [6]) : 0.9505415884
153 : ([1], [2, 3, 4, 5], [6]) : 0.9472018119
154 : ([1, 3, 4, 5], [2], [6]) : 0.9119323870
155 : ([1, 2], [3, 4, 5], [6]) : 0.9069385214
156 : ([1], [2], [3, 4, 5], [6]) : 0.9058715952
157 : ([1, 2, 4, 5], [3], [6]) : 0.9139979808
158 : ([1, 3], [2, 4, 5], [6]) : 0.9107581930
159 : ([1], [2, 4, 5], [3], [6]) : 0.9097624368
160 : ([1, 4, 5], [2, 3], [6]) : 0.9425352060
161 : ([1, 4, 5], [2], [3], [6]) : 0.9072776619
162 : ([1, 2, 3], [4, 5], [6]) : 0.9431195020
163 : ([1], [2, 3], [4, 5], [6]) : 0.9408473034
164 : ([1, 3], [2], [4, 5], [6]) : 0.9054684157
165 : ([1, 2], [3], [4, 5], [6]) : 0.9045401838
166 : ([1], [2], [3], [4, 5], [6]) : 0.9038960331
167 : ([1, 2, 3, 5], [4], [6]) : 0.9378982653
168 : ([1, 4], [2, 3, 5], [6]) : 0.9345021509
169 : ([1], [2, 3, 5], [4], [6]) : 0.9333926115
170 : ([1, 3, 5], [2, 4], [6]) : 0.8997551891
171 : ([1, 3, 5], [2], [4], [6]) : 0.8979820388
172 : ([1, 2, 4], [3, 5], [6]) : 0.9044161941
173 : ([1], [2, 4], [3, 5], [6]) : 0.8976734158
174 : ([1, 4], [2], [3, 5], [6]) : 0.8980244266
175 : ([1, 2], [3, 5], [4], [6]) : 0.8975210785
176 : ([1], [2], [3, 5], [4], [6]) : 0.8948700505
177 : ([1, 2, 5], [3, 4], [6]) : 0.9002991285
178 : ([1, 2, 5], [3], [4], [6]) : 0.8998958091
179 : ([1, 3, 4], [2, 5], [6]) : 0.9010019561
180 : ([1], [2, 5], [3, 4], [6]) : 0.8972475428
181 : ([1, 4], [2, 5], [3], [6]) : 0.8998852173
182 : ([1, 3], [2, 5], [4], [6]) : 0.8980878262
183 : ([1], [2, 5], [3], [4], [6]) : 0.8970142156
184 : ([1, 5], [2, 3, 4], [6]) : 0.9323845490
185 : ([1, 5], [2], [3, 4], [6]) : 0.8944533505
186 : ([1, 5], [2, 4], [3], [6]) : 0.8970564300
187 : ([1, 5], [2, 3], [4], [6]) : 0.9291801203
188 : ([1, 5], [2], [3], [4], [6]) : 0.8939442089
189 : ([1, 2, 3, 4], [5], [6]) : 0.9363179897
190 : ([1], [2, 3, 4], [5], [6]) : 0.9313224237
191 : ([1, 3, 4], [2], [5], [6]) : 0.8986525997
192 : ([1, 2], [3, 4], [5], [6]) : 0.8966725899
193 : ([1], [2], [3, 4], [5], [6]) : 0.8942116290
194 : ([1, 2, 4], [3], [5], [6]) : 0.9037637533
195 : ([1, 3], [2, 4], [5], [6]) : 0.8977166674
196 : ([1], [2, 4], [3], [5], [6]) : 0.8969226507
197 : ([1, 4], [2, 3], [5], [6]) : 0.9292509423
198 : ([1, 4], [2], [3], [5], [6]) : 0.8971516560
199 : ([1, 2, 3], [4], [5], [6]) : 0.9323710039
200 : ([1], [2, 3], [4], [5], [6]) : 0.9280055181
201 : ([1, 3], [2], [4], [5], [6]) : 0.8949457258
202 : ([1, 2], [3], [4], [5], [6]) : 0.8959803355
203 : ([1], [2], [3], [4], [5], [6]) : 0.8937465656
