=== Bootstrap seed: 32 ===
1 : ([1, 2, 3, 4, 5, 6],) : 0.9643750221
2 : ([1], [2, 3, 4, 5, 6]) : 0.9595735243
3 : ([1, 3, 4, 5, 6], [2]) : 0.9274810091
4 : ([1, 2], [3, 4, 5, 6]) : 0.9234545878
5 : ([1], [2], [3, 4, 5, 6]) : 0.9215550420
6 : ([1, 2, 4, 5, 6], [3]) : 0.9326130797
7 : ([1, 3], [2, 4, 5, 6]) : 0.9258137141
8 : ([1], [2, 4, 5, 6], [3]) : 0.9251106366
9 : ([1, 4, 5, 6], [2, 3]) : 0.9586271500
10 : ([1, 4, 5, 6], [2], [3]) : 0.9224923879
11 : ([1, 2, 3], [4, 5, 6]) : 0.9588405185
12 : ([1], [2, 3], [4, 5, 6]) : 0.9568207610
13 : ([1, 3], [2], [4, 5, 6]) : 0.9201170432
14 : ([1, 2], [3], [4, 5, 6]) : 0.9216788248
15 : ([1], [2], [3], [4, 5, 6]) : 0.9194916594
16 : ([1, 2, 3, 5, 6], [4]) : 0.9450848353
17 : ([1, 4], [2, 3, 5, 6]) : 0.9417437623
18 : ([1], [2, 3, 5, 6], [4]) : 0.9406952557
19 : ([1, 3, 5, 6], [2, 4]) : 0.9108098403
20 : ([1, 3, 5, 6], [2], [4]) : 0.9093515301
21 : ([1, 2, 4], [3, 5, 6]) : 0.9102993070
22 : ([1], [2, 4], [3, 5, 6]) : 0.9057165653
23 : ([1, 4], [2], [3, 5, 6]) : 0.9055564914
24 : ([1, 2], [3, 5, 6], [4]) : 0.9075236887
25 : ([1], [2], [3, 5, 6], [4]) : 0.9048167086
26 : ([1, 2, 5, 6], [3, 4]) : 0.9125169550
27 : ([1, 2, 5, 6], [3], [4]) : 0.9122001657
28 : ([1, 3, 4], [2, 5, 6]) : 0.9074027122
29 : ([1], [2, 5, 6], [3, 4]) : 0.9056184083
30 : ([1, 4], [2, 5, 6], [3]) : 0.9062888508
31 : ([1, 3], [2, 5, 6], [4]) : 0.9059941300
32 : ([1], [2, 5, 6], [3], [4]) : 0.9053629856
33 : ([1, 5, 6], [2, 3, 4]) : 0.9396894726
34 : ([1, 5, 6], [2], [3, 4]) : 0.9052991876
35 : ([1, 5, 6], [2, 4], [3]) : 0.9058045544
36 : ([1, 5, 6], [2, 3], [4]) : 0.9369884738
37 : ([1, 5, 6], [2], [3], [4]) : 0.9049910622
38 : ([1, 2, 3, 4], [5, 6]) : 0.9430510848
39 : ([1], [2, 3, 4], [5, 6]) : 0.9395238970
40 : ([1, 3, 4], [2], [5, 6]) : 0.9057068079
41 : ([1, 2], [3, 4], [5, 6]) : 0.9063318618
42 : ([1], [2], [3, 4], [5, 6]) : 0.9035862512
43 : ([1, 2, 4], [3], [5, 6]) : 0.9092459975
44 : ([1, 3], [2, 4], [5, 6]) : 0.9054522801
45 : ([1], [2, 4], [3], [5, 6]) : 0.9041996304
46 : ([1, 4], [2, 3], [5, 6]) : 0.9378383414
47 : ([1, 4], [2], [3], [5, 6]) : 0.9042147226
48 : ([1, 2, 3], [4], [5, 6]) : 0.9398157860
49 : ([1], [2, 3], [4], [5, 6]) : 0.9366481567
50 : ([1, 3], [2], [4], [5, 6]) : 0.9043025337
51 : ([1, 2], [3], [4], [5, 6]) : 0.9062184412
52 : ([1], [2], [3], [4], [5, 6]) : 0.9033565628
53 : ([1, 2, 3, 4, 6], [5]) : 0.9437466032
54 : ([1, 5], [2, 3, 4, 6]) : 0.9369275899
55 : ([1], [2, 3, 4, 6], [5]) : 0.9368091441
56 : ([1, 3, 4, 6], [2, 5]) : 0.9063795673
57 : ([1, 3, 4, 6], [2], [5]) : 0.9046336384
58 : ([1, 2, 5], [3, 4, 6]) : 0.9099050491
59 : ([1], [2, 5], [3, 4, 6]) : 0.9027154763
60 : ([1, 5], [2], [3, 4, 6]) : 0.9015381829
61 : ([1, 2], [3, 4, 6], [5]) : 0.9050562484
62 : ([1], [2], [3, 4, 6], [5]) : 0.9006708878
63 : ([1, 2, 4, 6], [3, 5]) : 0.9104662658
64 : ([1, 2, 4, 6], [3], [5]) : 0.9101024365
65 : ([1, 3, 5], [2, 4, 6]) : 0.9060106015
66 : ([1], [2, 4, 6], [3, 5]) : 0.9028361042
67 : ([1, 5], [2, 4, 6], [3]) : 0.9032832521
68 : ([1, 3], [2, 4, 6], [5]) : 0.9034993833
69 : ([1], [2, 4, 6], [3], [5]) : 0.9022019040
70 : ([1, 4, 6], [2, 3, 5]) : 0.9363498770
71 : ([1, 4, 6], [2], [3, 5]) : 0.9012386777
72 : ([1, 4, 6], [2, 5], [3]) : 0.9023570538
73 : ([1, 4, 6], [2, 3], [5]) : 0.9334027681
74 : ([1, 4, 6], [2], [3], [5]) : 0.9005019524
75 : ([1, 2, 3, 5], [4, 6]) : 0.9406470004
76 : ([1], [2, 3, 5], [4, 6]) : 0.9347894301
77 : ([1, 3, 5], [2], [4, 6]) : 0.9017270914
78 : ([1, 2], [3, 5], [4, 6]) : 0.9038220992
79 : ([1], [2], [3, 5], [4, 6]) : 0.8993213636
80 : ([1, 2, 5], [3], [4, 6]) : 0.9081476587
81 : ([1, 3], [2, 5], [4, 6]) : 0.9012948419
82 : ([1], [2, 5], [3], [4, 6]) : 0.9006253050
83 : ([1, 5], [2, 3], [4, 6]) : 0.9322256107
84 : ([1, 5], [2], [3], [4, 6]) : 0.8995459916
85 : ([1, 2, 3], [4, 6], [5]) : 0.9382146712
86 : ([1], [2, 3], [4, 6], [5]) : 0.9321240355
87 : ([1, 3], [2], [4, 6], [5]) : 0.8993771028
88 : ([1, 2], [3], [4, 6], [5]) : 0.9031528915
89 : ([1], [2], [3], [4, 6], [5]) : 0.8985765811
90 : ([1, 2, 3, 6], [4, 5]) : 0.9451113191
91 : ([1, 2, 3, 6], [4], [5]) : 0.9338405029
92 : ([1, 4, 5], [2, 3, 6]) : 0.9418679007
93 : ([1], [2, 3, 6], [4, 5]) : 0.9414056785
94 : ([1, 5], [2, 3, 6], [4]) : 0.9280458556
95 : ([1, 4], [2, 3, 6], [5]) : 0.9283698317
96 : ([1], [2, 3, 6], [4], [5]) : 0.9278940653
97 : ([1, 3, 6], [2, 4, 5]) : 0.9073598968
98 : ([1, 3, 6], [2], [4, 5]) : 0.9034340130
99 : ([1, 3, 6], [2, 5], [4]) : 0.8956482179
100 : ([1, 3, 6], [2, 4], [5]) : 0.8961198226
101 : ([1, 3, 6], [2], [4], [5]) : 0.8942850686
102 : ([1, 2, 4, 5], [3, 6]) : 0.9106105790
103 : ([1], [2, 4, 5], [3, 6]) : 0.9042086354
104 : ([1, 4, 5], [2], [3, 6]) : 0.9023700008
105 : ([1, 2], [3, 6], [4, 5]) : 0.9026107642
106 : ([1], [2], [3, 6], [4, 5]) : 0.9004474259
107 : ([1, 2, 5], [3, 6], [4]) : 0.9006650800
108 : ([1, 4], [2, 5], [3, 6]) : 0.8935440303
109 : ([1], [2, 5], [3, 6], [4]) : 0.8932576182
110 : ([1, 5], [2, 4], [3, 6]) : 0.8941991469
111 : ([1, 5], [2], [3, 6], [4]) : 0.8930304711
112 : ([1, 2, 4], [3, 6], [5]) : 0.8978234278
113 : ([1], [2, 4], [3, 6], [5]) : 0.8926720547
114 : ([1, 4], [2], [3, 6], [5]) : 0.8918034939
115 : ([1, 2], [3, 6], [4], [5]) : 0.8952852861
116 : ([1], [2], [3, 6], [4], [5]) : 0.8914675088
117 : ([1, 2, 6], [3, 4, 5]) : 0.9038732742
118 : ([1, 2, 6], [3], [4, 5]) : 0.9022008079
119 : ([1, 2, 6], [3, 5], [4]) : 0.8962959141
120 : ([1, 2, 6], [3, 4], [5]) : 0.8954539263
121 : ([1, 2, 6], [3], [4], [5]) : 0.8951697095
122 : ([1, 3, 4, 5], [2, 6]) : 0.9053226227
123 : ([1], [2, 6], [3, 4, 5]) : 0.9005011406
124 : ([1, 4, 5], [2, 6], [3]) : 0.9011757809
125 : ([1, 3], [2, 6], [4, 5]) : 0.8997288389
126 : ([1], [2, 6], [3], [4, 5]) : 0.8988392504
127 : ([1, 3, 5], [2, 6], [4]) : 0.8948966824
128 : ([1, 4], [2, 6], [3, 5]) : 0.8918897810
129 : ([1], [2, 6], [3, 5], [4]) : 0.8913989115
130 : ([1, 5], [2, 6], [3, 4]) : 0.8930733879
131 : ([1, 5], [2, 6], [3], [4]) : 0.8924594755
132 : ([1, 3, 4], [2, 6], [5]) : 0.8926302774
133 : ([1], [2, 6], [3, 4], [5]) : 0.8908767714
134 : ([1, 4], [2, 6], [3], [5]) : 0.8909316674
135 : ([1, 3], [2, 6], [4], [5]) : 0.8915191751
136 : ([1], [2, 6], [3], [4], [5]) : 0.8904863557
137 : ([1, 6], [2, 3, 4, 5]) : 0.9437051771
138 : ([1, 6], [2], [3, 4, 5]) : 0.9006673951
139 : ([1, 6], [2, 4, 5], [3]) : 0.9028862376
140 : ([1, 6], [2, 3], [4, 5]) : 0.9397348145
141 : ([1, 6], [2], [3], [4, 5]) : 0.8991306453
142 : ([1, 6], [2, 3, 5], [4]) : 0.9282275960
143 : ([1, 6], [2, 4], [3, 5]) : 0.8924861915
144 : ([1, 6], [2], [3, 5], [4]) : 0.8913682787
145 : ([1, 6], [2, 5], [3, 4]) : 0.8929347379
146 : ([1, 6], [2, 5], [3], [4]) : 0.8924120745
147 : ([1, 6], [2, 3, 4], [5]) : 0.9288599424
148 : ([1, 6], [2], [3, 4], [5]) : 0.8908772554
149 : ([1, 6], [2, 4], [3], [5]) : 0.8916617823
150 : ([1, 6], [2, 3], [4], [5]) : 0.9254168728
151 : ([1, 6], [2], [3], [4], [5]) : 0.8904906863
152 : ([1, 2, 3, 4, 5], [6]) : 0.9482912974
153 : ([1], [2, 3, 4, 5], [6]) : 0.9436176215
154 : ([1, 3, 4, 5], [2], [6]) : 0.9053629725
155 : ([1, 2], [3, 4, 5], [6]) : 0.9026062083
156 : ([1], [2], [3, 4, 5], [6]) : 0.9003958531
157 : ([1, 2, 4, 5], [3], [6]) : 0.9094877145
158 : ([1, 3], [2, 4, 5], [6]) : 0.9038143552
159 : ([1], [2, 4, 5], [3], [6]) : 0.9026251080
160 : ([1, 4, 5], [2, 3], [6]) : 0.9402028064
161 : ([1, 4, 5], [2], [3], [6]) : 0.9010764257
162 : ([1, 2, 3], [4, 5], [6]) : 0.9427585679
163 : ([1], [2, 3], [4, 5], [6]) : 0.9396911204
164 : ([1, 3], [2], [4, 5], [6]) : 0.8996693912
165 : ([1, 2], [3], [4, 5], [6]) : 0.9009784128
166 : ([1], [2], [3], [4, 5], [6]) : 0.8987123515
167 : ([1, 2, 3, 5], [4], [6]) : 0.9338134098
168 : ([1, 4], [2, 3, 5], [6]) : 0.9290078937
169 : ([1], [2, 3, 5], [4], [6]) : 0.9281907837
170 : ([1, 3, 5], [2, 4], [6]) : 0.8963806819
171 : ([1, 3, 5], [2], [4], [6]) : 0.8946847072
172 : ([1, 2, 4], [3, 5], [6]) : 0.8973292790
173 : ([1], [2, 4], [3, 5], [6]) : 0.8921055187
174 : ([1, 4], [2], [3, 5], [6]) : 0.8914689099
175 : ([1, 2], [3, 5], [4], [6]) : 0.8949011193
176 : ([1], [2], [3, 5], [4], [6]) : 0.8909960007
177 : ([1, 2, 5], [3, 4], [6]) : 0.9006163206
178 : ([1, 2, 5], [3], [4], [6]) : 0.8999741052
179 : ([1, 3, 4], [2, 5], [6]) : 0.8941096086
180 : ([1], [2, 5], [3, 4], [6]) : 0.8926294281
181 : ([1, 4], [2, 5], [3], [6]) : 0.8924432690
182 : ([1, 3], [2, 5], [4], [6]) : 0.8929101328
183 : ([1], [2, 5], [3], [4], [6]) : 0.8920744562
184 : ([1, 5], [2, 3, 4], [6]) : 0.9291154596
185 : ([1, 5], [2], [3, 4], [6]) : 0.8928525368
186 : ([1, 5], [2, 4], [3], [6]) : 0.8932900597
187 : ([1, 5], [2, 3], [4], [6]) : 0.9256287656
188 : ([1, 5], [2], [3], [4], [6]) : 0.8921677095
189 : ([1, 2, 3, 4], [5], [6]) : 0.9343068407
190 : ([1], [2, 3, 4], [5], [6]) : 0.9288946736
191 : ([1, 3, 4], [2], [5], [6]) : 0.8924113151
192 : ([1, 2], [3, 4], [5], [6]) : 0.8943125158
193 : ([1], [2], [3, 4], [5], [6]) : 0.8905678589
194 : ([1, 2, 4], [3], [5], [6]) : 0.8966230674
195 : ([1, 3], [2, 4], [5], [6]) : 0.8929060546
196 : ([1], [2, 4], [3], [5], [6]) : 0.8912856664
197 : ([1, 4], [2, 3], [5], [6]) : 0.9260655277
198 : ([1, 4], [2], [3], [5], [6]) : 0.8905355907
199 : ([1, 2, 3], [4], [5], [6]) : 0.9307792091
200 : ([1], [2, 3], [4], [5], [6]) : 0.9254426234
201 : ([1, 3], [2], [4], [5], [6]) : 0.8912303846
202 : ([1, 2], [3], [4], [5], [6]) : 0.8939710958
203 : ([1], [2], [3], [4], [5], [6]) : 0.8901177010
