=== Bootstrap seed: 24 ===
1 : ([1, 2, 3, 4, 5, 6],) : 0.9630057159
2 : ([1], [2, 3, 4, 5, 6]) : 0.9556584041
3 : ([1, 3, 4, 5, 6], [2]) : 0.9253284696
4 : ([1, 2], [3, 4, 5, 6]) : 0.9185352480
5 : ([1], [2], [3, 4, 5, 6]) : 0.9155561928
6 : ([1, 2, 4, 5, 6], [3]) : 0.9258281349
7 : ([1, 3], [2, 4, 5, 6]) : 0.9180304917
8 : ([1], [2, 4, 5, 6], [3]) : 0.9170470092
9 : ([1, 4, 5, 6], [2, 3]) : 0.9547868382
10 : ([1, 4, 5, 6], [2], [3]) : 0.9186109477
11 : ([1, 2, 3], [4, 5, 6]) : 0.9556736566
12 : ([1], [2, 3], [4, 5, 6]) : 0.9527628369
13 : ([1, 3], [2], [4, 5, 6]) : 0.9140221864
14 : ([1, 2], [3], [4, 5, 6]) : 0.9161846391
15 : ([1], [2], [3], [4, 5, 6]) : 0.9128774540
16 : ([1, 2, 3, 5, 6], [4]) : 0.9430168705
17 : ([1, 4], [2, 3, 5, 6]) : 0.9365534861
18 : ([1], [2, 3, 5, 6], [4]) : 0.9360751483
19 : ([1, 3, 5, 6], [2, 4]) : 0.9063255885
20 : ([1, 3, 5, 6], [2], [4]) : 0.9056281888
21 : ([1, 2, 4], [3, 5, 6]) : 0.9088712039
22 : ([1], [2, 4], [3, 5, 6]) : 0.9015525364
23 : ([1, 4], [2], [3, 5, 6]) : 0.9042481706
24 : ([1, 2], [3, 5, 6], [4]) : 0.9043849547
25 : ([1], [2], [3, 5, 6], [4]) : 0.9005051147
26 : ([1, 2, 5, 6], [3, 4]) : 0.9104283778
27 : ([1, 2, 5, 6], [3], [4]) : 0.9091183934
28 : ([1, 3, 4], [2, 5, 6]) : 0.9081444216
29 : ([1], [2, 5, 6], [3, 4]) : 0.9040668234
30 : ([1, 4], [2, 5, 6], [3]) : 0.9056132514
31 : ([1, 3], [2, 5, 6], [4]) : 0.9030376886
32 : ([1], [2, 5, 6], [3], [4]) : 0.9025351603
33 : ([1, 5, 6], [2, 3, 4]) : 0.9350763052
34 : ([1, 5, 6], [2], [3, 4]) : 0.9012780876
35 : ([1, 5, 6], [2, 4], [3]) : 0.9000431367
36 : ([1, 5, 6], [2, 3], [4]) : 0.9331432210
37 : ([1, 5, 6], [2], [3], [4]) : 0.8992258191
38 : ([1, 2, 3, 4], [5, 6]) : 0.9375623157
39 : ([1], [2, 3, 4], [5, 6]) : 0.9344046699
40 : ([1, 3, 4], [2], [5, 6]) : 0.9056138746
41 : ([1, 2], [3, 4], [5, 6]) : 0.9047258238
42 : ([1], [2], [3, 4], [5, 6]) : 0.9007924868
43 : ([1, 2, 4], [3], [5, 6]) : 0.9072809053
44 : ([1, 3], [2, 4], [5, 6]) : 0.9002263306
45 : ([1], [2, 4], [3], [5, 6]) : 0.8995484513
46 : ([1, 4], [2, 3], [5, 6]) : 0.9327162602
47 : ([1, 4], [2], [3], [5, 6]) : 0.9022612611
48 : ([1, 2, 3], [4], [5, 6]) : 0.9351434240
49 : ([1], [2, 3], [4], [5, 6]) : 0.9322309516
50 : ([1, 3], [2], [4], [5, 6]) : 0.8992193861
51 : ([1, 2], [3], [4], [5, 6]) : 0.9026075826
52 : ([1], [2], [3], [4], [5, 6]) : 0.8985432064
53 : ([1, 2, 3, 4, 6], [5]) : 0.9402361229
54 : ([1, 5], [2, 3, 4, 6]) : 0.9347636386
55 : ([1], [2, 3, 4, 6], [5]) : 0.9344184549
56 : ([1, 3, 4, 6], [2, 5]) : 0.9093065145
57 : ([1, 3, 4, 6], [2], [5]) : 0.9068642386
58 : ([1, 2, 5], [3, 4, 6]) : 0.9081004862
59 : ([1], [2, 5], [3, 4, 6]) : 0.9006932409
60 : ([1, 5], [2], [3, 4, 6]) : 0.8968074443
61 : ([1, 2], [3, 4, 6], [5]) : 0.9027444329
62 : ([1], [2], [3, 4, 6], [5]) : 0.8967081605
63 : ([1, 2, 4, 6], [3, 5]) : 0.9076903721
64 : ([1, 2, 4, 6], [3], [5]) : 0.9072562949
65 : ([1, 3, 5], [2, 4, 6]) : 0.8977288741
66 : ([1], [2, 4, 6], [3, 5]) : 0.8966627097
67 : ([1, 5], [2, 4, 6], [3]) : 0.8960345139
68 : ([1, 3], [2, 4, 6], [5]) : 0.8965125093
69 : ([1], [2, 4, 6], [3], [5]) : 0.8960821037
70 : ([1, 4, 6], [2, 3, 5]) : 0.9345812648
71 : ([1, 4, 6], [2], [3, 5]) : 0.8993273070
72 : ([1, 4, 6], [2, 5], [3]) : 0.9021180120
73 : ([1, 4, 6], [2, 3], [5]) : 0.9315235268
74 : ([1, 4, 6], [2], [3], [5]) : 0.8988665299
75 : ([1, 2, 3, 5], [4, 6]) : 0.9380813758
76 : ([1], [2, 3, 5], [4, 6]) : 0.9329215554
77 : ([1, 3, 5], [2], [4, 6]) : 0.8945195551
78 : ([1, 2], [3, 5], [4, 6]) : 0.8990787882
79 : ([1], [2], [3, 5], [4, 6]) : 0.8930766705
80 : ([1, 2, 5], [3], [4, 6]) : 0.9040039070
81 : ([1, 3], [2, 5], [4, 6]) : 0.8972787331
82 : ([1], [2, 5], [3], [4, 6]) : 0.8970556870
83 : ([1, 5], [2, 3], [4, 6]) : 0.9300249158
84 : ([1, 5], [2], [3], [4, 6]) : 0.8928223025
85 : ([1, 2, 3], [4, 6], [5]) : 0.9326166644
86 : ([1], [2, 3], [4, 6], [5]) : 0.9295664454
87 : ([1, 3], [2], [4, 6], [5]) : 0.8931633243
88 : ([1, 2], [3], [4, 6], [5]) : 0.8987926232
89 : ([1], [2], [3], [4, 6], [5]) : 0.8928052943
90 : ([1, 2, 3, 6], [4, 5]) : 0.9396535299
91 : ([1, 2, 3, 6], [4], [5]) : 0.9278195820
92 : ([1, 4, 5], [2, 3, 6]) : 0.9347979942
93 : ([1], [2, 3, 6], [4, 5]) : 0.9340629021
94 : ([1, 5], [2, 3, 6], [4]) : 0.9218753719
95 : ([1, 4], [2, 3, 6], [5]) : 0.9224371657
96 : ([1], [2, 3, 6], [4], [5]) : 0.9215472932
97 : ([1, 3, 6], [2, 4, 5]) : 0.9057362371
98 : ([1, 3, 6], [2], [4, 5]) : 0.9021246957
99 : ([1, 3, 6], [2, 5], [4]) : 0.8944461382
100 : ([1, 3, 6], [2, 4], [5]) : 0.8924386351
101 : ([1, 3, 6], [2], [4], [5]) : 0.8913484335
102 : ([1, 2, 4, 5], [3, 6]) : 0.9091391121
103 : ([1], [2, 4, 5], [3, 6]) : 0.9011523004
104 : ([1, 4, 5], [2], [3, 6]) : 0.8996818976
105 : ([1, 2], [3, 6], [4, 5]) : 0.9001525149
106 : ([1], [2], [3, 6], [4, 5]) : 0.8960823155
107 : ([1, 2, 5], [3, 6], [4]) : 0.8976187394
108 : ([1, 4], [2, 5], [3, 6]) : 0.8933957591
109 : ([1], [2, 5], [3, 6], [4]) : 0.8903443556
110 : ([1, 5], [2, 4], [3, 6]) : 0.8875067088
111 : ([1, 5], [2], [3, 6], [4]) : 0.8863117838
112 : ([1, 2, 4], [3, 6], [5]) : 0.8969009985
113 : ([1], [2, 4], [3, 6], [5]) : 0.8875940661
114 : ([1, 4], [2], [3, 6], [5]) : 0.8898059222
115 : ([1, 2], [3, 6], [4], [5]) : 0.8924687276
116 : ([1], [2], [3, 6], [4], [5]) : 0.8862489225
117 : ([1, 2, 6], [3, 4, 5]) : 0.9037707607
118 : ([1, 2, 6], [3], [4, 5]) : 0.9024168540
119 : ([1, 2, 6], [3, 5], [4]) : 0.8960701510
120 : ([1, 2, 6], [3, 4], [5]) : 0.8976147700
121 : ([1, 2, 6], [3], [4], [5]) : 0.8953424388
122 : ([1, 3, 4, 5], [2, 6]) : 0.9025151320
123 : ([1], [2, 6], [3, 4, 5]) : 0.8976553996
124 : ([1, 4, 5], [2, 6], [3]) : 0.8994632178
125 : ([1, 3], [2, 6], [4, 5]) : 0.8968882042
126 : ([1], [2, 6], [3], [4, 5]) : 0.8961677357
127 : ([1, 3, 5], [2, 6], [4]) : 0.8892050716
128 : ([1, 4], [2, 6], [3, 5]) : 0.8910693142
129 : ([1], [2, 6], [3, 5], [4]) : 0.8876741914
130 : ([1, 5], [2, 6], [3, 4]) : 0.8898441927
131 : ([1, 5], [2, 6], [3], [4]) : 0.8872094987
132 : ([1, 3, 4], [2, 6], [5]) : 0.8939411756
133 : ([1], [2, 6], [3, 4], [5]) : 0.8897568735
134 : ([1, 4], [2, 6], [3], [5]) : 0.8903411192
135 : ([1, 3], [2, 6], [4], [5]) : 0.8875183731
136 : ([1], [2, 6], [3], [4], [5]) : 0.8871287140
137 : ([1, 6], [2, 3, 4, 5]) : 0.9370639618
138 : ([1, 6], [2], [3, 4, 5]) : 0.8980571171
139 : ([1, 6], [2, 4, 5], [3]) : 0.9014629947
140 : ([1, 6], [2, 3], [4, 5]) : 0.9325619758
141 : ([1, 6], [2], [3], [4, 5]) : 0.8964372554
142 : ([1, 6], [2, 3, 5], [4]) : 0.9244458373
143 : ([1, 6], [2, 4], [3, 5]) : 0.8887766870
144 : ([1, 6], [2], [3, 5], [4]) : 0.8872741787
145 : ([1, 6], [2, 5], [3, 4]) : 0.8936005720
146 : ([1, 6], [2, 5], [3], [4]) : 0.8908385818
147 : ([1, 6], [2, 3, 4], [5]) : 0.9232054365
148 : ([1, 6], [2], [3, 4], [5]) : 0.8896610898
149 : ([1, 6], [2, 4], [3], [5]) : 0.8879760545
150 : ([1, 6], [2, 3], [4], [5]) : 0.9203345154
151 : ([1, 6], [2], [3], [4], [5]) : 0.8866592967
152 : ([1, 2, 3, 4, 5], [6]) : 0.9406402366
153 : ([1], [2, 3, 4, 5], [6]) : 0.9364716192
154 : ([1, 3, 4, 5], [2], [6]) : 0.9020962473
155 : ([1, 2], [3, 4, 5], [6]) : 0.9009345188
156 : ([1], [2], [3, 4, 5], [6]) : 0.8969162421
157 : ([1, 2, 4, 5], [3], [6]) : 0.9085300496
158 : ([1, 3], [2, 4, 5], [6]) : 0.9010541499
159 : ([1], [2, 4, 5], [3], [6]) : 0.9005177367
160 : ([1, 4, 5], [2, 3], [6]) : 0.9325758375
161 : ([1, 4, 5], [2], [3], [6]) : 0.8986212300
162 : ([1, 2, 3], [4, 5], [6]) : 0.9345306437
163 : ([1], [2, 3], [4, 5], [6]) : 0.9318384293
164 : ([1, 3], [2], [4, 5], [6]) : 0.8958943132
165 : ([1, 2], [3], [4, 5], [6]) : 0.8992228675
166 : ([1], [2], [3], [4, 5], [6]) : 0.8951045185
167 : ([1, 2, 3, 5], [4], [6]) : 0.9290811621
168 : ([1, 4], [2, 3, 5], [6]) : 0.9246324617
169 : ([1], [2, 3, 5], [4], [6]) : 0.9238953844
170 : ([1, 3, 5], [2, 4], [6]) : 0.8886842660
171 : ([1, 3, 5], [2], [4], [6]) : 0.8874681114
172 : ([1, 2, 4], [3, 5], [6]) : 0.8970779829
173 : ([1], [2, 4], [3, 5], [6]) : 0.8877445575
174 : ([1, 4], [2], [3, 5], [6]) : 0.8898060706
175 : ([1, 2], [3, 5], [4], [6]) : 0.8922655503
176 : ([1], [2], [3, 5], [4], [6]) : 0.8860337133
177 : ([1, 2, 5], [3, 4], [6]) : 0.8997511731
178 : ([1, 2, 5], [3], [4], [6]) : 0.8969750855
179 : ([1, 3, 4], [2, 5], [6]) : 0.8967509810
180 : ([1], [2, 5], [3, 4], [6]) : 0.8928972725
181 : ([1, 4], [2, 5], [3], [6]) : 0.8929589043
182 : ([1, 3], [2, 5], [4], [6]) : 0.8902948816
183 : ([1], [2, 5], [3], [4], [6]) : 0.8899048462
184 : ([1, 5], [2, 3, 4], [6]) : 0.9231322390
185 : ([1, 5], [2], [3, 4], [6]) : 0.8888184578
186 : ([1, 5], [2, 4], [3], [6]) : 0.8869151815
187 : ([1, 5], [2, 3], [4], [6]) : 0.9200556077
188 : ([1, 5], [2], [3], [4], [6]) : 0.8855367610
189 : ([1, 2, 3, 4], [5], [6]) : 0.9268288043
190 : ([1], [2, 3, 4], [5], [6]) : 0.9228932166
191 : ([1, 3, 4], [2], [5], [6]) : 0.8932842371
192 : ([1, 2], [3, 4], [5], [6]) : 0.8947939064
193 : ([1], [2], [3, 4], [5], [6]) : 0.8887817347
194 : ([1, 2, 4], [3], [5], [6]) : 0.8964721009
195 : ([1, 3], [2, 4], [5], [6]) : 0.8874419216
196 : ([1], [2, 4], [3], [5], [6]) : 0.8870274075
197 : ([1, 4], [2, 3], [5], [6]) : 0.9206273343
198 : ([1, 4], [2], [3], [5], [6]) : 0.8891237473
199 : ([1, 2, 3], [4], [5], [6]) : 0.9232868511
200 : ([1], [2, 3], [4], [5], [6]) : 0.9197822786
201 : ([1, 3], [2], [4], [5], [6]) : 0.8859757485
202 : ([1, 2], [3], [4], [5], [6]) : 0.8917782801
203 : ([1], [2], [3], [4], [5], [6]) : 0.8855297981
