=== Bootstrap seed: 29 ===
1 : ([1, 2, 3, 4, 5, 6],) : 0.9616806644
2 : ([1], [2, 3, 4, 5, 6]) : 0.9579351030
3 : ([1, 3, 4, 5, 6], [2]) : 0.9311899956
4 : ([1, 2], [3, 4, 5, 6]) : 0.9224208932
5 : ([1], [2], [3, 4, 5, 6]) : 0.9200773451
6 : ([1, 2, 4, 5, 6], [3]) : 0.9314799756
7 : ([1, 3], [2, 4, 5, 6]) : 0.9267978191
8 : ([1], [2, 4, 5, 6], [3]) : 0.9225898272
9 : ([1, 4, 5, 6], [2, 3]) : 0.9555271123
10 : ([1, 4, 5, 6], [2], [3]) : 0.9220933262
11 : ([1, 2, 3], [4, 5, 6]) : 0.9572974552
12 : ([1], [2, 3], [4, 5, 6]) : 0.9547135988
13 : ([1, 3], [2], [4, 5, 6]) : 0.9227596380
14 : ([1, 2], [3], [4, 5, 6]) : 0.9212371364
15 : ([1], [2], [3], [4, 5, 6]) : 0.9184609461
16 : ([1, 2, 3, 5, 6], [4]) : 0.9369872534
17 : ([1, 4], [2, 3, 5, 6]) : 0.9297797963
18 : ([1], [2, 3, 5, 6], [4]) : 0.9286971337
19 : ([1, 3, 5, 6], [2, 4]) : 0.9038738675
20 : ([1, 3, 5, 6], [2], [4]) : 0.9020399505
21 : ([1, 2, 4], [3, 5, 6]) : 0.9058920030
22 : ([1], [2, 4], [3, 5, 6]) : 0.8941684073
23 : ([1, 4], [2], [3, 5, 6]) : 0.8970190748
24 : ([1, 2], [3, 5, 6], [4]) : 0.8982574680
25 : ([1], [2], [3, 5, 6], [4]) : 0.8925560170
26 : ([1, 2, 5, 6], [3, 4]) : 0.9040334879
27 : ([1, 2, 5, 6], [3], [4]) : 0.9025158560
28 : ([1, 3, 4], [2, 5, 6]) : 0.9022249617
29 : ([1], [2, 5, 6], [3, 4]) : 0.8940758326
30 : ([1, 4], [2, 5, 6], [3]) : 0.8954625576
31 : ([1, 3], [2, 5, 6], [4]) : 0.8966321546
32 : ([1], [2, 5, 6], [3], [4]) : 0.8924551388
33 : ([1, 5, 6], [2, 3, 4]) : 0.9272252792
34 : ([1, 5, 6], [2], [3, 4]) : 0.8936540806
35 : ([1, 5, 6], [2, 4], [3]) : 0.8941402304
36 : ([1, 5, 6], [2, 3], [4]) : 0.9239284147
37 : ([1, 5, 6], [2], [3], [4]) : 0.8922546445
38 : ([1, 2, 3, 4], [5, 6]) : 0.9346680223
39 : ([1], [2, 3, 4], [5, 6]) : 0.9262368212
40 : ([1, 3, 4], [2], [5, 6]) : 0.9011690057
41 : ([1, 2], [3, 4], [5, 6]) : 0.8970130281
42 : ([1], [2], [3, 4], [5, 6]) : 0.8910018979
43 : ([1, 2, 4], [3], [5, 6]) : 0.9036993659
44 : ([1, 3], [2, 4], [5, 6]) : 0.8970558014
45 : ([1], [2, 4], [3], [5, 6]) : 0.8915519329
46 : ([1, 4], [2, 3], [5, 6]) : 0.9249097931
47 : ([1, 4], [2], [3], [5, 6]) : 0.8939588706
48 : ([1, 2, 3], [4], [5, 6]) : 0.9291122827
49 : ([1], [2, 3], [4], [5, 6]) : 0.9226961438
50 : ([1, 3], [2], [4], [5, 6]) : 0.8945431323
51 : ([1, 2], [3], [4], [5, 6]) : 0.8959329259
52 : ([1], [2], [3], [4], [5, 6]) : 0.8895683951
53 : ([1, 2, 3, 4, 6], [5]) : 0.9425550042
54 : ([1, 5], [2, 3, 4, 6]) : 0.9318694114
55 : ([1], [2, 3, 4, 6], [5]) : 0.9317174171
56 : ([1, 3, 4, 6], [2, 5]) : 0.9087172737
57 : ([1, 3, 4, 6], [2], [5]) : 0.9084401917
58 : ([1, 2, 5], [3, 4, 6]) : 0.9033766752
59 : ([1], [2, 5], [3, 4, 6]) : 0.8928522966
60 : ([1, 5], [2], [3, 4, 6]) : 0.8928978648
61 : ([1, 2], [3, 4, 6], [5]) : 0.8979418541
62 : ([1], [2], [3, 4, 6], [5]) : 0.8918381719
63 : ([1, 2, 4, 6], [3, 5]) : 0.9123552298
64 : ([1, 2, 4, 6], [3], [5]) : 0.9107339766
65 : ([1, 3, 5], [2, 4, 6]) : 0.9029305223
66 : ([1], [2, 4, 6], [3, 5]) : 0.8951450636
67 : ([1, 5], [2, 4, 6], [3]) : 0.8947473001
68 : ([1, 3], [2, 4, 6], [5]) : 0.8989159521
69 : ([1], [2, 4, 6], [3], [5]) : 0.8935780284
70 : ([1, 4, 6], [2, 3, 5]) : 0.9321807329
71 : ([1, 4, 6], [2], [3, 5]) : 0.9002251974
72 : ([1, 4, 6], [2, 5], [3]) : 0.8981544246
73 : ([1, 4, 6], [2, 3], [5]) : 0.9290346777
74 : ([1, 4, 6], [2], [3], [5]) : 0.8976005659
75 : ([1, 2, 3, 5], [4, 6]) : 0.9361520496
76 : ([1], [2, 3, 5], [4, 6]) : 0.9288544317
77 : ([1, 3, 5], [2], [4, 6]) : 0.8977376335
78 : ([1, 2], [3, 5], [4, 6]) : 0.8971930053
79 : ([1], [2], [3, 5], [4, 6]) : 0.8910480029
80 : ([1, 2, 5], [3], [4, 6]) : 0.9005100288
81 : ([1, 3], [2, 5], [4, 6]) : 0.8943447729
82 : ([1], [2, 5], [3], [4, 6]) : 0.8901417073
83 : ([1, 5], [2, 3], [4, 6]) : 0.9258549969
84 : ([1, 5], [2], [3], [4, 6]) : 0.8900869639
85 : ([1, 2, 3], [4, 6], [5]) : 0.9312367716
86 : ([1], [2, 3], [4, 6], [5]) : 0.9254102838
87 : ([1, 3], [2], [4, 6], [5]) : 0.8937976809
88 : ([1, 2], [3], [4, 6], [5]) : 0.8956369183
89 : ([1], [2], [3], [4, 6], [5]) : 0.8891660950
90 : ([1, 2, 3, 6], [4, 5]) : 0.9416467285
91 : ([1, 2, 3, 6], [4], [5]) : 0.9261607238
92 : ([1, 4, 5], [2, 3, 6]) : 0.9376162634
93 : ([1], [2, 3, 6], [4, 5]) : 0.9364084827
94 : ([1, 5], [2, 3, 6], [4]) : 0.9167647292
95 : ([1, 4], [2, 3, 6], [5]) : 0.9188415109
96 : ([1], [2, 3, 6], [4], [5]) : 0.9164461991
97 : ([1, 3, 6], [2, 4, 5]) : 0.9107028529
98 : ([1, 3, 6], [2], [4, 5]) : 0.9085981195
99 : ([1, 3, 6], [2, 5], [4]) : 0.8906855565
100 : ([1, 3, 6], [2, 4], [5]) : 0.8926050631
101 : ([1, 3, 6], [2], [4], [5]) : 0.8904770189
102 : ([1, 2, 4, 5], [3, 6]) : 0.9106320805
103 : ([1], [2, 4, 5], [3, 6]) : 0.9024896030
104 : ([1, 4, 5], [2], [3, 6]) : 0.9035755804
105 : ([1, 2], [3, 6], [4, 5]) : 0.9027465187
106 : ([1], [2], [3, 6], [4, 5]) : 0.8997321261
107 : ([1, 2, 5], [3, 6], [4]) : 0.8921900399
108 : ([1, 4], [2, 5], [3, 6]) : 0.8864198997
109 : ([1], [2, 5], [3, 6], [4]) : 0.8822140872
110 : ([1, 5], [2, 4], [3, 6]) : 0.8846401174
111 : ([1, 5], [2], [3, 6], [4]) : 0.8826592640
112 : ([1, 2, 4], [3, 6], [5]) : 0.8957015494
113 : ([1], [2, 4], [3, 6], [5]) : 0.8833973013
114 : ([1, 4], [2], [3, 6], [5]) : 0.8862770349
115 : ([1, 2], [3, 6], [4], [5]) : 0.8882194119
116 : ([1], [2], [3, 6], [4], [5]) : 0.8815505575
117 : ([1, 2, 6], [3, 4, 5]) : 0.9066862908
118 : ([1, 2, 6], [3], [4, 5]) : 0.9052388896
119 : ([1, 2, 6], [3, 5], [4]) : 0.8927072743
120 : ([1, 2, 6], [3, 4], [5]) : 0.8931735591
121 : ([1, 2, 6], [3], [4], [5]) : 0.8912307301
122 : ([1, 3, 4, 5], [2, 6]) : 0.9137439889
123 : ([1], [2, 6], [3, 4, 5]) : 0.9021274082
124 : ([1, 4, 5], [2, 6], [3]) : 0.9042963867
125 : ([1, 3], [2, 6], [4, 5]) : 0.9068465837
126 : ([1], [2, 6], [3], [4, 5]) : 0.9005599980
127 : ([1, 3, 5], [2, 6], [4]) : 0.8911738025
128 : ([1, 4], [2, 6], [3, 5]) : 0.8884923338
129 : ([1], [2, 6], [3, 5], [4]) : 0.8835995565
130 : ([1, 5], [2, 6], [3, 4]) : 0.8850849311
131 : ([1, 5], [2, 6], [3], [4]) : 0.8827616819
132 : ([1, 3, 4], [2, 6], [5]) : 0.8951551574
133 : ([1], [2, 6], [3, 4], [5]) : 0.8839432611
134 : ([1, 4], [2, 6], [3], [5]) : 0.8863344229
135 : ([1, 3], [2, 6], [4], [5]) : 0.8872478943
136 : ([1], [2, 6], [3], [4], [5]) : 0.8817064991
137 : ([1, 6], [2, 3, 4, 5]) : 0.9375339259
138 : ([1, 6], [2], [3, 4, 5]) : 0.9019038344
139 : ([1, 6], [2, 4, 5], [3]) : 0.9034993048
140 : ([1, 6], [2, 3], [4, 5]) : 0.9346414809
141 : ([1, 6], [2], [3], [4, 5]) : 0.9002732573
142 : ([1, 6], [2, 3, 5], [4]) : 0.9190728651
143 : ([1, 6], [2, 4], [3, 5]) : 0.8867749513
144 : ([1, 6], [2], [3, 5], [4]) : 0.8847311171
145 : ([1, 6], [2, 5], [3, 4]) : 0.8857029010
146 : ([1, 6], [2, 5], [3], [4]) : 0.8836008702
147 : ([1, 6], [2, 3, 4], [5]) : 0.9195389177
148 : ([1, 6], [2], [3, 4], [5]) : 0.8844998533
149 : ([1, 6], [2, 4], [3], [5]) : 0.8847335065
150 : ([1, 6], [2, 3], [4], [5]) : 0.9156179846
151 : ([1, 6], [2], [3], [4], [5]) : 0.8825958118
152 : ([1, 2, 3, 4, 5], [6]) : 0.9438563918
153 : ([1], [2, 3, 4, 5], [6]) : 0.9372374705
154 : ([1, 3, 4, 5], [2], [6]) : 0.9120805594
155 : ([1, 2], [3, 4, 5], [6]) : 0.9034348242
156 : ([1], [2], [3, 4, 5], [6]) : 0.9004382060
157 : ([1, 2, 4, 5], [3], [6]) : 0.9104987172
158 : ([1, 3], [2, 4, 5], [6]) : 0.9079883453
159 : ([1], [2, 4, 5], [3], [6]) : 0.9020544410
160 : ([1, 4, 5], [2, 3], [6]) : 0.9355781105
161 : ([1, 4, 5], [2], [3], [6]) : 0.9027122971
162 : ([1, 2, 3], [4, 5], [6]) : 0.9385481502
163 : ([1], [2, 3], [4, 5], [6]) : 0.9342817679
164 : ([1, 3], [2], [4, 5], [6]) : 0.9051634132
165 : ([1, 2], [3], [4, 5], [6]) : 0.9023355372
166 : ([1], [2], [3], [4, 5], [6]) : 0.8989070591
167 : ([1, 2, 3, 5], [4], [6]) : 0.9263398885
168 : ([1, 4], [2, 3, 5], [6]) : 0.9207150419
169 : ([1], [2, 3, 5], [4], [6]) : 0.9186577494
170 : ([1, 3, 5], [2, 4], [6]) : 0.8929830592
171 : ([1, 3, 5], [2], [4], [6]) : 0.8901782425
172 : ([1, 2, 4], [3, 5], [6]) : 0.8970902717
173 : ([1], [2, 4], [3, 5], [6]) : 0.8847793653
174 : ([1, 4], [2], [3, 5], [6]) : 0.8877848839
175 : ([1, 2], [3, 5], [4], [6]) : 0.8891985718
176 : ([1], [2], [3, 5], [4], [6]) : 0.8827093356
177 : ([1, 2, 5], [3, 4], [6]) : 0.8938393573
178 : ([1, 2, 5], [3], [4], [6]) : 0.8916898737
179 : ([1, 3, 4], [2, 5], [6]) : 0.8942754658
180 : ([1], [2, 5], [3, 4], [6]) : 0.8839614960
181 : ([1, 4], [2, 5], [3], [6]) : 0.8859213925
182 : ([1, 3], [2, 5], [4], [6]) : 0.8867580087
183 : ([1], [2, 5], [3], [4], [6]) : 0.8817227006
184 : ([1, 5], [2, 3, 4], [6]) : 0.9194718859
185 : ([1, 5], [2], [3, 4], [6]) : 0.8840174275
186 : ([1, 5], [2, 4], [3], [6]) : 0.8841682093
187 : ([1, 5], [2, 3], [4], [6]) : 0.9154154590
188 : ([1, 5], [2], [3], [4], [6]) : 0.8818668399
189 : ([1, 2, 3, 4], [5], [6]) : 0.9284945611
190 : ([1], [2, 3, 4], [5], [6]) : 0.9191874297
191 : ([1, 3, 4], [2], [5], [6]) : 0.8942011738
192 : ([1, 2], [3, 4], [5], [6]) : 0.8893660241
193 : ([1], [2], [3, 4], [5], [6]) : 0.8828959164
194 : ([1, 2, 4], [3], [5], [6]) : 0.8954629634
195 : ([1, 3], [2, 4], [5], [6]) : 0.8889505962
196 : ([1], [2, 4], [3], [5], [6]) : 0.8829857411
197 : ([1, 4], [2, 3], [5], [6]) : 0.9176374446
198 : ([1, 4], [2], [3], [5], [6]) : 0.8856651399
199 : ([1, 2, 3], [4], [5], [6]) : 0.9221365214
200 : ([1], [2, 3], [4], [5], [6]) : 0.9151216177
201 : ([1, 3], [2], [4], [5], [6]) : 0.8863340179
202 : ([1, 2], [3], [4], [5], [6]) : 0.8877358190
203 : ([1], [2], [3], [4], [5], [6]) : 0.8808424196
