=== Bootstrap seed: 100 ===
1 : ([1, 2, 3, 4, 5, 6],) : 0.9620137548
2 : ([1], [2, 3, 4, 5, 6]) : 0.9572480918
3 : ([1, 3, 4, 5, 6], [2]) : 0.9318450437
4 : ([1, 2], [3, 4, 5, 6]) : 0.9275297426
5 : ([1], [2], [3, 4, 5, 6]) : 0.9257576345
6 : ([1, 2, 4, 5, 6], [3]) : 0.9312830061
7 : ([1, 3], [2, 4, 5, 6]) : 0.9242707992
8 : ([1], [2, 4, 5, 6], [3]) : 0.9238050398
9 : ([1, 4, 5, 6], [2, 3]) : 0.9564975396
10 : ([1, 4, 5, 6], [2], [3]) : 0.9248808155
11 : ([1, 2, 3], [4, 5, 6]) : 0.9570930645
12 : ([1], [2, 3], [4, 5, 6]) : 0.9549123423
13 : ([1, 3], [2], [4, 5, 6]) : 0.9218653786
14 : ([1, 2], [3], [4, 5, 6]) : 0.9230358727
15 : ([1], [2], [3], [4, 5, 6]) : 0.9211442484
16 : ([1, 2, 3, 5, 6], [4]) : 0.9353393040
17 : ([1, 4], [2, 3, 5, 6]) : 0.9322744710
18 : ([1], [2, 3, 5, 6], [4]) : 0.9313512542
19 : ([1, 3, 5, 6], [2, 4]) : 0.9050177792
20 : ([1, 3, 5, 6], [2], [4]) : 0.9024207060
21 : ([1, 2, 4], [3, 5, 6]) : 0.9064118002
22 : ([1], [2, 4], [3, 5, 6]) : 0.9006715019
23 : ([1, 4], [2], [3, 5, 6]) : 0.9009129748
24 : ([1, 2], [3, 5, 6], [4]) : 0.9006539262
25 : ([1], [2], [3, 5, 6], [4]) : 0.8981612649
26 : ([1, 2, 5, 6], [3, 4]) : 0.9011901790
27 : ([1, 2, 5, 6], [3], [4]) : 0.9012765369
28 : ([1, 3, 4], [2, 5, 6]) : 0.9021530998
29 : ([1], [2, 5, 6], [3, 4]) : 0.8980804815
30 : ([1, 4], [2, 5, 6], [3]) : 0.9006204432
31 : ([1, 3], [2, 5, 6], [4]) : 0.8998036119
32 : ([1], [2, 5, 6], [3], [4]) : 0.8981172763
33 : ([1, 5, 6], [2, 3, 4]) : 0.9306929448
34 : ([1, 5, 6], [2], [3, 4]) : 0.8952595516
35 : ([1, 5, 6], [2, 4], [3]) : 0.8981290833
36 : ([1, 5, 6], [2, 3], [4]) : 0.9281502040
37 : ([1, 5, 6], [2], [3], [4]) : 0.8953003275
38 : ([1, 2, 3, 4], [5, 6]) : 0.9353693773
39 : ([1], [2, 3, 4], [5, 6]) : 0.9305324721
40 : ([1, 3, 4], [2], [5, 6]) : 0.8989991477
41 : ([1, 2], [3, 4], [5, 6]) : 0.8971856532
42 : ([1], [2], [3, 4], [5, 6]) : 0.8947679838
43 : ([1, 2, 4], [3], [5, 6]) : 0.9032342102
44 : ([1, 3], [2, 4], [5, 6]) : 0.8997976297
45 : ([1], [2, 4], [3], [5, 6]) : 0.8976608499
46 : ([1, 4], [2, 3], [5, 6]) : 0.9285419587
47 : ([1, 4], [2], [3], [5, 6]) : 0.8973893465
48 : ([1, 2, 3], [4], [5, 6]) : 0.9319166286
49 : ([1], [2, 3], [4], [5, 6]) : 0.9280085020
50 : ([1, 3], [2], [4], [5, 6]) : 0.8967424799
51 : ([1, 2], [3], [4], [5, 6]) : 0.8971457290
52 : ([1], [2], [3], [4], [5, 6]) : 0.8947730972
53 : ([1, 2, 3, 4, 6], [5]) : 0.9408668759
54 : ([1, 5], [2, 3, 4, 6]) : 0.9351203110
55 : ([1], [2, 3, 4, 6], [5]) : 0.9348604805
56 : ([1, 3, 4, 6], [2, 5]) : 0.9120476649
57 : ([1, 3, 4, 6], [2], [5]) : 0.9096822078
58 : ([1, 2, 5], [3, 4, 6]) : 0.9114824294
59 : ([1], [2, 5], [3, 4, 6]) : 0.9073808823
60 : ([1, 5], [2], [3, 4, 6]) : 0.9049285250
61 : ([1, 2], [3, 4, 6], [5]) : 0.9081591548
62 : ([1], [2], [3, 4, 6], [5]) : 0.9045471953
63 : ([1, 2, 4, 6], [3, 5]) : 0.9096016469
64 : ([1, 2, 4, 6], [3], [5]) : 0.9095705335
65 : ([1, 3, 5], [2, 4, 6]) : 0.9062865870
66 : ([1], [2, 4, 6], [3, 5]) : 0.9042465869
67 : ([1, 5], [2, 4, 6], [3]) : 0.9040830295
68 : ([1, 3], [2, 4, 6], [5]) : 0.9057346055
69 : ([1], [2, 4, 6], [3], [5]) : 0.9039489566
70 : ([1, 4, 6], [2, 3, 5]) : 0.9342674401
71 : ([1, 4, 6], [2], [3, 5]) : 0.9015737112
72 : ([1, 4, 6], [2, 5], [3]) : 0.9045654699
73 : ([1, 4, 6], [2, 3], [5]) : 0.9312027449
74 : ([1, 4, 6], [2], [3], [5]) : 0.9014191155
75 : ([1, 2, 3, 5], [4, 6]) : 0.9373964540
76 : ([1], [2, 3, 5], [4, 6]) : 0.9334084132
77 : ([1, 3, 5], [2], [4, 6]) : 0.9016737327
78 : ([1, 2], [3, 5], [4, 6]) : 0.9032119155
79 : ([1], [2], [3, 5], [4, 6]) : 0.8996838308
80 : ([1, 2, 5], [3], [4, 6]) : 0.9063748123
81 : ([1, 3], [2, 5], [4, 6]) : 0.9039966050
82 : ([1], [2, 5], [3], [4, 6]) : 0.9026455331
83 : ([1, 5], [2, 3], [4, 6]) : 0.9305809966
84 : ([1, 5], [2], [3], [4, 6]) : 0.8995421399
85 : ([1, 2, 3], [4, 6], [5]) : 0.9354641142
86 : ([1], [2, 3], [4, 6], [5]) : 0.9304554157
87 : ([1, 3], [2], [4, 6], [5]) : 0.9010568155
88 : ([1, 2], [3], [4, 6], [5]) : 0.9030162286
89 : ([1], [2], [3], [4, 6], [5]) : 0.8994004239
90 : ([1, 2, 3, 6], [4, 5]) : 0.9388819352
91 : ([1, 2, 3, 6], [4], [5]) : 0.9294174723
92 : ([1, 4, 5], [2, 3, 6]) : 0.9358332174
93 : ([1], [2, 3, 6], [4, 5]) : 0.9347237160
94 : ([1, 5], [2, 3, 6], [4]) : 0.9236441982
95 : ([1, 4], [2, 3, 6], [5]) : 0.9241468230
96 : ([1], [2, 3, 6], [4], [5]) : 0.9235512466
97 : ([1, 3, 6], [2, 4, 5]) : 0.9132401625
98 : ([1, 3, 6], [2], [4, 5]) : 0.9077542574
99 : ([1, 3, 6], [2, 5], [4]) : 0.9010872219
100 : ([1, 3, 6], [2, 4], [5]) : 0.9012808728
101 : ([1, 3, 6], [2], [4], [5]) : 0.8980770523
102 : ([1, 2, 4, 5], [3, 6]) : 0.9149609866
103 : ([1], [2, 4, 5], [3, 6]) : 0.9086213382
104 : ([1, 4, 5], [2], [3, 6]) : 0.9064618455
105 : ([1, 2], [3, 6], [4, 5]) : 0.9044794547
106 : ([1], [2], [3, 6], [4, 5]) : 0.9030261524
107 : ([1, 2, 5], [3, 6], [4]) : 0.9009997527
108 : ([1, 4], [2, 5], [3, 6]) : 0.8997077491
109 : ([1], [2, 5], [3, 6], [4]) : 0.8973772442
110 : ([1, 5], [2, 4], [3, 6]) : 0.8973851497
111 : ([1, 5], [2], [3, 6], [4]) : 0.8943983947
112 : ([1, 2, 4], [3, 6], [5]) : 0.9025675659
113 : ([1], [2, 4], [3, 6], [5]) : 0.8969286188
114 : ([1, 4], [2], [3, 6], [5]) : 0.8962279352
115 : ([1, 2], [3, 6], [4], [5]) : 0.8968317070
116 : ([1], [2], [3, 6], [4], [5]) : 0.8938364006
117 : ([1, 2, 6], [3, 4, 5]) : 0.9049682418
118 : ([1, 2, 6], [3], [4, 5]) : 0.9021213851
119 : ([1, 2, 6], [3, 5], [4]) : 0.8941325645
120 : ([1, 2, 6], [3, 4], [5]) : 0.8938592647
121 : ([1, 2, 6], [3], [4], [5]) : 0.8937722532
122 : ([1, 3, 4, 5], [2, 6]) : 0.9092193058
123 : ([1], [2, 6], [3, 4, 5]) : 0.9036878887
124 : ([1, 4, 5], [2, 6], [3]) : 0.9039074493
125 : ([1, 3], [2, 6], [4, 5]) : 0.9027612391
126 : ([1], [2, 6], [3], [4, 5]) : 0.9008228334
127 : ([1, 3, 5], [2, 6], [4]) : 0.8938062555
128 : ([1, 4], [2, 6], [3, 5]) : 0.8931975933
129 : ([1], [2, 6], [3, 5], [4]) : 0.8913802461
130 : ([1, 5], [2, 6], [3, 4]) : 0.8914549896
131 : ([1, 5], [2, 6], [3], [4]) : 0.8913030525
132 : ([1, 3, 4], [2, 6], [5]) : 0.8956778399
133 : ([1], [2, 6], [3, 4], [5]) : 0.8911468376
134 : ([1, 4], [2, 6], [3], [5]) : 0.8929669621
135 : ([1, 3], [2, 6], [4], [5]) : 0.8932778061
136 : ([1], [2, 6], [3], [4], [5]) : 0.8909750324
137 : ([1, 6], [2, 3, 4, 5]) : 0.9392109012
138 : ([1, 6], [2], [3, 4, 5]) : 0.9021107941
139 : ([1, 6], [2, 4, 5], [3]) : 0.9052263015
140 : ([1, 6], [2, 3], [4, 5]) : 0.9335923964
141 : ([1, 6], [2], [3], [4, 5]) : 0.8994981038
142 : ([1, 6], [2, 3, 5], [4]) : 0.9256394920
143 : ([1, 6], [2, 4], [3, 5]) : 0.8941351103
144 : ([1, 6], [2], [3, 5], [4]) : 0.8904004603
145 : ([1, 6], [2, 5], [3, 4]) : 0.8934812603
146 : ([1, 6], [2, 5], [3], [4]) : 0.8935405842
147 : ([1, 6], [2, 3, 4], [5]) : 0.9255093846
148 : ([1, 6], [2], [3, 4], [5]) : 0.8899877860
149 : ([1, 6], [2, 4], [3], [5]) : 0.8936972815
150 : ([1, 6], [2, 3], [4], [5]) : 0.9223273509
151 : ([1, 6], [2], [3], [4], [5]) : 0.8899606405
152 : ([1, 2, 3, 4, 5], [6]) : 0.9453838910
153 : ([1], [2, 3, 4, 5], [6]) : 0.9390314311
154 : ([1, 3, 4, 5], [2], [6]) : 0.9079679386
155 : ([1, 2], [3, 4, 5], [6]) : 0.9034871528
156 : ([1], [2], [3, 4, 5], [6]) : 0.9021108417
157 : ([1, 2, 4, 5], [3], [6]) : 0.9114882751
158 : ([1, 3], [2, 4, 5], [6]) : 0.9074924715
159 : ([1], [2, 4, 5], [3], [6]) : 0.9051637047
160 : ([1, 4, 5], [2, 3], [6]) : 0.9347051008
161 : ([1, 4, 5], [2], [3], [6]) : 0.9027612061
162 : ([1, 2, 3], [4, 5], [6]) : 0.9367157789
163 : ([1], [2, 3], [4, 5], [6]) : 0.9334902012
164 : ([1, 3], [2], [4, 5], [6]) : 0.9016117489
165 : ([1, 2], [3], [4, 5], [6]) : 0.9007541022
166 : ([1], [2], [3], [4, 5], [6]) : 0.8994544869
167 : ([1, 2, 3, 5], [4], [6]) : 0.9294890244
168 : ([1, 4], [2, 3, 5], [6]) : 0.9259112608
169 : ([1], [2, 3, 5], [4], [6]) : 0.9253243901
170 : ([1, 3, 5], [2, 4], [6]) : 0.8970063526
171 : ([1, 3, 5], [2], [4], [6]) : 0.8928811071
172 : ([1, 2, 4], [3, 5], [6]) : 0.8988989595
173 : ([1], [2, 4], [3, 5], [6]) : 0.8940917845
174 : ([1, 4], [2], [3, 5], [6]) : 0.8922382145
175 : ([1, 2], [3, 5], [4], [6]) : 0.8930402033
176 : ([1], [2], [3, 5], [4], [6]) : 0.8903371554
177 : ([1, 2, 5], [3, 4], [6]) : 0.8965885211
178 : ([1, 2, 5], [3], [4], [6]) : 0.8966288725
179 : ([1, 3, 4], [2, 5], [6]) : 0.8977269212
180 : ([1], [2, 5], [3, 4], [6]) : 0.8933798069
181 : ([1, 4], [2, 5], [3], [6]) : 0.8954600934
182 : ([1, 3], [2, 5], [4], [6]) : 0.8954451412
183 : ([1], [2, 5], [3], [4], [6]) : 0.8934189213
184 : ([1, 5], [2, 3, 4], [6]) : 0.9252601992
185 : ([1, 5], [2], [3, 4], [6]) : 0.8902564761
186 : ([1, 5], [2, 4], [3], [6]) : 0.8938738133
187 : ([1, 5], [2, 3], [4], [6]) : 0.9221516108
188 : ([1, 5], [2], [3], [4], [6]) : 0.8902176329
189 : ([1, 2, 3, 4], [5], [6]) : 0.9311813553
190 : ([1], [2, 3, 4], [5], [6]) : 0.9252229606
191 : ([1, 3, 4], [2], [5], [6]) : 0.8945280587
192 : ([1, 2], [3, 4], [5], [6]) : 0.8927416782
193 : ([1], [2], [3, 4], [5], [6]) : 0.8899583162
194 : ([1, 2, 4], [3], [5], [6]) : 0.8987228353
195 : ([1, 3], [2, 4], [5], [6]) : 0.8963444973
196 : ([1], [2, 4], [3], [5], [6]) : 0.8936327341
197 : ([1, 4], [2, 3], [5], [6]) : 0.9226031710
198 : ([1, 4], [2], [3], [5], [6]) : 0.8919884612
199 : ([1, 2, 3], [4], [5], [6]) : 0.9271554496
200 : ([1], [2, 3], [4], [5], [6]) : 0.9221491788
201 : ([1, 3], [2], [4], [5], [6]) : 0.8923055626
202 : ([1, 2], [3], [4], [5], [6]) : 0.8926702415
203 : ([1], [2], [3], [4], [5], [6]) : 0.8899025973
