=== Bootstrap seed: 40 ===
1 : ([1, 2, 3, 4, 5, 6],) : 0.9549815543
2 : ([1], [2, 3, 4, 5, 6]) : 0.9499791644
3 : ([1, 3, 4, 5, 6], [2]) : 0.9179033751
4 : ([1, 2], [3, 4, 5, 6]) : 0.9141587992
5 : ([1], [2], [3, 4, 5, 6]) : 0.9086577903
6 : ([1, 2, 4, 5, 6], [3]) : 0.9248615566
7 : ([1, 3], [2, 4, 5, 6]) : 0.9183434476
8 : ([1], [2, 4, 5, 6], [3]) : 0.9178173525
9 : ([1, 4, 5, 6], [2, 3]) : 0.9478270506
10 : ([1, 4, 5, 6], [2], [3]) : 0.9116704918
11 : ([1, 2, 3], [4, 5, 6]) : 0.9479277233
12 : ([1], [2, 3], [4, 5, 6]) : 0.9457817099
13 : ([1, 3], [2], [4, 5, 6]) : 0.9078008028
14 : ([1, 2], [3], [4, 5, 6]) : 0.9119590133
15 : ([1], [2], [3], [4, 5, 6]) : 0.9069695577
16 : ([1, 2, 3, 5, 6], [4]) : 0.9290195982
17 : ([1, 4], [2, 3, 5, 6]) : 0.9208994592
18 : ([1], [2, 3, 5, 6], [4]) : 0.9197723221
19 : ([1, 3, 5, 6], [2, 4]) : 0.8859362618
20 : ([1, 3, 5, 6], [2], [4]) : 0.8841682254
21 : ([1, 2, 4], [3, 5, 6]) : 0.8939323485
22 : ([1], [2, 4], [3, 5, 6]) : 0.8805684992
23 : ([1, 4], [2], [3, 5, 6]) : 0.8826682325
24 : ([1, 2], [3, 5, 6], [4]) : 0.8880751975
25 : ([1], [2], [3, 5, 6], [4]) : 0.8783433811
26 : ([1, 2, 5, 6], [3, 4]) : 0.8987122769
27 : ([1, 2, 5, 6], [3], [4]) : 0.8975738566
28 : ([1, 3, 4], [2, 5, 6]) : 0.8933476631
29 : ([1], [2, 5, 6], [3, 4]) : 0.8894825318
30 : ([1, 4], [2, 5, 6], [3]) : 0.8911251070
31 : ([1, 3], [2, 5, 6], [4]) : 0.8887842614
32 : ([1], [2, 5, 6], [3], [4]) : 0.8879649182
33 : ([1, 5, 6], [2, 3, 4]) : 0.9188960336
34 : ([1, 5, 6], [2], [3, 4]) : 0.8803011527
35 : ([1, 5, 6], [2, 4], [3]) : 0.8803873426
36 : ([1, 5, 6], [2, 3], [4]) : 0.9161727115
37 : ([1, 5, 6], [2], [3], [4]) : 0.8780051475
38 : ([1, 2, 3, 4], [5, 6]) : 0.9247200908
39 : ([1], [2, 3, 4], [5, 6]) : 0.9179620916
40 : ([1, 3, 4], [2], [5, 6]) : 0.8835709765
41 : ([1, 2], [3, 4], [5, 6]) : 0.8879011702
42 : ([1], [2], [3, 4], [5, 6]) : 0.8782524174
43 : ([1, 2, 4], [3], [5, 6]) : 0.8928421210
44 : ([1, 3], [2, 4], [5, 6]) : 0.8802216659
45 : ([1], [2, 4], [3], [5, 6]) : 0.8786193901
46 : ([1, 4], [2, 3], [5, 6]) : 0.9166593285
47 : ([1, 4], [2], [3], [5, 6]) : 0.8808312655
48 : ([1, 2, 3], [4], [5, 6]) : 0.9209060842
49 : ([1], [2, 3], [4], [5, 6]) : 0.9150042451
50 : ([1, 3], [2], [4], [5, 6]) : 0.8778158980
51 : ([1, 2], [3], [4], [5, 6]) : 0.8858969679
52 : ([1], [2], [3], [4], [5, 6]) : 0.8761255253
53 : ([1, 2, 3, 4, 6], [5]) : 0.9284195726
54 : ([1, 5], [2, 3, 4, 6]) : 0.9178664119
55 : ([1], [2, 3, 4, 6], [5]) : 0.9175193288
56 : ([1, 3, 4, 6], [2, 5]) : 0.8992134612
57 : ([1, 3, 4, 6], [2], [5]) : 0.8906163757
58 : ([1, 2, 5], [3, 4, 6]) : 0.9003278652
59 : ([1], [2, 5], [3, 4, 6]) : 0.8919271178
60 : ([1, 5], [2], [3, 4, 6]) : 0.8808352151
61 : ([1, 2], [3, 4, 6], [5]) : 0.8917941226
62 : ([1], [2], [3, 4, 6], [5]) : 0.8804630640
63 : ([1, 2, 4, 6], [3, 5]) : 0.8976949886
64 : ([1, 2, 4, 6], [3], [5]) : 0.8963724602
65 : ([1, 3, 5], [2, 4, 6]) : 0.8844654348
66 : ([1], [2, 4, 6], [3, 5]) : 0.8829662864
67 : ([1, 5], [2, 4, 6], [3]) : 0.8809294219
68 : ([1, 3], [2, 4, 6], [5]) : 0.8820054667
69 : ([1], [2, 4, 6], [3], [5]) : 0.8804821849
70 : ([1, 4, 6], [2, 3, 5]) : 0.9215099006
71 : ([1, 4, 6], [2], [3, 5]) : 0.8857912684
72 : ([1, 4, 6], [2, 5], [3]) : 0.8932408050
73 : ([1, 4, 6], [2, 3], [5]) : 0.9161058468
74 : ([1, 4, 6], [2], [3], [5]) : 0.8831042072
75 : ([1, 2, 3, 5], [4, 6]) : 0.9249807531
76 : ([1], [2, 3, 5], [4, 6]) : 0.9185242893
77 : ([1, 3, 5], [2], [4, 6]) : 0.8812400651
78 : ([1, 2], [3, 5], [4, 6]) : 0.8899677382
79 : ([1], [2], [3, 5], [4, 6]) : 0.8794617692
80 : ([1, 2, 5], [3], [4, 6]) : 0.8980552807
81 : ([1, 3], [2, 5], [4, 6]) : 0.8898641025
82 : ([1], [2, 5], [3], [4, 6]) : 0.8891333683
83 : ([1, 5], [2, 3], [4, 6]) : 0.9131306864
84 : ([1, 5], [2], [3], [4, 6]) : 0.8774829061
85 : ([1, 2, 3], [4, 6], [5]) : 0.9198639425
86 : ([1], [2, 3], [4, 6], [5]) : 0.9126632357
87 : ([1, 3], [2], [4, 6], [5]) : 0.8785562943
88 : ([1, 2], [3], [4, 6], [5]) : 0.8885196362
89 : ([1], [2], [3], [4, 6], [5]) : 0.8770498778
90 : ([1, 2, 3, 6], [4, 5]) : 0.9342693987
91 : ([1, 2, 3, 6], [4], [5]) : 0.9177976031
92 : ([1, 4, 5], [2, 3, 6]) : 0.9290099555
93 : ([1], [2, 3, 6], [4, 5]) : 0.9279547538
94 : ([1, 5], [2, 3, 6], [4]) : 0.9063761555
95 : ([1, 4], [2, 3, 6], [5]) : 0.9074162214
96 : ([1], [2, 3, 6], [4], [5]) : 0.9060757873
97 : ([1, 3, 6], [2, 4, 5]) : 0.9007331536
98 : ([1, 3, 6], [2], [4, 5]) : 0.8936190464
99 : ([1, 3, 6], [2, 5], [4]) : 0.8821473885
100 : ([1, 3, 6], [2, 4], [5]) : 0.8749473768
101 : ([1, 3, 6], [2], [4], [5]) : 0.8728705615
102 : ([1, 2, 4, 5], [3, 6]) : 0.9053017172
103 : ([1], [2, 4, 5], [3, 6]) : 0.8981912171
104 : ([1, 4, 5], [2], [3, 6]) : 0.8916440261
105 : ([1, 2], [3, 6], [4, 5]) : 0.8948740024
106 : ([1], [2], [3, 6], [4, 5]) : 0.8890611213
107 : ([1, 2, 5], [3, 6], [4]) : 0.8898311547
108 : ([1, 4], [2, 5], [3, 6]) : 0.8815470921
109 : ([1], [2, 5], [3, 6], [4]) : 0.8792916475
110 : ([1, 5], [2, 4], [3, 6]) : 0.8708217410
111 : ([1, 5], [2], [3, 6], [4]) : 0.8682488938
112 : ([1, 2, 4], [3, 6], [5]) : 0.8864705122
113 : ([1], [2, 4], [3, 6], [5]) : 0.8703977324
114 : ([1, 4], [2], [3, 6], [5]) : 0.8715807439
115 : ([1, 2], [3, 6], [4], [5]) : 0.8801441260
116 : ([1], [2], [3, 6], [4], [5]) : 0.8678837704
117 : ([1, 2, 6], [3, 4, 5]) : 0.8976128787
118 : ([1, 2, 6], [3], [4, 5]) : 0.8946958231
119 : ([1, 2, 6], [3, 5], [4]) : 0.8828605137
120 : ([1, 2, 6], [3, 4], [5]) : 0.8831700782
121 : ([1, 2, 6], [3], [4], [5]) : 0.8805041104
122 : ([1, 3, 4, 5], [2, 6]) : 0.8955410925
123 : ([1], [2, 6], [3, 4, 5]) : 0.8914713203
124 : ([1, 4, 5], [2, 6], [3]) : 0.8915034469
125 : ([1, 3], [2, 6], [4, 5]) : 0.8891938607
126 : ([1], [2, 6], [3], [4, 5]) : 0.8885261681
127 : ([1, 3, 5], [2, 6], [4]) : 0.8726417669
128 : ([1, 4], [2, 6], [3, 5]) : 0.8754065694
129 : ([1], [2, 6], [3, 5], [4]) : 0.8711138493
130 : ([1, 5], [2, 6], [3, 4]) : 0.8712029873
131 : ([1, 5], [2, 6], [3], [4]) : 0.8684196092
132 : ([1, 3, 4], [2, 6], [5]) : 0.8750459733
133 : ([1], [2, 6], [3, 4], [5]) : 0.8706568048
134 : ([1, 4], [2, 6], [3], [5]) : 0.8718712965
135 : ([1, 3], [2, 6], [4], [5]) : 0.8693658487
136 : ([1], [2, 6], [3], [4], [5]) : 0.8678881565
137 : ([1, 6], [2, 3, 4, 5]) : 0.9334729176
138 : ([1, 6], [2], [3, 4, 5]) : 0.8903769819
139 : ([1, 6], [2, 4, 5], [3]) : 0.8969111539
140 : ([1, 6], [2, 3], [4, 5]) : 0.9273157633
141 : ([1, 6], [2], [3], [4, 5]) : 0.8876084425
142 : ([1, 6], [2, 3, 5], [4]) : 0.9115333066
143 : ([1, 6], [2, 4], [3, 5]) : 0.8724928493
144 : ([1, 6], [2], [3, 5], [4]) : 0.8703410458
145 : ([1, 6], [2, 5], [3, 4]) : 0.8811987899
146 : ([1, 6], [2, 5], [3], [4]) : 0.8789451968
147 : ([1, 6], [2, 3, 4], [5]) : 0.9092709350
148 : ([1, 6], [2], [3, 4], [5]) : 0.8701611382
149 : ([1, 6], [2, 4], [3], [5]) : 0.8697076586
150 : ([1, 6], [2, 3], [4], [5]) : 0.9054635491
151 : ([1, 6], [2], [3], [4], [5]) : 0.8672209483
152 : ([1, 2, 3, 4, 5], [6]) : 0.9364007981
153 : ([1], [2, 3, 4, 5], [6]) : 0.9325925720
154 : ([1, 3, 4, 5], [2], [6]) : 0.8944108025
155 : ([1, 2], [3, 4, 5], [6]) : 0.8955875077
156 : ([1], [2], [3, 4, 5], [6]) : 0.8901920191
157 : ([1, 2, 4, 5], [3], [6]) : 0.9040261362
158 : ([1, 3], [2, 4, 5], [6]) : 0.8972151916
159 : ([1], [2, 4, 5], [3], [6]) : 0.8967741654
160 : ([1, 4, 5], [2, 3], [6]) : 0.9271274608
161 : ([1, 4, 5], [2], [3], [6]) : 0.8903422975
162 : ([1, 2, 3], [4, 5], [6]) : 0.9295440573
163 : ([1], [2, 3], [4, 5], [6]) : 0.9263352211
164 : ([1, 3], [2], [4, 5], [6]) : 0.8882672241
165 : ([1, 2], [3], [4, 5], [6]) : 0.8931242549
166 : ([1], [2], [3], [4, 5], [6]) : 0.8874737695
167 : ([1, 2, 3, 5], [4], [6]) : 0.9178913098
168 : ([1, 4], [2, 3, 5], [6]) : 0.9116687024
169 : ([1], [2, 3, 5], [4], [6]) : 0.9106776937
170 : ([1, 3, 5], [2, 4], [6]) : 0.8741190663
171 : ([1, 3, 5], [2], [4], [6]) : 0.8719350542
172 : ([1, 2, 4], [3, 5], [6]) : 0.8867904450
173 : ([1], [2, 4], [3, 5], [6]) : 0.8723791336
174 : ([1, 4], [2], [3, 5], [6]) : 0.8743131653
175 : ([1, 2], [3, 5], [4], [6]) : 0.8808528067
176 : ([1], [2], [3, 5], [4], [6]) : 0.8701452983
177 : ([1, 2, 5], [3, 4], [6]) : 0.8901268939
178 : ([1, 2, 5], [3], [4], [6]) : 0.8889186447
179 : ([1, 3, 4], [2, 5], [6]) : 0.8840125746
180 : ([1], [2, 5], [3, 4], [6]) : 0.8809274386
181 : ([1, 4], [2, 5], [3], [6]) : 0.8811326586
182 : ([1, 3], [2, 5], [4], [6]) : 0.8795236129
183 : ([1], [2, 5], [3], [4], [6]) : 0.8787637921
184 : ([1, 5], [2, 3, 4], [6]) : 0.9088359894
185 : ([1, 5], [2], [3, 4], [6]) : 0.8704357765
186 : ([1, 5], [2, 4], [3], [6]) : 0.8701974433
187 : ([1, 5], [2, 3], [4], [6]) : 0.9048737480
188 : ([1, 5], [2], [3], [4], [6]) : 0.8675726662
189 : ([1, 2, 3, 4], [5], [6]) : 0.9172788219
190 : ([1], [2, 3, 4], [5], [6]) : 0.9087247795
191 : ([1, 3, 4], [2], [5], [6]) : 0.8744994233
192 : ([1, 2], [3, 4], [5], [6]) : 0.8815014712
193 : ([1], [2], [3, 4], [5], [6]) : 0.8699723048
194 : ([1, 2, 4], [3], [5], [6]) : 0.8855537425
195 : ([1, 3], [2, 4], [5], [6]) : 0.8713499583
196 : ([1], [2, 4], [3], [5], [6]) : 0.8696656175
197 : ([1, 4], [2, 3], [5], [6]) : 0.9060976528
198 : ([1, 4], [2], [3], [5], [6]) : 0.8710177984
199 : ([1, 2, 3], [4], [5], [6]) : 0.9124926561
200 : ([1], [2, 3], [4], [5], [6]) : 0.9047007997
201 : ([1, 3], [2], [4], [5], [6]) : 0.8687636769
202 : ([1, 2], [3], [4], [5], [6]) : 0.8789311572
203 : ([1], [2], [3], [4], [5], [6]) : 0.8671028508
