=== Bootstrap seed: 22 ===
1 : ([1, 2, 3, 4, 5, 6],) : 0.9705388946
2 : ([1], [2, 3, 4, 5, 6]) : 0.9542654924
3 : ([1, 3, 4, 5, 6], [2]) : 0.9291672385
4 : ([1, 2], [3, 4, 5, 6]) : 0.9236286573
5 : ([1], [2], [3, 4, 5, 6]) : 0.9227577653
6 : ([1, 2, 4, 5, 6], [3]) : 0.9255945138
7 : ([1, 3], [2, 4, 5, 6]) : 0.9220052539
8 : ([1], [2, 4, 5, 6], [3]) : 0.9211581786
9 : ([1, 4, 5, 6], [2, 3]) : 0.9521662286
10 : ([1, 4, 5, 6], [2], [3]) : 0.9201372905
11 : ([1, 2, 3], [4, 5, 6]) : 0.9524680626
12 : ([1], [2, 3], [4, 5, 6]) : 0.9512206447
13 : ([1, 3], [2], [4, 5, 6]) : 0.9204898044
14 : ([1, 2], [3], [4, 5, 6]) : 0.9202450349
15 : ([1], [2], [3], [4, 5, 6]) : 0.9192419736
16 : ([1, 2, 3, 5, 6], [4]) : 0.9339543642
17 : ([1, 4], [2, 3, 5, 6]) : 0.9226297319
18 : ([1], [2, 3, 5, 6], [4]) : 0.9212433952
19 : ([1, 3, 5, 6], [2, 4]) : 0.9020063310
20 : ([1, 3, 5, 6], [2], [4]) : 0.9016770258
21 : ([1, 2, 4], [3, 5, 6]) : 0.8972720273
22 : ([1], [2, 4], [3, 5, 6]) : 0.8926009497
23 : ([1, 4], [2], [3, 5, 6]) : 0.8928737100
24 : ([1, 2], [3, 5, 6], [4]) : 0.8938789265
25 : ([1], [2], [3, 5, 6], [4]) : 0.8911921314
26 : ([1, 2, 5, 6], [3, 4]) : 0.8962196159
27 : ([1, 2, 5, 6], [3], [4]) : 0.8955211893
28 : ([1, 3, 4], [2, 5, 6]) : 0.8943371873
29 : ([1], [2, 5, 6], [3, 4]) : 0.8908497180
30 : ([1, 4], [2, 5, 6], [3]) : 0.8919072244
31 : ([1, 3], [2, 5, 6], [4]) : 0.8917315316
32 : ([1], [2, 5, 6], [3], [4]) : 0.8900646364
33 : ([1, 5, 6], [2, 3, 4]) : 0.9244123279
34 : ([1, 5, 6], [2], [3, 4]) : 0.8893880632
35 : ([1, 5, 6], [2, 4], [3]) : 0.8898953431
36 : ([1, 5, 6], [2, 3], [4]) : 0.9200447390
37 : ([1, 5, 6], [2], [3], [4]) : 0.8888583793
38 : ([1, 2, 3, 4], [5, 6]) : 0.9272214792
39 : ([1], [2, 3, 4], [5, 6]) : 0.9228248588
40 : ([1, 3, 4], [2], [5, 6]) : 0.8928099572
41 : ([1, 2], [3, 4], [5, 6]) : 0.8916271969
42 : ([1], [2], [3, 4], [5, 6]) : 0.8887574740
43 : ([1, 2, 4], [3], [5, 6]) : 0.8950658640
44 : ([1, 3], [2, 4], [5, 6]) : 0.8911057388
45 : ([1], [2, 4], [3], [5, 6]) : 0.8893909003
46 : ([1, 4], [2, 3], [5, 6]) : 0.9194025968
47 : ([1, 4], [2], [3], [5, 6]) : 0.8902131233
48 : ([1, 2, 3], [4], [5, 6]) : 0.9220355864
49 : ([1], [2, 3], [4], [5, 6]) : 0.9182588067
50 : ([1, 3], [2], [4], [5, 6]) : 0.8903235720
51 : ([1, 2], [3], [4], [5, 6]) : 0.8908937737
52 : ([1], [2], [3], [4], [5, 6]) : 0.8882177237
53 : ([1, 2, 3, 4, 6], [5]) : 0.9322290521
54 : ([1, 5], [2, 3, 4, 6]) : 0.9273782871
55 : ([1], [2, 3, 4, 6], [5]) : 0.9266460297
56 : ([1, 3, 4, 6], [2, 5]) : 0.9001168029
57 : ([1, 3, 4, 6], [2], [5]) : 0.8982932598
58 : ([1, 2, 5], [3, 4, 6]) : 0.8999439105
59 : ([1], [2, 5], [3, 4, 6]) : 0.8922915256
60 : ([1, 5], [2], [3, 4, 6]) : 0.8902510940
61 : ([1, 2], [3, 4, 6], [5]) : 0.8931436290
62 : ([1], [2], [3, 4, 6], [5]) : 0.8889093081
63 : ([1, 2, 4, 6], [3, 5]) : 0.8967309656
64 : ([1, 2, 4, 6], [3], [5]) : 0.8944769048
65 : ([1, 3, 5], [2, 4, 6]) : 0.8949852093
66 : ([1], [2, 4, 6], [3, 5]) : 0.8916311423
67 : ([1, 5], [2, 4, 6], [3]) : 0.8895714417
68 : ([1, 3], [2, 4, 6], [5]) : 0.8900313746
69 : ([1], [2, 4, 6], [3], [5]) : 0.8888101910
70 : ([1, 4, 6], [2, 3, 5]) : 0.9252129854
71 : ([1, 4, 6], [2], [3, 5]) : 0.8901140235
72 : ([1, 4, 6], [2, 5], [3]) : 0.8901453557
73 : ([1, 4, 6], [2, 3], [5]) : 0.9220798790
74 : ([1, 4, 6], [2], [3], [5]) : 0.8875220887
75 : ([1, 2, 3, 5], [4, 6]) : 0.9301805545
76 : ([1], [2, 3, 5], [4, 6]) : 0.9233388742
77 : ([1, 3, 5], [2], [4, 6]) : 0.8929298146
78 : ([1, 2], [3, 5], [4, 6]) : 0.8922392255
79 : ([1], [2], [3, 5], [4, 6]) : 0.8883358056
80 : ([1, 2, 5], [3], [4, 6]) : 0.8959753487
81 : ([1, 3], [2, 5], [4, 6]) : 0.8902487379
82 : ([1], [2, 5], [3], [4, 6]) : 0.8887297798
83 : ([1, 5], [2, 3], [4, 6]) : 0.9212554884
84 : ([1, 5], [2], [3], [4, 6]) : 0.8870273411
85 : ([1, 2, 3], [4, 6], [5]) : 0.9243091109
86 : ([1], [2, 3], [4, 6], [5]) : 0.9203107230
87 : ([1, 3], [2], [4, 6], [5]) : 0.8877723091
88 : ([1, 2], [3], [4, 6], [5]) : 0.8900123057
89 : ([1], [2], [3], [4, 6], [5]) : 0.8859897499
90 : ([1, 2, 3, 6], [4, 5]) : 0.9278744659
91 : ([1, 2, 3, 6], [4], [5]) : 0.9130029113
92 : ([1, 4, 5], [2, 3, 6]) : 0.9250742442
93 : ([1], [2, 3, 6], [4, 5]) : 0.9233976410
94 : ([1, 5], [2, 3, 6], [4]) : 0.9052473959
95 : ([1, 4], [2, 3, 6], [5]) : 0.9059152668
96 : ([1], [2, 3, 6], [4], [5]) : 0.9047802062
97 : ([1, 3, 6], [2, 4, 5]) : 0.8951207725
98 : ([1, 3, 6], [2], [4, 5]) : 0.8929854105
99 : ([1, 3, 6], [2, 5], [4]) : 0.8817831201
100 : ([1, 3, 6], [2, 4], [5]) : 0.8816769998
101 : ([1, 3, 6], [2], [4], [5]) : 0.8803836523
102 : ([1, 2, 4, 5], [3, 6]) : 0.8957291576
103 : ([1], [2, 4, 5], [3, 6]) : 0.8892651659
104 : ([1, 4, 5], [2], [3, 6]) : 0.8855679337
105 : ([1, 2], [3, 6], [4, 5]) : 0.8860376103
106 : ([1], [2], [3, 6], [4, 5]) : 0.8847112193
107 : ([1, 2, 5], [3, 6], [4]) : 0.8824633337
108 : ([1, 4], [2, 5], [3, 6]) : 0.8753303530
109 : ([1], [2, 5], [3, 6], [4]) : 0.8745798125
110 : ([1, 5], [2, 4], [3, 6]) : 0.8743733922
111 : ([1, 5], [2], [3, 6], [4]) : 0.8719038228
112 : ([1, 2, 4], [3, 6], [5]) : 0.8798728226
113 : ([1], [2, 4], [3, 6], [5]) : 0.8740199796
114 : ([1, 4], [2], [3, 6], [5]) : 0.8722648078
115 : ([1, 2], [3, 6], [4], [5]) : 0.8753448176
116 : ([1], [2], [3, 6], [4], [5]) : 0.8713887360
117 : ([1, 2, 6], [3, 4, 5]) : 0.8872939615
118 : ([1, 2, 6], [3], [4, 5]) : 0.8849666652
119 : ([1, 2, 6], [3, 5], [4]) : 0.8776466683
120 : ([1, 2, 6], [3, 4], [5]) : 0.8762797257
121 : ([1, 2, 6], [3], [4], [5]) : 0.8748007907
122 : ([1, 3, 4, 5], [2, 6]) : 0.8895187019
123 : ([1], [2, 6], [3, 4, 5]) : 0.8847847532
124 : ([1, 4, 5], [2, 6], [3]) : 0.8833652462
125 : ([1, 3], [2, 6], [4, 5]) : 0.8840201365
126 : ([1], [2, 6], [3], [4, 5]) : 0.8827135858
127 : ([1, 3, 5], [2, 6], [4]) : 0.8777333522
128 : ([1, 4], [2, 6], [3, 5]) : 0.8734806586
129 : ([1], [2, 6], [3, 5], [4]) : 0.8727270779
130 : ([1, 5], [2, 6], [3, 4]) : 0.8716282788
131 : ([1, 5], [2, 6], [3], [4]) : 0.8705662742
132 : ([1, 3, 4], [2, 6], [5]) : 0.8738384629
133 : ([1], [2, 6], [3, 4], [5]) : 0.8709627881
134 : ([1, 4], [2, 6], [3], [5]) : 0.8707767602
135 : ([1, 3], [2, 6], [4], [5]) : 0.8720492812
136 : ([1], [2, 6], [3], [4], [5]) : 0.8700133934
137 : ([1, 6], [2, 3, 4, 5]) : 0.9279459451
138 : ([1, 6], [2], [3, 4, 5]) : 0.8849393700
139 : ([1, 6], [2, 4, 5], [3]) : 0.8867248941
140 : ([1, 6], [2, 3], [4, 5]) : 0.9240560559
141 : ([1, 6], [2], [3], [4, 5]) : 0.8827351527
142 : ([1, 6], [2, 3, 5], [4]) : 0.9096822349
143 : ([1, 6], [2, 4], [3, 5]) : 0.8762918533
144 : ([1, 6], [2], [3, 5], [4]) : 0.8731979749
145 : ([1, 6], [2, 5], [3, 4]) : 0.8752324034
146 : ([1, 6], [2, 5], [3], [4]) : 0.8735064590
147 : ([1, 6], [2, 3, 4], [5]) : 0.9125009568
148 : ([1, 6], [2], [3, 4], [5]) : 0.8713836269
149 : ([1, 6], [2, 4], [3], [5]) : 0.8729672101
150 : ([1, 6], [2, 3], [4], [5]) : 0.9064318647
151 : ([1, 6], [2], [3], [4], [5]) : 0.8704224551
152 : ([1, 2, 3, 4, 5], [6]) : 0.9334437993
153 : ([1], [2, 3, 4, 5], [6]) : 0.9271751905
154 : ([1, 3, 4, 5], [2], [6]) : 0.8890460306
155 : ([1, 2], [3, 4, 5], [6]) : 0.8863381100
156 : ([1], [2], [3, 4, 5], [6]) : 0.8846248433
157 : ([1, 2, 4, 5], [3], [6]) : 0.8931679216
158 : ([1, 3], [2, 4, 5], [6]) : 0.8871223980
159 : ([1], [2, 4, 5], [3], [6]) : 0.8866238745
160 : ([1, 4, 5], [2, 3], [6]) : 0.9246937153
161 : ([1, 4, 5], [2], [3], [6]) : 0.8831427663
162 : ([1, 2, 3], [4, 5], [6]) : 0.9249079219
163 : ([1], [2, 3], [4, 5], [6]) : 0.9232611418
164 : ([1, 3], [2], [4, 5], [6]) : 0.8837258014
165 : ([1, 2], [3], [4, 5], [6]) : 0.8841519044
166 : ([1], [2], [3], [4, 5], [6]) : 0.8825276926
167 : ([1, 2, 3, 5], [4], [6]) : 0.9163476048
168 : ([1, 4], [2, 3, 5], [6]) : 0.9094647948
169 : ([1], [2, 3, 5], [4], [6]) : 0.9083551045
170 : ([1, 3, 5], [2, 4], [6]) : 0.8792128332
171 : ([1, 3, 5], [2], [4], [6]) : 0.8774625778
172 : ([1, 2, 4], [3, 5], [6]) : 0.8812263022
173 : ([1], [2, 4], [3, 5], [6]) : 0.8760210235
174 : ([1, 4], [2], [3, 5], [6]) : 0.8735097127
175 : ([1, 2], [3, 5], [4], [6]) : 0.8768721899
176 : ([1], [2], [3, 5], [4], [6]) : 0.8727860534
177 : ([1, 2, 5], [3, 4], [6]) : 0.8827138530
178 : ([1, 2, 5], [3], [4], [6]) : 0.8810908717
179 : ([1, 3, 4], [2, 5], [6]) : 0.8770178258
180 : ([1], [2, 5], [3, 4], [6]) : 0.8749822687
181 : ([1, 4], [2, 5], [3], [6]) : 0.8738644083
182 : ([1, 3], [2, 5], [4], [6]) : 0.8747483157
183 : ([1], [2, 5], [3], [4], [6]) : 0.8732659714
184 : ([1, 5], [2, 3, 4], [6]) : 0.9119670437
185 : ([1, 5], [2], [3, 4], [6]) : 0.8716610670
186 : ([1, 5], [2, 4], [3], [6]) : 0.8730907389
187 : ([1, 5], [2, 3], [4], [6]) : 0.9054756098
188 : ([1, 5], [2], [3], [4], [6]) : 0.8706207653
189 : ([1, 2, 3, 4], [5], [6]) : 0.9158637030
190 : ([1], [2, 3, 4], [5], [6]) : 0.9114401993
191 : ([1, 3, 4], [2], [5], [6]) : 0.8738461028
192 : ([1, 2], [3, 4], [5], [6]) : 0.8756851048
193 : ([1], [2], [3, 4], [5], [6]) : 0.8710421790
194 : ([1, 2, 4], [3], [5], [6]) : 0.8788689159
195 : ([1, 3], [2, 4], [5], [6]) : 0.8740323800
196 : ([1], [2, 4], [3], [5], [6]) : 0.8727536498
197 : ([1, 4], [2, 3], [5], [6]) : 0.9059228808
198 : ([1, 4], [2], [3], [5], [6]) : 0.8708426540
199 : ([1, 2, 3], [4], [5], [6]) : 0.9097496273
200 : ([1], [2, 3], [4], [5], [6]) : 0.9050023409
201 : ([1, 3], [2], [4], [5], [6]) : 0.8720753431
202 : ([1, 2], [3], [4], [5], [6]) : 0.8742672333
203 : ([1], [2], [3], [4], [5], [6]) : 0.8700961594
