=== Bootstrap seed: 37 ===
1 : ([1, 2, 3, 4, 5, 6],) : 0.9709285132
2 : ([1], [2, 3, 4, 5, 6]) : 0.9627566731
3 : ([1, 3, 4, 5, 6], [2]) : 0.9383251032
4 : ([1, 2], [3, 4, 5, 6]) : 0.9316235021
5 : ([1], [2], [3, 4, 5, 6]) : 0.9305136925
6 : ([1, 2, 4, 5, 6], [3]) : 0.9404065685
7 : ([1, 3], [2, 4, 5, 6]) : 0.9334605275
8 : ([1], [2, 4, 5, 6], [3]) : 0.9328594901
9 : ([1, 4, 5, 6], [2, 3]) : 0.9592442633
10 : ([1, 4, 5, 6], [2], [3]) : 0.9309326888
11 : ([1, 2, 3], [4, 5, 6]) : 0.9614507887
12 : ([1], [2, 3], [4, 5, 6]) : 0.9588690211
13 : ([1, 3], [2], [4, 5, 6]) : 0.9269892993
14 : ([1, 2], [3], [4, 5, 6]) : 0.9269346161
15 : ([1], [2], [3], [4, 5, 6]) : 0.9258223334
16 : ([1, 2, 3, 5, 6], [4]) : 0.9420502670
17 : ([1, 4], [2, 3, 5, 6]) : 0.9353793133
18 : ([1], [2, 3, 5, 6], [4]) : 0.9347000999
19 : ([1, 3, 5, 6], [2, 4]) : 0.9132516544
20 : ([1, 3, 5, 6], [2], [4]) : 0.9104282759
21 : ([1, 2, 4], [3, 5, 6]) : 0.9167636591
22 : ([1], [2, 4], [3, 5, 6]) : 0.9071652708
23 : ([1, 4], [2], [3, 5, 6]) : 0.9063432443
24 : ([1, 2], [3, 5, 6], [4]) : 0.9073657486
25 : ([1], [2], [3, 5, 6], [4]) : 0.9040108122
26 : ([1, 2, 5, 6], [3, 4]) : 0.9129070700
27 : ([1, 2, 5, 6], [3], [4]) : 0.9129184875
28 : ([1, 3, 4], [2, 5, 6]) : 0.9104428399
29 : ([1], [2, 5, 6], [3, 4]) : 0.9079406268
30 : ([1, 4], [2, 5, 6], [3]) : 0.9099251455
31 : ([1, 3], [2, 5, 6], [4]) : 0.9088369905
32 : ([1], [2, 5, 6], [3], [4]) : 0.9079929160
33 : ([1, 5, 6], [2, 3, 4]) : 0.9323895353
34 : ([1, 5, 6], [2], [3, 4]) : 0.9026375200
35 : ([1, 5, 6], [2, 4], [3]) : 0.9051721952
36 : ([1, 5, 6], [2, 3], [4]) : 0.9313895504
37 : ([1, 5, 6], [2], [3], [4]) : 0.9024351000
38 : ([1, 2, 3, 4], [5, 6]) : 0.9398043132
39 : ([1], [2, 3, 4], [5, 6]) : 0.9322564303
40 : ([1, 3, 4], [2], [5, 6]) : 0.9052698707
41 : ([1, 2], [3, 4], [5, 6]) : 0.9037871062
42 : ([1], [2], [3, 4], [5, 6]) : 0.9004729159
43 : ([1, 2, 4], [3], [5, 6]) : 0.9148875743
44 : ([1, 3], [2, 4], [5, 6]) : 0.9058147726
45 : ([1], [2, 4], [3], [5, 6]) : 0.9036795350
46 : ([1, 4], [2, 3], [5, 6]) : 0.9315634398
47 : ([1, 4], [2], [3], [5, 6]) : 0.9033164601
48 : ([1, 2, 3], [4], [5, 6]) : 0.9368180464
49 : ([1], [2, 3], [4], [5, 6]) : 0.9307693864
50 : ([1, 3], [2], [4], [5, 6]) : 0.9023779197
51 : ([1, 2], [3], [4], [5, 6]) : 0.9036173370
52 : ([1], [2], [3], [4], [5, 6]) : 0.9003429120
53 : ([1, 2, 3, 4, 6], [5]) : 0.9422877545
54 : ([1, 5], [2, 3, 4, 6]) : 0.9327790710
55 : ([1], [2, 3, 4, 6], [5]) : 0.9322635342
56 : ([1, 3, 4, 6], [2, 5]) : 0.9106351095
57 : ([1, 3, 4, 6], [2], [5]) : 0.9074889019
58 : ([1, 2, 5], [3, 4, 6]) : 0.9116839354
59 : ([1], [2, 5], [3, 4, 6]) : 0.9060188915
60 : ([1, 5], [2], [3, 4, 6]) : 0.9013946864
61 : ([1, 2], [3, 4, 6], [5]) : 0.9043255105
62 : ([1], [2], [3, 4, 6], [5]) : 0.8997795426
63 : ([1, 2, 4, 6], [3, 5]) : 0.9153798406
64 : ([1, 2, 4, 6], [3], [5]) : 0.9136596845
65 : ([1, 3, 5], [2, 4, 6]) : 0.9059403719
66 : ([1], [2, 4, 6], [3, 5]) : 0.9035123993
67 : ([1, 5], [2, 4, 6], [3]) : 0.9021173712
68 : ([1, 3], [2, 4, 6], [5]) : 0.9030301406
69 : ([1], [2, 4, 6], [3], [5]) : 0.9009842620
70 : ([1, 4, 6], [2, 3, 5]) : 0.9343315286
71 : ([1, 4, 6], [2], [3, 5]) : 0.9028261901
72 : ([1, 4, 6], [2, 5], [3]) : 0.9059916844
73 : ([1, 4, 6], [2, 3], [5]) : 0.9305358666
74 : ([1, 4, 6], [2], [3], [5]) : 0.9000119503
75 : ([1, 2, 3, 5], [4, 6]) : 0.9410069480
76 : ([1], [2, 3, 5], [4, 6]) : 0.9340175174
77 : ([1, 3, 5], [2], [4, 6]) : 0.9017402481
78 : ([1, 2], [3, 5], [4, 6]) : 0.9033755864
79 : ([1], [2], [3, 5], [4, 6]) : 0.8991414891
80 : ([1, 2, 5], [3], [4, 6]) : 0.9090610624
81 : ([1, 3], [2, 5], [4, 6]) : 0.9044111123
82 : ([1], [2, 5], [3], [4, 6]) : 0.9034041045
83 : ([1, 5], [2, 3], [4, 6]) : 0.9310170427
84 : ([1, 5], [2], [3], [4, 6]) : 0.8981876507
85 : ([1, 2, 3], [4, 6], [5]) : 0.9377956984
86 : ([1], [2, 3], [4, 6], [5]) : 0.9301259435
87 : ([1, 3], [2], [4, 6], [5]) : 0.8982248633
88 : ([1, 2], [3], [4, 6], [5]) : 0.9005337517
89 : ([1], [2], [3], [4, 6], [5]) : 0.8962744517
90 : ([1, 2, 3, 6], [4, 5]) : 0.9435820367
91 : ([1, 2, 3, 6], [4], [5]) : 0.9316634516
92 : ([1, 4, 5], [2, 3, 6]) : 0.9386280870
93 : ([1], [2, 3, 6], [4, 5]) : 0.9380195391
94 : ([1, 5], [2, 3, 6], [4]) : 0.9222399230
95 : ([1, 4], [2, 3, 6], [5]) : 0.9222237512
96 : ([1], [2, 3, 6], [4], [5]) : 0.9214287440
97 : ([1, 3, 6], [2, 4, 5]) : 0.9167808073
98 : ([1, 3, 6], [2], [4, 5]) : 0.9100538811
99 : ([1, 3, 6], [2, 5], [4]) : 0.9001441224
100 : ([1, 3, 6], [2, 4], [5]) : 0.8990772828
101 : ([1, 3, 6], [2], [4], [5]) : 0.8955447593
102 : ([1, 2, 4, 5], [3, 6]) : 0.9222020419
103 : ([1], [2, 4, 5], [3, 6]) : 0.9144525359
104 : ([1, 4, 5], [2], [3, 6]) : 0.9099212619
105 : ([1, 2], [3, 6], [4, 5]) : 0.9074529951
106 : ([1], [2], [3, 6], [4, 5]) : 0.9057661646
107 : ([1, 2, 5], [3, 6], [4]) : 0.9039437516
108 : ([1, 4], [2, 5], [3, 6]) : 0.8992299564
109 : ([1], [2, 5], [3, 6], [4]) : 0.8974148460
110 : ([1, 5], [2, 4], [3, 6]) : 0.8957669928
111 : ([1, 5], [2], [3, 6], [4]) : 0.8924665664
112 : ([1, 2, 4], [3, 6], [5]) : 0.9066808115
113 : ([1], [2, 4], [3, 6], [5]) : 0.8944667568
114 : ([1, 4], [2], [3, 6], [5]) : 0.8931051279
115 : ([1, 2], [3, 6], [4], [5]) : 0.8956050411
116 : ([1], [2], [3, 6], [4], [5]) : 0.8906471058
117 : ([1, 2, 6], [3, 4, 5]) : 0.9091864304
118 : ([1, 2, 6], [3], [4, 5]) : 0.9062850340
119 : ([1, 2, 6], [3, 5], [4]) : 0.8986733188
120 : ([1, 2, 6], [3, 4], [5]) : 0.8954833401
121 : ([1, 2, 6], [3], [4], [5]) : 0.8952338360
122 : ([1, 3, 4, 5], [2, 6]) : 0.9114515654
123 : ([1], [2, 6], [3, 4, 5]) : 0.9065340209
124 : ([1, 4, 5], [2, 6], [3]) : 0.9083000048
125 : ([1, 3], [2, 6], [4, 5]) : 0.9053546041
126 : ([1], [2, 6], [3], [4, 5]) : 0.9039971855
127 : ([1, 3, 5], [2, 6], [4]) : 0.8952080684
128 : ([1, 4], [2, 6], [3, 5]) : 0.8954607893
129 : ([1], [2, 6], [3, 5], [4]) : 0.8929273546
130 : ([1, 5], [2, 6], [3, 4]) : 0.8918759987
131 : ([1, 5], [2, 6], [3], [4]) : 0.8917426682
132 : ([1, 3, 4], [2, 6], [5]) : 0.8947840667
133 : ([1], [2, 6], [3, 4], [5]) : 0.8901379168
134 : ([1, 4], [2, 6], [3], [5]) : 0.8928066385
135 : ([1, 3], [2, 6], [4], [5]) : 0.8917877868
136 : ([1], [2, 6], [3], [4], [5]) : 0.8900255264
137 : ([1, 6], [2, 3, 4, 5]) : 0.9416724686
138 : ([1, 6], [2], [3, 4, 5]) : 0.9060972905
139 : ([1, 6], [2, 4, 5], [3]) : 0.9123641565
140 : ([1, 6], [2, 3], [4, 5]) : 0.9375657874
141 : ([1, 6], [2], [3], [4, 5]) : 0.9032410115
142 : ([1, 6], [2, 3, 5], [4]) : 0.9251560321
143 : ([1, 6], [2, 4], [3, 5]) : 0.8959481607
144 : ([1, 6], [2], [3, 5], [4]) : 0.8921280887
145 : ([1, 6], [2, 5], [3, 4]) : 0.8959533773
146 : ([1, 6], [2, 5], [3], [4]) : 0.8960171844
147 : ([1, 6], [2, 3, 4], [5]) : 0.9224904149
148 : ([1, 6], [2], [3, 4], [5]) : 0.8888864900
149 : ([1, 6], [2, 4], [3], [5]) : 0.8926656983
150 : ([1, 6], [2, 3], [4], [5]) : 0.9209706756
151 : ([1, 6], [2], [3], [4], [5]) : 0.8887013509
152 : ([1, 2, 3, 4, 5], [6]) : 0.9464174501
153 : ([1], [2, 3, 4, 5], [6]) : 0.9412939084
154 : ([1, 3, 4, 5], [2], [6]) : 0.9109577042
155 : ([1, 2], [3, 4, 5], [6]) : 0.9073468313
156 : ([1], [2], [3, 4, 5], [6]) : 0.9056911719
157 : ([1, 2, 4, 5], [3], [6]) : 0.9204098572
158 : ([1, 3], [2, 4, 5], [6]) : 0.9131291585
159 : ([1], [2, 4, 5], [3], [6]) : 0.9122595926
160 : ([1, 4, 5], [2, 3], [6]) : 0.9377422707
161 : ([1, 4, 5], [2], [3], [6]) : 0.9075618056
162 : ([1, 2, 3], [4, 5], [6]) : 0.9408152919
163 : ([1], [2, 3], [4, 5], [6]) : 0.9370901960
164 : ([1, 3], [2], [4, 5], [6]) : 0.9042921949
165 : ([1, 2], [3], [4, 5], [6]) : 0.9046961801
166 : ([1], [2], [3], [4, 5], [6]) : 0.9029587682
167 : ([1, 2, 3, 5], [4], [6]) : 0.9325285229
168 : ([1, 4], [2, 3, 5], [6]) : 0.9253755114
169 : ([1], [2, 3, 5], [4], [6]) : 0.9247551698
170 : ([1, 3, 5], [2, 4], [6]) : 0.8982148835
171 : ([1, 3, 5], [2], [4], [6]) : 0.8942496974
172 : ([1, 2, 4], [3, 5], [6]) : 0.9066923117
173 : ([1], [2, 4], [3, 5], [6]) : 0.8955607963
174 : ([1, 4], [2], [3, 5], [6]) : 0.8942118450
175 : ([1, 2], [3, 5], [4], [6]) : 0.8965166681
176 : ([1], [2], [3, 5], [4], [6]) : 0.8916769633
177 : ([1, 2, 5], [3, 4], [6]) : 0.9022302175
178 : ([1, 2, 5], [3], [4], [6]) : 0.9023127912
179 : ([1, 3, 4], [2, 5], [6]) : 0.8985506571
180 : ([1], [2, 5], [3, 4], [6]) : 0.8958590773
181 : ([1, 4], [2, 5], [3], [6]) : 0.8979493922
182 : ([1, 3], [2, 5], [4], [6]) : 0.8968175898
183 : ([1], [2, 5], [3], [4], [6]) : 0.8959242395
184 : ([1, 5], [2, 3, 4], [6]) : 0.9229101578
185 : ([1, 5], [2], [3, 4], [6]) : 0.8907265953
186 : ([1, 5], [2, 4], [3], [6]) : 0.8939348388
187 : ([1, 5], [2, 3], [4], [6]) : 0.9215044159
188 : ([1, 5], [2], [3], [4], [6]) : 0.8905315056
189 : ([1, 2, 3, 4], [5], [6]) : 0.9318252421
190 : ([1], [2, 3, 4], [5], [6]) : 0.9222976545
191 : ([1, 3, 4], [2], [5], [6]) : 0.8935390545
192 : ([1, 2], [3, 4], [5], [6]) : 0.8935558989
193 : ([1], [2], [3, 4], [5], [6]) : 0.8886454444
194 : ([1, 2, 4], [3], [5], [6]) : 0.9050583225
195 : ([1, 3], [2, 4], [5], [6]) : 0.8947055031
196 : ([1], [2, 4], [3], [5], [6]) : 0.8924962918
197 : ([1, 4], [2, 3], [5], [6]) : 0.9213961759
198 : ([1, 4], [2], [3], [5], [6]) : 0.8913184173
199 : ([1, 2, 3], [4], [5], [6]) : 0.9287501365
200 : ([1], [2, 3], [4], [5], [6]) : 0.9205660101
201 : ([1, 3], [2], [4], [5], [6]) : 0.8903427752
202 : ([1, 2], [3], [4], [5], [6]) : 0.8933511618
203 : ([1], [2], [3], [4], [5], [6]) : 0.8884617382
