=== Bootstrap seed: 78 ===
1 : ([1, 2, 3, 4, 5, 6],) : 0.9579829216
2 : ([1], [2, 3, 4, 5, 6]) : 0.9521061025
3 : ([1, 3, 4, 5, 6], [2]) : 0.9278422120
4 : ([1, 2], [3, 4, 5, 6]) : 0.9248628298
5 : ([1], [2], [3, 4, 5, 6]) : 0.9246553530
6 : ([1, 2, 4, 5, 6], [3]) : 0.9233548464
7 : ([1, 3], [2, 4, 5, 6]) : 0.9207101589
8 : ([1], [2, 4, 5, 6], [3]) : 0.9205438136
9 : ([1, 4, 5, 6], [2, 3]) : 0.9503534336
10 : ([1, 4, 5, 6], [2], [3]) : 0.9209225456
11 : ([1, 2, 3], [4, 5, 6]) : 0.9518733322
12 : ([1], [2, 3], [4, 5, 6]) : 0.9488984551
13 : ([1, 3], [2], [4, 5, 6]) : 0.9191371557
14 : ([1, 2], [3], [4, 5, 6]) : 0.9192393524
15 : ([1], [2], [3], [4, 5, 6]) : 0.9190305171
16 : ([1, 2, 3, 5, 6], [4]) : 0.9351067155
17 : ([1, 4], [2, 3, 5, 6]) : 0.9285187037
18 : ([1], [2, 3, 5, 6], [4]) : 0.9283027793
19 : ([1, 3, 5, 6], [2, 4]) : 0.9039851362
20 : ([1, 3, 5, 6], [2], [4]) : 0.9031498321
21 : ([1, 2, 4], [3, 5, 6]) : 0.9052004525
22 : ([1], [2, 4], [3, 5, 6]) : 0.9027312131
23 : ([1, 4], [2], [3, 5, 6]) : 0.9034544397
24 : ([1, 2], [3, 5, 6], [4]) : 0.9024463648
25 : ([1], [2], [3, 5, 6], [4]) : 0.9015330116
26 : ([1, 2, 5, 6], [3, 4]) : 0.9066520045
27 : ([1, 2, 5, 6], [3], [4]) : 0.9043069751
28 : ([1, 3, 4], [2, 5, 6]) : 0.9075566687
29 : ([1], [2, 5, 6], [3, 4]) : 0.9053795268
30 : ([1, 4], [2, 5, 6], [3]) : 0.9042481477
31 : ([1, 3], [2, 5, 6], [4]) : 0.9030290945
32 : ([1], [2, 5, 6], [3], [4]) : 0.9029471356
33 : ([1, 5, 6], [2, 3, 4]) : 0.9299722795
34 : ([1, 5, 6], [2], [3, 4]) : 0.9035568533
35 : ([1, 5, 6], [2, 4], [3]) : 0.9022272985
36 : ([1, 5, 6], [2, 3], [4]) : 0.9281639857
37 : ([1, 5, 6], [2], [3], [4]) : 0.9013819561
38 : ([1, 2, 3, 4], [5, 6]) : 0.9329008961
39 : ([1], [2, 3, 4], [5, 6]) : 0.9292982741
40 : ([1, 3, 4], [2], [5, 6]) : 0.9056256944
41 : ([1, 2], [3, 4], [5, 6]) : 0.9037335330
42 : ([1], [2], [3, 4], [5, 6]) : 0.9030778777
43 : ([1, 2, 4], [3], [5, 6]) : 0.9044602501
44 : ([1, 3], [2, 4], [5, 6]) : 0.9022561393
45 : ([1], [2, 4], [3], [5, 6]) : 0.9020756210
46 : ([1, 4], [2, 3], [5, 6]) : 0.9274411267
47 : ([1, 4], [2], [3], [5, 6]) : 0.9027550638
48 : ([1, 2, 3], [4], [5, 6]) : 0.9310553451
49 : ([1], [2, 3], [4], [5, 6]) : 0.9271698878
50 : ([1, 3], [2], [4], [5, 6]) : 0.9011096633
51 : ([1, 2], [3], [4], [5, 6]) : 0.9018560753
52 : ([1], [2], [3], [4], [5, 6]) : 0.9009510881
53 : ([1, 2, 3, 4, 6], [5]) : 0.9347567971
54 : ([1, 5], [2, 3, 4, 6]) : 0.9305138780
55 : ([1], [2, 3, 4, 6], [5]) : 0.9297913317
56 : ([1, 3, 4, 6], [2, 5]) : 0.9064575425
57 : ([1, 3, 4, 6], [2], [5]) : 0.9060624096
58 : ([1, 2, 5], [3, 4, 6]) : 0.9055988431
59 : ([1], [2, 5], [3, 4, 6]) : 0.9035001336
60 : ([1, 5], [2], [3, 4, 6]) : 0.9030912091
61 : ([1, 2], [3, 4, 6], [5]) : 0.9035844007
62 : ([1], [2], [3, 4, 6], [5]) : 0.9026864574
63 : ([1, 2, 4, 6], [3, 5]) : 0.9018260494
64 : ([1, 2, 4, 6], [3], [5]) : 0.9018630199
65 : ([1, 3, 5], [2, 4, 6]) : 0.8996389185
66 : ([1], [2, 4, 6], [3, 5]) : 0.8991958377
67 : ([1, 5], [2, 4, 6], [3]) : 0.8993780027
68 : ([1, 3], [2, 4, 6], [5]) : 0.8993414367
69 : ([1], [2, 4, 6], [3], [5]) : 0.8991867296
70 : ([1, 4, 6], [2, 3, 5]) : 0.9267488850
71 : ([1, 4, 6], [2], [3, 5]) : 0.8985566520
72 : ([1, 4, 6], [2, 5], [3]) : 0.8988143826
73 : ([1, 4, 6], [2, 3], [5]) : 0.9254774497
74 : ([1, 4, 6], [2], [3], [5]) : 0.8984919749
75 : ([1, 2, 3, 5], [4, 6]) : 0.9319272853
76 : ([1], [2, 3, 5], [4, 6]) : 0.9263016198
77 : ([1, 3, 5], [2], [4, 6]) : 0.8975016922
78 : ([1, 2], [3, 5], [4, 6]) : 0.8981666677
79 : ([1], [2], [3, 5], [4, 6]) : 0.8969876184
80 : ([1, 2, 5], [3], [4, 6]) : 0.8997019365
81 : ([1, 3], [2, 5], [4, 6]) : 0.8976999914
82 : ([1], [2, 5], [3], [4, 6]) : 0.8975912690
83 : ([1, 5], [2, 3], [4, 6]) : 0.9262196225
84 : ([1, 5], [2], [3], [4, 6]) : 0.8972174439
85 : ([1, 2, 3], [4, 6], [5]) : 0.9295921108
86 : ([1], [2, 3], [4, 6], [5]) : 0.9252084399
87 : ([1, 3], [2], [4, 6], [5]) : 0.8970385004
88 : ([1, 2], [3], [4, 6], [5]) : 0.8981894743
89 : ([1], [2], [3], [4, 6], [5]) : 0.8969653661
90 : ([1, 2, 3, 6], [4, 5]) : 0.9369303329
91 : ([1, 2, 3, 6], [4], [5]) : 0.9254654821
92 : ([1, 4, 5], [2, 3, 6]) : 0.9324993427
93 : ([1], [2, 3, 6], [4, 5]) : 0.9314618609
94 : ([1, 5], [2, 3, 6], [4]) : 0.9201813999
95 : ([1, 4], [2, 3, 6], [5]) : 0.9192955457
96 : ([1], [2, 3, 6], [4], [5]) : 0.9190402456
97 : ([1, 3, 6], [2, 4, 5]) : 0.9091852786
98 : ([1, 3, 6], [2], [4, 5]) : 0.9059546204
99 : ([1, 3, 6], [2, 5], [4]) : 0.8952520561
100 : ([1, 3, 6], [2, 4], [5]) : 0.8960050020
101 : ([1, 3, 6], [2], [4], [5]) : 0.8944268209
102 : ([1, 2, 4, 5], [3, 6]) : 0.9107193228
103 : ([1], [2, 4, 5], [3, 6]) : 0.9079660291
104 : ([1, 4, 5], [2], [3, 6]) : 0.9060421767
105 : ([1, 2], [3, 6], [4, 5]) : 0.9047795275
106 : ([1], [2], [3, 6], [4, 5]) : 0.9043816584
107 : ([1, 2, 5], [3, 6], [4]) : 0.8964548521
108 : ([1, 4], [2, 5], [3, 6]) : 0.8955345800
109 : ([1], [2, 5], [3, 6], [4]) : 0.8941962432
110 : ([1, 5], [2, 4], [3, 6]) : 0.8955501782
111 : ([1, 5], [2], [3, 6], [4]) : 0.8938547243
112 : ([1, 2, 4], [3, 6], [5]) : 0.8981632338
113 : ([1], [2, 4], [3, 6], [5]) : 0.8952801969
114 : ([1, 4], [2], [3, 6], [5]) : 0.8949491892
115 : ([1, 2], [3, 6], [4], [5]) : 0.8949395934
116 : ([1], [2], [3, 6], [4], [5]) : 0.8934147345
117 : ([1, 2, 6], [3, 4, 5]) : 0.9090117443
118 : ([1, 2, 6], [3], [4, 5]) : 0.9045486408
119 : ([1, 2, 6], [3, 5], [4]) : 0.8946267072
120 : ([1, 2, 6], [3, 4], [5]) : 0.8974192634
121 : ([1, 2, 6], [3], [4], [5]) : 0.8946450239
122 : ([1, 3, 4, 5], [2, 6]) : 0.9099257041
123 : ([1], [2, 6], [3, 4, 5]) : 0.9080169226
124 : ([1, 4, 5], [2, 6], [3]) : 0.9051188316
125 : ([1, 3], [2, 6], [4, 5]) : 0.9041257363
126 : ([1], [2, 6], [3], [4, 5]) : 0.9037096059
127 : ([1, 3, 5], [2, 6], [4]) : 0.8934042860
128 : ([1, 4], [2, 6], [3, 5]) : 0.8939033187
129 : ([1], [2, 6], [3, 5], [4]) : 0.8928592753
130 : ([1, 5], [2, 6], [3, 4]) : 0.8962589638
131 : ([1, 5], [2, 6], [3], [4]) : 0.8931708523
132 : ([1, 3, 4], [2, 6], [5]) : 0.8979668466
133 : ([1], [2, 6], [3, 4], [5]) : 0.8959491096
134 : ([1, 4], [2, 6], [3], [5]) : 0.8939135083
135 : ([1, 3], [2, 6], [4], [5]) : 0.8929873472
136 : ([1], [2, 6], [3], [4], [5]) : 0.8928782372
137 : ([1, 6], [2, 3, 4, 5]) : 0.9348223702
138 : ([1, 6], [2], [3, 4, 5]) : 0.9073321651
139 : ([1, 6], [2, 4, 5], [3]) : 0.9062683380
140 : ([1, 6], [2, 3], [4, 5]) : 0.9311036053
141 : ([1, 6], [2], [3], [4, 5]) : 0.9033453146
142 : ([1, 6], [2, 3, 5], [4]) : 0.9194807995
143 : ([1, 6], [2, 4], [3, 5]) : 0.8937200277
144 : ([1, 6], [2], [3, 5], [4]) : 0.8921237203
145 : ([1, 6], [2, 5], [3, 4]) : 0.8956065435
146 : ([1, 6], [2, 5], [3], [4]) : 0.8927939383
147 : ([1, 6], [2, 3, 4], [5]) : 0.9213883368
148 : ([1, 6], [2], [3, 4], [5]) : 0.8948741875
149 : ([1, 6], [2, 4], [3], [5]) : 0.8937332007
150 : ([1, 6], [2, 3], [4], [5]) : 0.9184514160
151 : ([1, 6], [2], [3], [4], [5]) : 0.8921355321
152 : ([1, 2, 3, 4, 5], [6]) : 0.9406716962
153 : ([1], [2, 3, 4, 5], [6]) : 0.9348303133
154 : ([1, 3, 4, 5], [2], [6]) : 0.9089377972
155 : ([1, 2], [3, 4, 5], [6]) : 0.9074379687
156 : ([1], [2], [3, 4, 5], [6]) : 0.9069908910
157 : ([1, 2, 4, 5], [3], [6]) : 0.9088465310
158 : ([1, 3], [2, 4, 5], [6]) : 0.9066532599
159 : ([1], [2, 4, 5], [3], [6]) : 0.9061530569
160 : ([1, 4, 5], [2, 3], [6]) : 0.9320293752
161 : ([1, 4, 5], [2], [3], [6]) : 0.9043873601
162 : ([1, 2, 3], [4, 5], [6]) : 0.9354668696
163 : ([1], [2, 3], [4, 5], [6]) : 0.9310774757
164 : ([1, 3], [2], [4, 5], [6]) : 0.9033902044
165 : ([1, 2], [3], [4, 5], [6]) : 0.9032384611
166 : ([1], [2], [3], [4, 5], [6]) : 0.9028982075
167 : ([1, 2, 3, 5], [4], [6]) : 0.9258267978
168 : ([1, 4], [2, 3, 5], [6]) : 0.9196296692
169 : ([1], [2, 3, 5], [4], [6]) : 0.9194420518
170 : ([1, 3, 5], [2, 4], [6]) : 0.8941252453
171 : ([1, 3, 5], [2], [4], [6]) : 0.8925273841
172 : ([1, 2, 4], [3, 5], [6]) : 0.8963068723
173 : ([1], [2, 4], [3, 5], [6]) : 0.8936821742
174 : ([1, 4], [2], [3, 5], [6]) : 0.8931900918
175 : ([1, 2], [3, 5], [4], [6]) : 0.8933309499
176 : ([1], [2], [3, 5], [4], [6]) : 0.8918705828
177 : ([1, 2, 5], [3, 4], [6]) : 0.8972695593
178 : ([1, 2, 5], [3], [4], [6]) : 0.8947198267
179 : ([1, 3, 4], [2, 5], [6]) : 0.8972409390
180 : ([1], [2, 5], [3, 4], [6]) : 0.8953740132
181 : ([1, 4], [2, 5], [3], [6]) : 0.8937265851
182 : ([1, 3], [2, 5], [4], [6]) : 0.8927805262
183 : ([1], [2, 5], [3], [4], [6]) : 0.8925961855
184 : ([1, 5], [2, 3, 4], [6]) : 0.9220631118
185 : ([1, 5], [2], [3, 4], [6]) : 0.8949716926
186 : ([1, 5], [2, 4], [3], [6]) : 0.8939062493
187 : ([1, 5], [2, 3], [4], [6]) : 0.9195600725
188 : ([1, 5], [2], [3], [4], [6]) : 0.8922262576
189 : ([1, 2, 3, 4], [5], [6]) : 0.9257483541
190 : ([1], [2, 3, 4], [5], [6]) : 0.9214436490
191 : ([1, 3, 4], [2], [5], [6]) : 0.8966755615
192 : ([1, 2], [3, 4], [5], [6]) : 0.8957610209
193 : ([1], [2], [3, 4], [5], [6]) : 0.8946252691
194 : ([1, 2, 4], [3], [5], [6]) : 0.8963435724
195 : ([1, 3], [2, 4], [5], [6]) : 0.8937943340
196 : ([1], [2, 4], [3], [5], [6]) : 0.8937043456
197 : ([1, 4], [2, 3], [5], [6]) : 0.9186340696
198 : ([1, 4], [2], [3], [5], [6]) : 0.8931983734
199 : ([1, 2, 3], [4], [5], [6]) : 0.9233229252
200 : ([1], [2, 3], [4], [5], [6]) : 0.9184614500
201 : ([1, 3], [2], [4], [5], [6]) : 0.8919995554
202 : ([1, 2], [3], [4], [5], [6]) : 0.8933651539
203 : ([1], [2], [3], [4], [5], [6]) : 0.8918947239
