=== Bootstrap seed: 65 ===
1 : ([1, 2, 3, 4, 5, 6],) : 0.9663358627
2 : ([1], [2, 3, 4, 5, 6]) : 0.9588203508
3 : ([1, 3, 4, 5, 6], [2]) : 0.9317275619
4 : ([1, 2], [3, 4, 5, 6]) : 0.9263164790
5 : ([1], [2], [3, 4, 5, 6]) : 0.9260008939
6 : ([1, 2, 4, 5, 6], [3]) : 0.9321069116
7 : ([1, 3], [2, 4, 5, 6]) : 0.9260692018
8 : ([1], [2, 4, 5, 6], [3]) : 0.9254641411
9 : ([1, 4, 5, 6], [2, 3]) : 0.9568552111
10 : ([1, 4, 5, 6], [2], [3]) : 0.9255830240
11 : ([1, 2, 3], [4, 5, 6]) : 0.9570198485
12 : ([1], [2, 3], [4, 5, 6]) : 0.9552402195
13 : ([1, 3], [2], [4, 5, 6]) : 0.9230181354
14 : ([1, 2], [3], [4, 5, 6]) : 0.9228157967
15 : ([1], [2], [3], [4, 5, 6]) : 0.9224241571
16 : ([1, 2, 3, 5, 6], [4]) : 0.9404024519
17 : ([1, 4], [2, 3, 5, 6]) : 0.9352408477
18 : ([1], [2, 3, 5, 6], [4]) : 0.9335843163
19 : ([1, 3, 5, 6], [2, 4]) : 0.9011176250
20 : ([1, 3, 5, 6], [2], [4]) : 0.9010748517
21 : ([1, 2, 4], [3, 5, 6]) : 0.9040443460
22 : ([1], [2, 4], [3, 5, 6]) : 0.8988086313
23 : ([1, 4], [2], [3, 5, 6]) : 0.9025085798
24 : ([1, 2], [3, 5, 6], [4]) : 0.9002806513
25 : ([1], [2], [3, 5, 6], [4]) : 0.8987293532
26 : ([1, 2, 5, 6], [3, 4]) : 0.9074793490
27 : ([1, 2, 5, 6], [3], [4]) : 0.9052323082
28 : ([1, 3, 4], [2, 5, 6]) : 0.9069528416
29 : ([1], [2, 5, 6], [3, 4]) : 0.9026780706
30 : ([1, 4], [2, 5, 6], [3]) : 0.9026570052
31 : ([1, 3], [2, 5, 6], [4]) : 0.9010852076
32 : ([1], [2, 5, 6], [3], [4]) : 0.9001682271
33 : ([1, 5, 6], [2, 3, 4]) : 0.9323847558
34 : ([1, 5, 6], [2], [3, 4]) : 0.9000194436
35 : ([1, 5, 6], [2, 4], [3]) : 0.8972793372
36 : ([1, 5, 6], [2, 3], [4]) : 0.9303333451
37 : ([1, 5, 6], [2], [3], [4]) : 0.8972598367
38 : ([1, 2, 3, 4], [5, 6]) : 0.9392853567
39 : ([1], [2, 3, 4], [5, 6]) : 0.9322472466
40 : ([1, 3, 4], [2], [5, 6]) : 0.9046451364
41 : ([1, 2], [3, 4], [5, 6]) : 0.9013925577
42 : ([1], [2], [3, 4], [5, 6]) : 0.8993598488
43 : ([1, 2, 4], [3], [5, 6]) : 0.9023604890
44 : ([1, 3], [2, 4], [5, 6]) : 0.8985380797
45 : ([1], [2, 4], [3], [5, 6]) : 0.8967618753
46 : ([1, 4], [2, 3], [5, 6]) : 0.9320423430
47 : ([1, 4], [2], [3], [5, 6]) : 0.9000729198
48 : ([1, 2, 3], [4], [5, 6]) : 0.9352064410
49 : ([1], [2, 3], [4], [5, 6]) : 0.9302215652
50 : ([1, 3], [2], [4], [5, 6]) : 0.8984288776
51 : ([1, 2], [3], [4], [5, 6]) : 0.8989705966
52 : ([1], [2], [3], [4], [5, 6]) : 0.8967140135
53 : ([1, 2, 3, 4, 6], [5]) : 0.9366911241
54 : ([1, 5], [2, 3, 4, 6]) : 0.9303670613
55 : ([1], [2, 3, 4, 6], [5]) : 0.9296889848
56 : ([1, 3, 4, 6], [2, 5]) : 0.9074150222
57 : ([1, 3, 4, 6], [2], [5]) : 0.9047570540
58 : ([1, 2, 5], [3, 4, 6]) : 0.9073946094
59 : ([1], [2, 5], [3, 4, 6]) : 0.9019987484
60 : ([1, 5], [2], [3, 4, 6]) : 0.8991444767
61 : ([1, 2], [3, 4, 6], [5]) : 0.9009321893
62 : ([1], [2], [3, 4, 6], [5]) : 0.8986631568
63 : ([1, 2, 4, 6], [3, 5]) : 0.9049240543
64 : ([1, 2, 4, 6], [3], [5]) : 0.9034309716
65 : ([1, 3, 5], [2, 4, 6]) : 0.8995124706
66 : ([1], [2, 4, 6], [3, 5]) : 0.8975374096
67 : ([1, 5], [2, 4, 6], [3]) : 0.8971724762
68 : ([1, 3], [2, 4, 6], [5]) : 0.8973776537
69 : ([1], [2, 4, 6], [3], [5]) : 0.8961370201
70 : ([1, 4, 6], [2, 3, 5]) : 0.9316577759
71 : ([1, 4, 6], [2], [3, 5]) : 0.8995134167
72 : ([1, 4, 6], [2, 5], [3]) : 0.9002712706
73 : ([1, 4, 6], [2, 3], [5]) : 0.9280889839
74 : ([1, 4, 6], [2], [3], [5]) : 0.8971323574
75 : ([1, 2, 3, 5], [4, 6]) : 0.9358921118
76 : ([1], [2, 3, 5], [4, 6]) : 0.9288821794
77 : ([1, 3, 5], [2], [4, 6]) : 0.8971172671
78 : ([1, 2], [3, 5], [4, 6]) : 0.8967871033
79 : ([1], [2], [3, 5], [4, 6]) : 0.8948216416
80 : ([1, 2, 5], [3], [4, 6]) : 0.9037299429
81 : ([1, 3], [2, 5], [4, 6]) : 0.8981540869
82 : ([1], [2, 5], [3], [4, 6]) : 0.8968210467
83 : ([1, 5], [2, 3], [4, 6]) : 0.9259235719
84 : ([1, 5], [2], [3], [4, 6]) : 0.8938273738
85 : ([1, 2, 3], [4, 6], [5]) : 0.9298131428
86 : ([1], [2, 3], [4, 6], [5]) : 0.9253940298
87 : ([1, 3], [2], [4, 6], [5]) : 0.8946984923
88 : ([1, 2], [3], [4, 6], [5]) : 0.8957370130
89 : ([1], [2], [3], [4, 6], [5]) : 0.8931148272
90 : ([1, 2, 3, 6], [4, 5]) : 0.9350810041
91 : ([1, 2, 3, 6], [4], [5]) : 0.9247849592
92 : ([1, 4, 5], [2, 3, 6]) : 0.9327607527
93 : ([1], [2, 3, 6], [4, 5]) : 0.9297456403
94 : ([1, 5], [2, 3, 6], [4]) : 0.9175802572
95 : ([1, 4], [2, 3, 6], [5]) : 0.9199320632
96 : ([1], [2, 3, 6], [4], [5]) : 0.9173463381
97 : ([1, 3, 6], [2, 4, 5]) : 0.8981021885
98 : ([1, 3, 6], [2], [4, 5]) : 0.8954189475
99 : ([1, 3, 6], [2, 5], [4]) : 0.8886579412
100 : ([1, 3, 6], [2, 4], [5]) : 0.8862130290
101 : ([1, 3, 6], [2], [4], [5]) : 0.8859189632
102 : ([1, 2, 4, 5], [3, 6]) : 0.9045803272
103 : ([1], [2, 4, 5], [3, 6]) : 0.8951268469
104 : ([1, 4, 5], [2], [3, 6]) : 0.8976857356
105 : ([1, 2], [3, 6], [4, 5]) : 0.8934860272
106 : ([1], [2], [3, 6], [4, 5]) : 0.8917792820
107 : ([1, 2, 5], [3, 6], [4]) : 0.8934628065
108 : ([1, 4], [2, 5], [3, 6]) : 0.8899217786
109 : ([1], [2, 5], [3, 6], [4]) : 0.8859368565
110 : ([1, 5], [2, 4], [3, 6]) : 0.8832081991
111 : ([1, 5], [2], [3, 6], [4]) : 0.8829752010
112 : ([1, 2, 4], [3, 6], [5]) : 0.8901918402
113 : ([1], [2, 4], [3, 6], [5]) : 0.8824863912
114 : ([1, 4], [2], [3, 6], [5]) : 0.8870382513
115 : ([1, 2], [3, 6], [4], [5]) : 0.8854494080
116 : ([1], [2], [3, 6], [4], [5]) : 0.8822853371
117 : ([1, 2, 6], [3, 4, 5]) : 0.8964238962
118 : ([1, 2, 6], [3], [4, 5]) : 0.8921316783
119 : ([1, 2, 6], [3, 5], [4]) : 0.8854998791
120 : ([1, 2, 6], [3, 4], [5]) : 0.8868427960
121 : ([1, 2, 6], [3], [4], [5]) : 0.8843762270
122 : ([1, 3, 4, 5], [2, 6]) : 0.9030296559
123 : ([1], [2, 6], [3, 4, 5]) : 0.8954478756
124 : ([1, 4, 5], [2, 6], [3]) : 0.8962102419
125 : ([1, 3], [2, 6], [4, 5]) : 0.8921658277
126 : ([1], [2, 6], [3], [4, 5]) : 0.8907871971
127 : ([1, 3, 5], [2, 6], [4]) : 0.8857594898
128 : ([1, 4], [2, 6], [3, 5]) : 0.8885052455
129 : ([1], [2, 6], [3, 5], [4]) : 0.8837186279
130 : ([1, 5], [2, 6], [3, 4]) : 0.8851698505
131 : ([1, 5], [2, 6], [3], [4]) : 0.8825372667
132 : ([1, 3, 4], [2, 6], [5]) : 0.8913895497
133 : ([1], [2, 6], [3, 4], [5]) : 0.8844168889
134 : ([1, 4], [2, 6], [3], [5]) : 0.8862595558
135 : ([1, 3], [2, 6], [4], [5]) : 0.8840154243
136 : ([1], [2, 6], [3], [4], [5]) : 0.8818672282
137 : ([1, 6], [2, 3, 4, 5]) : 0.9350112217
138 : ([1, 6], [2], [3, 4, 5]) : 0.8958859097
139 : ([1, 6], [2, 4, 5], [3]) : 0.8946321815
140 : ([1, 6], [2, 3], [4, 5]) : 0.9279830669
141 : ([1, 6], [2], [3], [4, 5]) : 0.8908766749
142 : ([1, 6], [2, 3, 5], [4]) : 0.9205528080
143 : ([1, 6], [2, 4], [3, 5]) : 0.8839203148
144 : ([1, 6], [2], [3, 5], [4]) : 0.8834522939
145 : ([1, 6], [2, 5], [3, 4]) : 0.8885577167
146 : ([1, 6], [2, 5], [3], [4]) : 0.8855766955
147 : ([1, 6], [2, 3, 4], [5]) : 0.9190384533
148 : ([1, 6], [2], [3, 4], [5]) : 0.8845072803
149 : ([1, 6], [2, 4], [3], [5]) : 0.8819096923
150 : ([1, 6], [2, 3], [4], [5]) : 0.9164626613
151 : ([1, 6], [2], [3], [4], [5]) : 0.8815832300
152 : ([1, 2, 3, 4, 5], [6]) : 0.9426160126
153 : ([1], [2, 3, 4, 5], [6]) : 0.9348064395
154 : ([1, 3, 4, 5], [2], [6]) : 0.9030275134
155 : ([1, 2], [3, 4, 5], [6]) : 0.8961033743
156 : ([1], [2], [3, 4, 5], [6]) : 0.8954426227
157 : ([1, 2, 4, 5], [3], [6]) : 0.9039478922
158 : ([1, 3], [2, 4, 5], [6]) : 0.8954492056
159 : ([1], [2, 4, 5], [3], [6]) : 0.8943549860
160 : ([1, 4, 5], [2, 3], [6]) : 0.9307966186
161 : ([1, 4, 5], [2], [3], [6]) : 0.8960911780
162 : ([1, 2, 3], [4, 5], [6]) : 0.9317130734
163 : ([1], [2, 3], [4, 5], [6]) : 0.9279575634
164 : ([1, 3], [2], [4, 5], [6]) : 0.8920411826
165 : ([1, 2], [3], [4, 5], [6]) : 0.8920386261
166 : ([1], [2], [3], [4, 5], [6]) : 0.8906571659
167 : ([1, 2, 3, 5], [4], [6]) : 0.9279446475
168 : ([1, 4], [2, 3, 5], [6]) : 0.9224959019
169 : ([1], [2, 3, 5], [4], [6]) : 0.9202706433
170 : ([1, 3, 5], [2, 4], [6]) : 0.8858807491
171 : ([1, 3, 5], [2], [4], [6]) : 0.8854876022
172 : ([1, 2, 4], [3, 5], [6]) : 0.8908339455
173 : ([1], [2, 4], [3, 5], [6]) : 0.8837116518
174 : ([1, 4], [2], [3, 5], [6]) : 0.8882756109
175 : ([1, 2], [3, 5], [4], [6]) : 0.8853905775
176 : ([1], [2], [3, 5], [4], [6]) : 0.8832588101
177 : ([1, 2, 5], [3, 4], [6]) : 0.8952567675
178 : ([1, 2, 5], [3], [4], [6]) : 0.8929811691
179 : ([1, 3, 4], [2, 5], [6]) : 0.8946462193
180 : ([1], [2, 5], [3, 4], [6]) : 0.8882815017
181 : ([1, 4], [2, 5], [3], [6]) : 0.8891216763
182 : ([1, 3], [2, 5], [4], [6]) : 0.8869988234
183 : ([1], [2, 5], [3], [4], [6]) : 0.8853591769
184 : ([1, 5], [2, 3, 4], [6]) : 0.9191040316
185 : ([1, 5], [2], [3, 4], [6]) : 0.8850527977
186 : ([1, 5], [2, 4], [3], [6]) : 0.8824479354
187 : ([1, 5], [2, 3], [4], [6]) : 0.9165206119
188 : ([1, 5], [2], [3], [4], [6]) : 0.8821130164
189 : ([1, 2, 3, 4], [5], [6]) : 0.9278208686
190 : ([1], [2, 3, 4], [5], [6]) : 0.9187717336
191 : ([1, 3, 4], [2], [5], [6]) : 0.8914568695
192 : ([1, 2], [3, 4], [5], [6]) : 0.8869926686
193 : ([1], [2], [3, 4], [5], [6]) : 0.8843012653
194 : ([1, 2, 4], [3], [5], [6]) : 0.8893008019
195 : ([1, 3], [2, 4], [5], [6]) : 0.8840959179
196 : ([1], [2, 4], [3], [5], [6]) : 0.8817658148
197 : ([1, 4], [2, 3], [5], [6]) : 0.9188624164
198 : ([1, 4], [2], [3], [5], [6]) : 0.8860378975
199 : ([1, 2, 3], [4], [5], [6]) : 0.9223137009
200 : ([1], [2, 3], [4], [5], [6]) : 0.9163058053
201 : ([1, 3], [2], [4], [5], [6]) : 0.8837351614
202 : ([1, 2], [3], [4], [5], [6]) : 0.8844001585
203 : ([1], [2], [3], [4], [5], [6]) : 0.8814543891
