=== Bootstrap seed: 49 ===
1 : ([1, 2, 3, 4, 5, 6],) : 0.9660500467
2 : ([1], [2, 3, 4, 5, 6]) : 0.9601467327
3 : ([1, 3, 4, 5, 6], [2]) : 0.9404242067
4 : ([1, 2], [3, 4, 5, 6]) : 0.9376028539
5 : ([1], [2], [3, 4, 5, 6]) : 0.9357459059
6 : ([1, 2, 4, 5, 6], [3]) : 0.9365274674
7 : ([1, 3], [2, 4, 5, 6]) : 0.9332488632
8 : ([1], [2, 4, 5, 6], [3]) : 0.9323703038
9 : ([1, 4, 5, 6], [2, 3]) : 0.9554330832
10 : ([1, 4, 5, 6], [2], [3]) : 0.9316558907
11 : ([1, 2, 3], [4, 5, 6]) : 0.9571831299
12 : ([1], [2, 3], [4, 5, 6]) : 0.9547087618
13 : ([1, 3], [2], [4, 5, 6]) : 0.9302323204
14 : ([1, 2], [3], [4, 5, 6]) : 0.9300784230
15 : ([1], [2], [3], [4, 5, 6]) : 0.9291447114
16 : ([1, 2, 3, 5, 6], [4]) : 0.9504645044
17 : ([1, 4], [2, 3, 5, 6]) : 0.9422053665
18 : ([1], [2, 3, 5, 6], [4]) : 0.9412177115
19 : ([1, 3, 5, 6], [2, 4]) : 0.9204570535
20 : ([1, 3, 5, 6], [2], [4]) : 0.9200846329
21 : ([1, 2, 4], [3, 5, 6]) : 0.9229232955
22 : ([1], [2, 4], [3, 5, 6]) : 0.9147347654
23 : ([1, 4], [2], [3, 5, 6]) : 0.9189443370
24 : ([1, 2], [3, 5, 6], [4]) : 0.9176885132
25 : ([1], [2], [3, 5, 6], [4]) : 0.9143210332
26 : ([1, 2, 5, 6], [3, 4]) : 0.9194962784
27 : ([1, 2, 5, 6], [3], [4]) : 0.9177908913
28 : ([1, 3, 4], [2, 5, 6]) : 0.9200094894
29 : ([1], [2, 5, 6], [3, 4]) : 0.9149652920
30 : ([1, 4], [2, 5, 6], [3]) : 0.9164587045
31 : ([1, 3], [2, 5, 6], [4]) : 0.9153231258
32 : ([1], [2, 5, 6], [3], [4]) : 0.9133185062
33 : ([1, 5, 6], [2, 3, 4]) : 0.9372713063
34 : ([1, 5, 6], [2], [3, 4]) : 0.9111656067
35 : ([1, 5, 6], [2, 4], [3]) : 0.9096720500
36 : ([1, 5, 6], [2, 3], [4]) : 0.9352435252
37 : ([1, 5, 6], [2], [3], [4]) : 0.9092428041
38 : ([1, 2, 3, 4], [5, 6]) : 0.9436943793
39 : ([1], [2, 3, 4], [5, 6]) : 0.9366544747
40 : ([1, 3, 4], [2], [5, 6]) : 0.9162918852
41 : ([1, 2], [3, 4], [5, 6]) : 0.9122738544
42 : ([1], [2], [3, 4], [5, 6]) : 0.9096619393
43 : ([1, 2, 4], [3], [5, 6]) : 0.9157524172
44 : ([1, 3], [2, 4], [5, 6]) : 0.9111287210
45 : ([1], [2, 4], [3], [5, 6]) : 0.9084738895
46 : ([1, 4], [2, 3], [5, 6]) : 0.9359763690
47 : ([1, 4], [2], [3], [5, 6]) : 0.9124945037
48 : ([1, 2, 3], [4], [5, 6]) : 0.9404361306
49 : ([1], [2, 3], [4], [5, 6]) : 0.9347461098
50 : ([1, 3], [2], [4], [5, 6]) : 0.9104992856
51 : ([1, 2], [3], [4], [5, 6]) : 0.9102467294
52 : ([1], [2], [3], [4], [5, 6]) : 0.9079749805
53 : ([1, 2, 3, 4, 6], [5]) : 0.9449804555
54 : ([1, 5], [2, 3, 4, 6]) : 0.9375260575
55 : ([1], [2, 3, 4, 6], [5]) : 0.9368513289
56 : ([1, 3, 4, 6], [2, 5]) : 0.9203550270
57 : ([1, 3, 4, 6], [2], [5]) : 0.9179742784
58 : ([1, 2, 5], [3, 4, 6]) : 0.9213140909
59 : ([1], [2, 5], [3, 4, 6]) : 0.9150015561
60 : ([1, 5], [2], [3, 4, 6]) : 0.9126928349
61 : ([1, 2], [3, 4, 6], [5]) : 0.9159385998
62 : ([1], [2], [3, 4, 6], [5]) : 0.9113940049
63 : ([1, 2, 4, 6], [3, 5]) : 0.9127476386
64 : ([1, 2, 4, 6], [3], [5]) : 0.9126282816
65 : ([1, 3, 5], [2, 4, 6]) : 0.9088527618
66 : ([1], [2, 4, 6], [3, 5]) : 0.9053256390
67 : ([1, 5], [2, 4, 6], [3]) : 0.9068392255
68 : ([1, 3], [2, 4, 6], [5]) : 0.9066947011
69 : ([1], [2, 4, 6], [3], [5]) : 0.9050694486
70 : ([1, 4, 6], [2, 3, 5]) : 0.9344094288
71 : ([1, 4, 6], [2], [3, 5]) : 0.9077465826
72 : ([1, 4, 6], [2, 5], [3]) : 0.9105968700
73 : ([1, 4, 6], [2, 3], [5]) : 0.9322190027
74 : ([1, 4, 6], [2], [3], [5]) : 0.9075128311
75 : ([1, 2, 3, 5], [4, 6]) : 0.9402117374
76 : ([1], [2, 3, 5], [4, 6]) : 0.9336552971
77 : ([1, 3, 5], [2], [4, 6]) : 0.9071061956
78 : ([1, 2], [3, 5], [4, 6]) : 0.9069197362
79 : ([1], [2], [3, 5], [4, 6]) : 0.9038567769
80 : ([1, 2, 5], [3], [4, 6]) : 0.9135619668
81 : ([1, 3], [2, 5], [4, 6]) : 0.9086656827
82 : ([1], [2, 5], [3], [4, 6]) : 0.9076175827
83 : ([1, 5], [2, 3], [4, 6]) : 0.9320392858
84 : ([1, 5], [2], [3], [4, 6]) : 0.9052301173
85 : ([1, 2, 3], [4, 6], [5]) : 0.9368886366
86 : ([1], [2, 3], [4, 6], [5]) : 0.9312977349
87 : ([1, 3], [2], [4, 6], [5]) : 0.9051963502
88 : ([1, 2], [3], [4, 6], [5]) : 0.9067699839
89 : ([1], [2], [3], [4, 6], [5]) : 0.9036667355
90 : ([1, 2, 3, 6], [4, 5]) : 0.9489180076
91 : ([1, 2, 3, 6], [4], [5]) : 0.9408419383
92 : ([1, 4, 5], [2, 3, 6]) : 0.9434846410
93 : ([1], [2, 3, 6], [4, 5]) : 0.9428563978
94 : ([1, 5], [2, 3, 6], [4]) : 0.9331342240
95 : ([1, 4], [2, 3, 6], [5]) : 0.9332487559
96 : ([1], [2, 3, 6], [4], [5]) : 0.9324417461
97 : ([1, 3, 6], [2, 4, 5]) : 0.9238391668
98 : ([1, 3, 6], [2], [4, 5]) : 0.9206136157
99 : ([1, 3, 6], [2, 5], [4]) : 0.9134461306
100 : ([1, 3, 6], [2, 4], [5]) : 0.9110331991
101 : ([1, 3, 6], [2], [4], [5]) : 0.9105289267
102 : ([1, 2, 4, 5], [3, 6]) : 0.9251785694
103 : ([1], [2, 4, 5], [3, 6]) : 0.9198577280
104 : ([1, 4, 5], [2], [3, 6]) : 0.9184346281
105 : ([1, 2], [3, 6], [4, 5]) : 0.9175882560
106 : ([1], [2], [3, 6], [4, 5]) : 0.9157539828
107 : ([1, 2, 5], [3, 6], [4]) : 0.9151722988
108 : ([1, 4], [2, 5], [3, 6]) : 0.9115930384
109 : ([1], [2, 5], [3, 6], [4]) : 0.9092669488
110 : ([1, 5], [2, 4], [3, 6]) : 0.9070323650
111 : ([1, 5], [2], [3, 6], [4]) : 0.9066690057
112 : ([1, 2, 4], [3, 6], [5]) : 0.9133112389
113 : ([1], [2, 4], [3, 6], [5]) : 0.9059581242
114 : ([1, 4], [2], [3, 6], [5]) : 0.9086874690
115 : ([1, 2], [3, 6], [4], [5]) : 0.9094492182
116 : ([1], [2], [3, 6], [4], [5]) : 0.9055837827
117 : ([1, 2, 6], [3, 4, 5]) : 0.9158370811
118 : ([1, 2, 6], [3], [4, 5]) : 0.9129246022
119 : ([1, 2, 6], [3, 5], [4]) : 0.9050856239
120 : ([1, 2, 6], [3, 4], [5]) : 0.9064421830
121 : ([1, 2, 6], [3], [4], [5]) : 0.9046555479
122 : ([1, 3, 4, 5], [2, 6]) : 0.9186001326
123 : ([1], [2, 6], [3, 4, 5]) : 0.9128493894
124 : ([1, 4, 5], [2, 6], [3]) : 0.9132073009
125 : ([1, 3], [2, 6], [4, 5]) : 0.9120331323
126 : ([1], [2, 6], [3], [4, 5]) : 0.9096063162
127 : ([1, 3, 5], [2, 6], [4]) : 0.9045006748
128 : ([1, 4], [2, 6], [3, 5]) : 0.9030762500
129 : ([1], [2, 6], [3, 5], [4]) : 0.9001231519
130 : ([1, 5], [2, 6], [3, 4]) : 0.9033977267
131 : ([1, 5], [2, 6], [3], [4]) : 0.9015516483
132 : ([1, 3, 4], [2, 6], [5]) : 0.9067752408
133 : ([1], [2, 6], [3, 4], [5]) : 0.9012524617
134 : ([1, 4], [2, 6], [3], [5]) : 0.9025984096
135 : ([1, 3], [2, 6], [4], [5]) : 0.9021935972
136 : ([1], [2, 6], [3], [4], [5]) : 0.8996220550
137 : ([1, 6], [2, 3, 4, 5]) : 0.9434298049
138 : ([1, 6], [2], [3, 4, 5]) : 0.9134737891
139 : ([1, 6], [2, 4, 5], [3]) : 0.9141554075
140 : ([1, 6], [2, 3], [4, 5]) : 0.9395430729
141 : ([1, 6], [2], [3], [4, 5]) : 0.9102098989
142 : ([1, 6], [2, 3, 5], [4]) : 0.9311673628
143 : ([1, 6], [2, 4], [3, 5]) : 0.9010092080
144 : ([1, 6], [2], [3, 5], [4]) : 0.9006295955
145 : ([1, 6], [2, 5], [3, 4]) : 0.9061834106
146 : ([1, 6], [2, 5], [3], [4]) : 0.9043582090
147 : ([1, 6], [2, 3, 4], [5]) : 0.9305332706
148 : ([1, 6], [2], [3, 4], [5]) : 0.9018552344
149 : ([1, 6], [2, 4], [3], [5]) : 0.9005652719
150 : ([1, 6], [2, 3], [4], [5]) : 0.9285536121
151 : ([1, 6], [2], [3], [4], [5]) : 0.9001813937
152 : ([1, 2, 3, 4, 5], [6]) : 0.9485415941
153 : ([1], [2, 3, 4, 5], [6]) : 0.9431816443
154 : ([1, 3, 4, 5], [2], [6]) : 0.9177241980
155 : ([1, 2], [3, 4, 5], [6]) : 0.9133897075
156 : ([1], [2], [3, 4, 5], [6]) : 0.9122894237
157 : ([1, 2, 4, 5], [3], [6]) : 0.9189482320
158 : ([1, 3], [2, 4, 5], [6]) : 0.9146461723
159 : ([1], [2, 4, 5], [3], [6]) : 0.9128956196
160 : ([1, 4, 5], [2, 3], [6]) : 0.9398795372
161 : ([1, 4, 5], [2], [3], [6]) : 0.9122159094
162 : ([1, 2, 3], [4, 5], [6]) : 0.9435040058
163 : ([1], [2, 3], [4, 5], [6]) : 0.9392902724
164 : ([1, 3], [2], [4, 5], [6]) : 0.9112413339
165 : ([1, 2], [3], [4, 5], [6]) : 0.9099361423
166 : ([1], [2], [3], [4, 5], [6]) : 0.9089070348
167 : ([1, 2, 3, 5], [4], [6]) : 0.9380174901
168 : ([1, 4], [2, 3, 5], [6]) : 0.9312303564
169 : ([1], [2, 3, 5], [4], [6]) : 0.9309584858
170 : ([1, 3, 5], [2, 4], [6]) : 0.9038648013
171 : ([1, 3, 5], [2], [4], [6]) : 0.9033928504
172 : ([1, 2, 4], [3, 5], [6]) : 0.9059773857
173 : ([1], [2, 4], [3, 5], [6]) : 0.8996766172
174 : ([1, 4], [2], [3, 5], [6]) : 0.9022430949
175 : ([1, 2], [3, 5], [4], [6]) : 0.9020363955
176 : ([1], [2], [3, 5], [4], [6]) : 0.8992932473
177 : ([1, 2, 5], [3, 4], [6]) : 0.9108389850
178 : ([1, 2, 5], [3], [4], [6]) : 0.9087243150
179 : ([1, 3, 4], [2, 5], [6]) : 0.9090205427
180 : ([1], [2, 5], [3, 4], [6]) : 0.9048679254
181 : ([1, 4], [2, 5], [3], [6]) : 0.9050862695
182 : ([1, 3], [2, 5], [4], [6]) : 0.9047886251
183 : ([1], [2, 5], [3], [4], [6]) : 0.9029391546
184 : ([1, 5], [2, 3, 4], [6]) : 0.9308946106
185 : ([1, 5], [2], [3, 4], [6]) : 0.9024023570
186 : ([1, 5], [2, 4], [3], [6]) : 0.9008662160
187 : ([1, 5], [2, 3], [4], [6]) : 0.9290324311
188 : ([1, 5], [2], [3], [4], [6]) : 0.9004433526
189 : ([1, 2, 3, 4], [5], [6]) : 0.9374138992
190 : ([1], [2, 3, 4], [5], [6]) : 0.9301965889
191 : ([1, 3, 4], [2], [5], [6]) : 0.9060113460
192 : ([1, 2], [3, 4], [5], [6]) : 0.9037589674
193 : ([1], [2], [3, 4], [5], [6]) : 0.9005751287
194 : ([1, 2, 4], [3], [5], [6]) : 0.9056015931
195 : ([1, 3], [2, 4], [5], [6]) : 0.9018263411
196 : ([1], [2, 4], [3], [5], [6]) : 0.8992074346
197 : ([1, 4], [2, 3], [5], [6]) : 0.9288315023
198 : ([1, 4], [2], [3], [5], [6]) : 0.9017889396
199 : ([1, 2, 3], [4], [5], [6]) : 0.9344983419
200 : ([1], [2, 3], [4], [5], [6]) : 0.9283002901
201 : ([1, 3], [2], [4], [5], [6]) : 0.9013380782
202 : ([1, 2], [3], [4], [5], [6]) : 0.9016034933
203 : ([1], [2], [3], [4], [5], [6]) : 0.8988274139
