=== Bootstrap seed: 39 ===
1 : ([1, 2, 3, 4, 5, 6],) : 0.9569634124
2 : ([1], [2, 3, 4, 5, 6]) : 0.9525640586
3 : ([1, 3, 4, 5, 6], [2]) : 0.9233720489
4 : ([1, 2], [3, 4, 5, 6]) : 0.9181763353
5 : ([1], [2], [3, 4, 5, 6]) : 0.9177979391
6 : ([1, 2, 4, 5, 6], [3]) : 0.9234271434
7 : ([1, 3], [2, 4, 5, 6]) : 0.9198247640
8 : ([1], [2, 4, 5, 6], [3]) : 0.9188753739
9 : ([1, 4, 5, 6], [2, 3]) : 0.9526983152
10 : ([1, 4, 5, 6], [2], [3]) : 0.9183415622
11 : ([1, 2, 3], [4, 5, 6]) : 0.9522637039
12 : ([1], [2, 3], [4, 5, 6]) : 0.9507423557
13 : ([1, 3], [2], [4, 5, 6]) : 0.9159945138
14 : ([1, 2], [3], [4, 5, 6]) : 0.9157788548
15 : ([1], [2], [3], [4, 5, 6]) : 0.9153127939
16 : ([1, 2, 3, 5, 6], [4]) : 0.9310177516
17 : ([1, 4], [2, 3, 5, 6]) : 0.9266964826
18 : ([1], [2, 3, 5, 6], [4]) : 0.9257962946
19 : ([1, 3, 5, 6], [2, 4]) : 0.8915794520
20 : ([1, 3, 5, 6], [2], [4]) : 0.8902599163
21 : ([1, 2, 4], [3, 5, 6]) : 0.8918823671
22 : ([1], [2, 4], [3, 5, 6]) : 0.8863100574
23 : ([1, 4], [2], [3, 5, 6]) : 0.8886063190
24 : ([1, 2], [3, 5, 6], [4]) : 0.8867699741
25 : ([1], [2], [3, 5, 6], [4]) : 0.8852254764
26 : ([1, 2, 5, 6], [3, 4]) : 0.8905759136
27 : ([1, 2, 5, 6], [3], [4]) : 0.8883184363
28 : ([1, 3, 4], [2, 5, 6]) : 0.8901611129
29 : ([1], [2, 5, 6], [3, 4]) : 0.8863351472
30 : ([1, 4], [2, 5, 6], [3]) : 0.8871915605
31 : ([1, 3], [2, 5, 6], [4]) : 0.8856530796
32 : ([1], [2, 5, 6], [3], [4]) : 0.8844232311
33 : ([1, 5, 6], [2, 3, 4]) : 0.9269279791
34 : ([1, 5, 6], [2], [3, 4]) : 0.8862269444
35 : ([1, 5, 6], [2, 4], [3]) : 0.8851318524
36 : ([1, 5, 6], [2, 3], [4]) : 0.9235664039
37 : ([1, 5, 6], [2], [3], [4]) : 0.8839421129
38 : ([1, 2, 3, 4], [5, 6]) : 0.9298857223
39 : ([1], [2, 3, 4], [5, 6]) : 0.9258671211
40 : ([1, 3, 4], [2], [5, 6]) : 0.8883746226
41 : ([1, 2], [3, 4], [5, 6]) : 0.8857010138
42 : ([1], [2], [3, 4], [5, 6]) : 0.8839998891
43 : ([1, 2, 4], [3], [5, 6]) : 0.8894097368
44 : ([1, 3], [2, 4], [5, 6]) : 0.8851357284
45 : ([1], [2, 4], [3], [5, 6]) : 0.8832695986
46 : ([1, 4], [2, 3], [5, 6]) : 0.9232953150
47 : ([1, 4], [2], [3], [5, 6]) : 0.8849603393
48 : ([1, 2, 3], [4], [5, 6]) : 0.9269480305
49 : ([1], [2, 3], [4], [5, 6]) : 0.9226901034
50 : ([1, 3], [2], [4], [5, 6]) : 0.8831437711
51 : ([1, 2], [3], [4], [5, 6]) : 0.8835763173
52 : ([1], [2], [3], [4], [5, 6]) : 0.8817499067
53 : ([1, 2, 3, 4, 6], [5]) : 0.9294008822
54 : ([1, 5], [2, 3, 4, 6]) : 0.9253606075
55 : ([1], [2, 3, 4, 6], [5]) : 0.9247139544
56 : ([1, 3, 4, 6], [2, 5]) : 0.8904973205
57 : ([1, 3, 4, 6], [2], [5]) : 0.8893556310
58 : ([1, 2, 5], [3, 4, 6]) : 0.8894294416
59 : ([1], [2, 5], [3, 4, 6]) : 0.8857754445
60 : ([1, 5], [2], [3, 4, 6]) : 0.8863543973
61 : ([1, 2], [3, 4, 6], [5]) : 0.8863979119
62 : ([1], [2], [3, 4, 6], [5]) : 0.8845991256
63 : ([1, 2, 4, 6], [3, 5]) : 0.8918169781
64 : ([1, 2, 4, 6], [3], [5]) : 0.8905030339
65 : ([1, 3, 5], [2, 4, 6]) : 0.8912675485
66 : ([1], [2, 4, 6], [3, 5]) : 0.8887028274
67 : ([1, 5], [2, 4, 6], [3]) : 0.8887853866
68 : ([1, 3], [2, 4, 6], [5]) : 0.8886299463
69 : ([1], [2, 4, 6], [3], [5]) : 0.8874451916
70 : ([1, 4, 6], [2, 3, 5]) : 0.9238683013
71 : ([1, 4, 6], [2], [3, 5]) : 0.8857569064
72 : ([1, 4, 6], [2, 5], [3]) : 0.8854530038
73 : ([1, 4, 6], [2, 3], [5]) : 0.9220552623
74 : ([1, 4, 6], [2], [3], [5]) : 0.8840275111
75 : ([1, 2, 3, 5], [4, 6]) : 0.9258305475
76 : ([1], [2, 3, 5], [4, 6]) : 0.9223213847
77 : ([1, 3, 5], [2], [4, 6]) : 0.8858413729
78 : ([1, 2], [3, 5], [4, 6]) : 0.8849478125
79 : ([1], [2], [3, 5], [4, 6]) : 0.8832414013
80 : ([1, 2, 5], [3], [4, 6]) : 0.8864196803
81 : ([1, 3], [2, 5], [4, 6]) : 0.8839062714
82 : ([1], [2, 5], [3], [4, 6]) : 0.8831966972
83 : ([1, 5], [2, 3], [4, 6]) : 0.9216365875
84 : ([1, 5], [2], [3], [4, 6]) : 0.8835513125
85 : ([1, 2, 3], [4, 6], [5]) : 0.9237674836
86 : ([1], [2, 3], [4, 6], [5]) : 0.9206955481
87 : ([1, 3], [2], [4, 6], [5]) : 0.8824525659
88 : ([1, 2], [3], [4, 6], [5]) : 0.8834139156
89 : ([1], [2], [3], [4, 6], [5]) : 0.8816865953
90 : ([1, 2, 3, 6], [4, 5]) : 0.9293084842
91 : ([1, 2, 3, 6], [4], [5]) : 0.9168514060
92 : ([1, 4, 5], [2, 3, 6]) : 0.9279265900
93 : ([1], [2, 3, 6], [4, 5]) : 0.9255403223
94 : ([1, 5], [2, 3, 6], [4]) : 0.9120508847
95 : ([1, 4], [2, 3, 6], [5]) : 0.9121536330
96 : ([1], [2, 3, 6], [4], [5]) : 0.9114052718
97 : ([1, 3, 6], [2, 4, 5]) : 0.8931216359
98 : ([1, 3, 6], [2], [4, 5]) : 0.8909271286
99 : ([1, 3, 6], [2, 5], [4]) : 0.8748124048
100 : ([1, 3, 6], [2, 4], [5]) : 0.8759242800
101 : ([1, 3, 6], [2], [4], [5]) : 0.8736492189
102 : ([1, 2, 4, 5], [3, 6]) : 0.8966230018
103 : ([1], [2, 4, 5], [3, 6]) : 0.8891197184
104 : ([1, 4, 5], [2], [3, 6]) : 0.8925591755
105 : ([1, 2], [3, 6], [4, 5]) : 0.8869966990
106 : ([1], [2], [3, 6], [4, 5]) : 0.8866283412
107 : ([1, 2, 5], [3, 6], [4]) : 0.8743018062
108 : ([1, 4], [2, 5], [3, 6]) : 0.8732164463
109 : ([1], [2, 5], [3, 6], [4]) : 0.8708403111
110 : ([1, 5], [2, 4], [3, 6]) : 0.8722630572
111 : ([1, 5], [2], [3, 6], [4]) : 0.8709709268
112 : ([1, 2, 4], [3, 6], [5]) : 0.8765421659
113 : ([1], [2, 4], [3, 6], [5]) : 0.8710523462
114 : ([1, 4], [2], [3, 6], [5]) : 0.8719924950
115 : ([1, 2], [3, 6], [4], [5]) : 0.8714029365
116 : ([1], [2], [3, 6], [4], [5]) : 0.8693351800
117 : ([1, 2, 6], [3, 4, 5]) : 0.8912714618
118 : ([1, 2, 6], [3], [4, 5]) : 0.8875755678
119 : ([1, 2, 6], [3, 5], [4]) : 0.8751045765
120 : ([1, 2, 6], [3, 4], [5]) : 0.8754147034
121 : ([1, 2, 6], [3], [4], [5]) : 0.8725721298
122 : ([1, 3, 4, 5], [2, 6]) : 0.8988492208
123 : ([1], [2, 6], [3, 4, 5]) : 0.8906547050
124 : ([1, 4, 5], [2, 6], [3]) : 0.8930633726
125 : ([1, 3], [2, 6], [4, 5]) : 0.8880106752
126 : ([1], [2, 6], [3], [4, 5]) : 0.8870477583
127 : ([1, 3, 5], [2, 6], [4]) : 0.8754593860
128 : ([1, 4], [2, 6], [3, 5]) : 0.8757106787
129 : ([1], [2, 6], [3, 5], [4]) : 0.8731654374
130 : ([1, 5], [2, 6], [3, 4]) : 0.8751080414
131 : ([1, 5], [2, 6], [3], [4]) : 0.8723159103
132 : ([1, 3, 4], [2, 6], [5]) : 0.8766399544
133 : ([1], [2, 6], [3, 4], [5]) : 0.8732882916
134 : ([1, 4], [2, 6], [3], [5]) : 0.8727981594
135 : ([1, 3], [2, 6], [4], [5]) : 0.8714654490
136 : ([1], [2, 6], [3], [4], [5]) : 0.8704754274
137 : ([1, 6], [2, 3, 4, 5]) : 0.9291042266
138 : ([1, 6], [2], [3, 4, 5]) : 0.8899984345
139 : ([1, 6], [2, 4, 5], [3]) : 0.8889800971
140 : ([1, 6], [2, 3], [4, 5]) : 0.9244939286
141 : ([1, 6], [2], [3], [4, 5]) : 0.8863379505
142 : ([1, 6], [2, 3, 5], [4]) : 0.9127469498
143 : ([1, 6], [2, 4], [3, 5]) : 0.8735251735
144 : ([1, 6], [2], [3, 5], [4]) : 0.8720133003
145 : ([1, 6], [2, 5], [3, 4]) : 0.8733303602
146 : ([1, 6], [2, 5], [3], [4]) : 0.8709595185
147 : ([1, 6], [2, 3, 4], [5]) : 0.9150325088
148 : ([1, 6], [2], [3, 4], [5]) : 0.8722148180
149 : ([1, 6], [2, 4], [3], [5]) : 0.8713652097
150 : ([1, 6], [2, 3], [4], [5]) : 0.9105390718
151 : ([1, 6], [2], [3], [4], [5]) : 0.8694451571
152 : ([1, 2, 3, 4, 5], [6]) : 0.9346863973
153 : ([1], [2, 3, 4, 5], [6]) : 0.9289269197
154 : ([1, 3, 4, 5], [2], [6]) : 0.8979734562
155 : ([1, 2], [3, 4, 5], [6]) : 0.8901387549
156 : ([1], [2], [3, 4, 5], [6]) : 0.8896410769
157 : ([1, 2, 4, 5], [3], [6]) : 0.8961956336
158 : ([1, 3], [2, 4, 5], [6]) : 0.8899091157
159 : ([1], [2, 4, 5], [3], [6]) : 0.8885236881
160 : ([1, 4, 5], [2, 3], [6]) : 0.9268881238
161 : ([1, 4, 5], [2], [3], [6]) : 0.8918113943
162 : ([1, 2, 3], [4, 5], [6]) : 0.9268430416
163 : ([1], [2, 3], [4, 5], [6]) : 0.9244087845
164 : ([1, 3], [2], [4, 5], [6]) : 0.8870624790
165 : ([1, 2], [3], [4, 5], [6]) : 0.8863770947
166 : ([1], [2], [3], [4, 5], [6]) : 0.8859354098
167 : ([1, 2, 3, 5], [4], [6]) : 0.9167357916
168 : ([1, 4], [2, 3, 5], [6]) : 0.9135489718
169 : ([1], [2, 3, 5], [4], [6]) : 0.9126081773
170 : ([1, 3, 5], [2, 4], [6]) : 0.8757554859
171 : ([1, 3, 5], [2], [4], [6]) : 0.8741421490
172 : ([1, 2, 4], [3, 5], [6]) : 0.8781919730
173 : ([1], [2, 4], [3, 5], [6]) : 0.8728308620
174 : ([1, 4], [2], [3, 5], [6]) : 0.8743297291
175 : ([1, 2], [3, 5], [4], [6]) : 0.8735956174
176 : ([1], [2], [3, 5], [4], [6]) : 0.8715287914
177 : ([1, 2, 5], [3, 4], [6]) : 0.8766708924
178 : ([1, 2, 5], [3], [4], [6]) : 0.8740509837
179 : ([1, 3, 4], [2, 5], [6]) : 0.8767226742
180 : ([1], [2, 5], [3, 4], [6]) : 0.8728771556
181 : ([1, 4], [2, 5], [3], [6]) : 0.8728088180
182 : ([1, 3], [2, 5], [4], [6]) : 0.8717621424
183 : ([1], [2, 5], [3], [4], [6]) : 0.8705200729
184 : ([1, 5], [2, 3, 4], [6]) : 0.9149223148
185 : ([1, 5], [2], [3, 4], [6]) : 0.8733465759
186 : ([1, 5], [2, 4], [3], [6]) : 0.8718806902
187 : ([1, 5], [2, 3], [4], [6]) : 0.9109056569
188 : ([1, 5], [2], [3], [4], [6]) : 0.8706066046
189 : ([1, 2, 3, 4], [5], [6]) : 0.9190091346
190 : ([1], [2, 3, 4], [5], [6]) : 0.9146429418
191 : ([1, 3, 4], [2], [5], [6]) : 0.8756519696
192 : ([1, 2], [3, 4], [5], [6]) : 0.8737961328
193 : ([1], [2], [3, 4], [5], [6]) : 0.8717063404
194 : ([1, 2, 4], [3], [5], [6]) : 0.8761753987
195 : ([1, 3], [2, 4], [5], [6]) : 0.8725525835
196 : ([1], [2, 4], [3], [5], [6]) : 0.8706370105
197 : ([1, 4], [2, 3], [5], [6]) : 0.9110293143
198 : ([1, 4], [2], [3], [5], [6]) : 0.8714903446
199 : ([1, 2, 3], [4], [5], [6]) : 0.9146067800
200 : ([1], [2, 3], [4], [5], [6]) : 0.9103355423
201 : ([1, 3], [2], [4], [5], [6]) : 0.8702083116
202 : ([1, 2], [3], [4], [5], [6]) : 0.8710497609
203 : ([1], [2], [3], [4], [5], [6]) : 0.8689207487
