=== Bootstrap seed: 90 ===
1 : ([1, 2, 3, 4, 5, 6],) : 0.9670239831
2 : ([1], [2, 3, 4, 5, 6]) : 0.9589539218
3 : ([1, 3, 4, 5, 6], [2]) : 0.9292004935
4 : ([1, 2], [3, 4, 5, 6]) : 0.9266926710
5 : ([1], [2], [3, 4, 5, 6]) : 0.9257666490
6 : ([1, 2, 4, 5, 6], [3]) : 0.9327777144
7 : ([1, 3], [2, 4, 5, 6]) : 0.9299239364
8 : ([1], [2, 4, 5, 6], [3]) : 0.9292808688
9 : ([1, 4, 5, 6], [2, 3]) : 0.9545715443
10 : ([1, 4, 5, 6], [2], [3]) : 0.9253548194
11 : ([1, 2, 3], [4, 5, 6]) : 0.9557780711
12 : ([1], [2, 3], [4, 5, 6]) : 0.9532016309
13 : ([1, 3], [2], [4, 5, 6]) : 0.9236122038
14 : ([1, 2], [3], [4, 5, 6]) : 0.9239606179
15 : ([1], [2], [3], [4, 5, 6]) : 0.9228816992
16 : ([1, 2, 3, 5, 6], [4]) : 0.9293961472
17 : ([1, 4], [2, 3, 5, 6]) : 0.9243965567
18 : ([1], [2, 3, 5, 6], [4]) : 0.9237621893
19 : ([1, 3, 5, 6], [2, 4]) : 0.8998368925
20 : ([1, 3, 5, 6], [2], [4]) : 0.8985346347
21 : ([1, 2, 4], [3, 5, 6]) : 0.9000395117
22 : ([1], [2, 4], [3, 5, 6]) : 0.8951832468
23 : ([1, 4], [2], [3, 5, 6]) : 0.8967093091
24 : ([1, 2], [3, 5, 6], [4]) : 0.8953136782
25 : ([1], [2], [3, 5, 6], [4]) : 0.8938033302
26 : ([1, 2, 5, 6], [3, 4]) : 0.9030961264
27 : ([1, 2, 5, 6], [3], [4]) : 0.9029946160
28 : ([1, 3, 4], [2, 5, 6]) : 0.9024337068
29 : ([1], [2, 5, 6], [3, 4]) : 0.8983093365
30 : ([1, 4], [2, 5, 6], [3]) : 0.9007241389
31 : ([1, 3], [2, 5, 6], [4]) : 0.8993189728
32 : ([1], [2, 5, 6], [3], [4]) : 0.8982794692
33 : ([1, 5, 6], [2, 3, 4]) : 0.9249100189
34 : ([1, 5, 6], [2], [3, 4]) : 0.8966931204
35 : ([1, 5, 6], [2, 4], [3]) : 0.8980572120
36 : ([1, 5, 6], [2, 3], [4]) : 0.9225659767
37 : ([1, 5, 6], [2], [3], [4]) : 0.8966486899
38 : ([1, 2, 3, 4], [5, 6]) : 0.9266158647
39 : ([1], [2, 3, 4], [5, 6]) : 0.9230834279
40 : ([1, 3, 4], [2], [5, 6]) : 0.8977339852
41 : ([1, 2], [3, 4], [5, 6]) : 0.8945477581
42 : ([1], [2], [3, 4], [5, 6]) : 0.8930979173
43 : ([1, 2, 4], [3], [5, 6]) : 0.8994664680
44 : ([1, 3], [2, 4], [5, 6]) : 0.8957120321
45 : ([1], [2, 4], [3], [5, 6]) : 0.8945845433
46 : ([1, 4], [2, 3], [5, 6]) : 0.9214751578
47 : ([1, 4], [2], [3], [5, 6]) : 0.8960952750
48 : ([1, 2, 3], [4], [5, 6]) : 0.9236538259
49 : ([1], [2, 3], [4], [5, 6]) : 0.9208198068
50 : ([1, 3], [2], [4], [5, 6]) : 0.8941347618
51 : ([1, 2], [3], [4], [5, 6]) : 0.8945871434
52 : ([1], [2], [3], [4], [5, 6]) : 0.8931448702
53 : ([1, 2, 3, 4, 6], [5]) : 0.9251056660
54 : ([1, 5], [2, 3, 4, 6]) : 0.9193100616
55 : ([1], [2, 3, 4, 6], [5]) : 0.9190885279
56 : ([1, 3, 4, 6], [2, 5]) : 0.8979528940
57 : ([1, 3, 4, 6], [2], [5]) : 0.8947223501
58 : ([1, 2, 5], [3, 4, 6]) : 0.8987841049
59 : ([1], [2, 5], [3, 4, 6]) : 0.8932962262
60 : ([1, 5], [2], [3, 4, 6]) : 0.8898574808
61 : ([1, 2], [3, 4, 6], [5]) : 0.8918715989
62 : ([1], [2], [3, 4, 6], [5]) : 0.8884183752
63 : ([1, 2, 4, 6], [3, 5]) : 0.8968043727
64 : ([1, 2, 4, 6], [3], [5]) : 0.8968155492
65 : ([1, 3, 5], [2, 4, 6]) : 0.8931397872
66 : ([1], [2, 4, 6], [3, 5]) : 0.8910715272
67 : ([1, 5], [2, 4, 6], [3]) : 0.8922265198
68 : ([1, 3], [2, 4, 6], [5]) : 0.8921914170
69 : ([1], [2, 4, 6], [3], [5]) : 0.8910749022
70 : ([1, 4, 6], [2, 3, 5]) : 0.9180273277
71 : ([1, 4, 6], [2], [3, 5]) : 0.8895402675
72 : ([1, 4, 6], [2, 5], [3]) : 0.8931541507
73 : ([1, 4, 6], [2, 3], [5]) : 0.9149908562
74 : ([1, 4, 6], [2], [3], [5]) : 0.8893640589
75 : ([1, 2, 3, 5], [4, 6]) : 0.9217723166
76 : ([1], [2, 3, 5], [4, 6]) : 0.9167502155
77 : ([1, 3, 5], [2], [4, 6]) : 0.8894958982
78 : ([1, 2], [3, 5], [4, 6]) : 0.8904192034
79 : ([1], [2], [3, 5], [4, 6]) : 0.8873772727
80 : ([1, 2, 5], [3], [4, 6]) : 0.8965890610
81 : ([1, 3], [2, 5], [4, 6]) : 0.8925620824
82 : ([1], [2, 5], [3], [4, 6]) : 0.8917122910
83 : ([1, 5], [2, 3], [4, 6]) : 0.9145076209
84 : ([1, 5], [2], [3], [4, 6]) : 0.8886208378
85 : ([1, 2, 3], [4, 6], [5]) : 0.9178747727
86 : ([1], [2, 3], [4, 6], [5]) : 0.9140501916
87 : ([1, 3], [2], [4, 6], [5]) : 0.8882601458
88 : ([1, 2], [3], [4, 6], [5]) : 0.8903083771
89 : ([1], [2], [3], [4, 6], [5]) : 0.8872768011
90 : ([1, 2, 3, 6], [4, 5]) : 0.9332352457
91 : ([1, 2, 3, 6], [4], [5]) : 0.9147357281
92 : ([1, 4, 5], [2, 3, 6]) : 0.9316820170
93 : ([1], [2, 3, 6], [4, 5]) : 0.9301631609
94 : ([1, 5], [2, 3, 6], [4]) : 0.9105748340
95 : ([1, 4], [2, 3, 6], [5]) : 0.9107388199
96 : ([1], [2, 3, 6], [4], [5]) : 0.9099935039
97 : ([1, 3, 6], [2, 4, 5]) : 0.9091308691
98 : ([1, 3, 6], [2], [4, 5]) : 0.9023816345
99 : ([1, 3, 6], [2, 5], [4]) : 0.8886726599
100 : ([1, 3, 6], [2, 4], [5]) : 0.8856926549
101 : ([1, 3, 6], [2], [4], [5]) : 0.8845645028
102 : ([1, 2, 4, 5], [3, 6]) : 0.9113394304
103 : ([1], [2, 4, 5], [3, 6]) : 0.9066955929
104 : ([1, 4, 5], [2], [3, 6]) : 0.9023258727
105 : ([1, 2], [3, 6], [4, 5]) : 0.8996590676
106 : ([1], [2], [3, 6], [4, 5]) : 0.8987754904
107 : ([1, 2, 5], [3, 6], [4]) : 0.8905736853
108 : ([1, 4], [2, 5], [3, 6]) : 0.8873221796
109 : ([1], [2, 5], [3, 6], [4]) : 0.8856265231
110 : ([1, 5], [2, 4], [3, 6]) : 0.8840433756
111 : ([1, 5], [2], [3, 6], [4]) : 0.8824442950
112 : ([1, 2, 4], [3, 6], [5]) : 0.8870942769
113 : ([1], [2, 4], [3, 6], [5]) : 0.8820658494
114 : ([1, 4], [2], [3, 6], [5]) : 0.8827682810
115 : ([1, 2], [3, 6], [4], [5]) : 0.8830021704
116 : ([1], [2], [3, 6], [4], [5]) : 0.8804953369
117 : ([1, 2, 6], [3, 4, 5]) : 0.9057589014
118 : ([1, 2, 6], [3], [4, 5]) : 0.9022773196
119 : ([1, 2, 6], [3, 5], [4]) : 0.8864139169
120 : ([1, 2, 6], [3, 4], [5]) : 0.8861741563
121 : ([1, 2, 6], [3], [4], [5]) : 0.8860964103
122 : ([1, 3, 4, 5], [2, 6]) : 0.9083859911
123 : ([1], [2, 6], [3, 4, 5]) : 0.9034101964
124 : ([1, 4, 5], [2, 6], [3]) : 0.9033509195
125 : ([1, 3], [2, 6], [4, 5]) : 0.9011875614
126 : ([1], [2, 6], [3], [4, 5]) : 0.9000553429
127 : ([1, 3, 5], [2, 6], [4]) : 0.8855592112
128 : ([1, 4], [2, 6], [3, 5]) : 0.8850790377
129 : ([1], [2, 6], [3, 5], [4]) : 0.8827161423
130 : ([1, 5], [2, 6], [3, 4]) : 0.8841445422
131 : ([1, 5], [2, 6], [3], [4]) : 0.8841870575
132 : ([1, 3, 4], [2, 6], [5]) : 0.8870737612
133 : ([1], [2, 6], [3, 4], [5]) : 0.8823747255
134 : ([1, 4], [2, 6], [3], [5]) : 0.8847323620
135 : ([1, 3], [2, 6], [4], [5]) : 0.8838009794
136 : ([1], [2, 6], [3], [4], [5]) : 0.8824338853
137 : ([1, 6], [2, 3, 4, 5]) : 0.9382509391
138 : ([1, 6], [2], [3, 4, 5]) : 0.9027664475
139 : ([1, 6], [2, 4, 5], [3]) : 0.9063438223
140 : ([1, 6], [2, 3], [4, 5]) : 0.9285555738
141 : ([1, 6], [2], [3], [4, 5]) : 0.8993978050
142 : ([1, 6], [2, 3, 5], [4]) : 0.9113902067
143 : ([1, 6], [2, 4], [3, 5]) : 0.8828464353
144 : ([1, 6], [2], [3, 5], [4]) : 0.8816619171
145 : ([1, 6], [2, 5], [3, 4]) : 0.8860355769
146 : ([1, 6], [2, 5], [3], [4]) : 0.8858732602
147 : ([1, 6], [2, 3, 4], [5]) : 0.9105075512
148 : ([1, 6], [2], [3, 4], [5]) : 0.8813721373
149 : ([1, 6], [2, 4], [3], [5]) : 0.8826834047
150 : ([1, 6], [2, 3], [4], [5]) : 0.9080590326
151 : ([1, 6], [2], [3], [4], [5]) : 0.8814133887
152 : ([1, 2, 3, 4, 5], [6]) : 0.9424074194
153 : ([1], [2, 3, 4, 5], [6]) : 0.9373842035
154 : ([1, 3, 4, 5], [2], [6]) : 0.9061436633
155 : ([1, 2], [3, 4, 5], [6]) : 0.9029166152
156 : ([1], [2], [3, 4, 5], [6]) : 0.9017463073
157 : ([1, 2, 4, 5], [3], [6]) : 0.9102831170
158 : ([1, 3], [2, 4, 5], [6]) : 0.9066270236
159 : ([1], [2, 4, 5], [3], [6]) : 0.9057042361
160 : ([1, 4, 5], [2, 3], [6]) : 0.9293262575
161 : ([1, 4, 5], [2], [3], [6]) : 0.9015495109
162 : ([1, 2, 3], [4, 5], [6]) : 0.9301951212
163 : ([1], [2, 3], [4, 5], [6]) : 0.9277416506
164 : ([1, 3], [2], [4, 5], [6]) : 0.8991427326
165 : ([1, 2], [3], [4, 5], [6]) : 0.8991840676
166 : ([1], [2], [3], [4, 5], [6]) : 0.8982600206
167 : ([1, 2, 3, 5], [4], [6]) : 0.9158093036
168 : ([1, 4], [2, 3, 5], [6]) : 0.9118117308
169 : ([1], [2, 3, 5], [4], [6]) : 0.9109028193
170 : ([1, 3, 5], [2, 4], [6]) : 0.8847541521
171 : ([1, 3, 5], [2], [4], [6]) : 0.8832388842
172 : ([1, 2, 4], [3, 5], [6]) : 0.8867897113
173 : ([1], [2, 4], [3, 5], [6]) : 0.8819594967
174 : ([1, 4], [2], [3, 5], [6]) : 0.8826434973
175 : ([1, 2], [3, 5], [4], [6]) : 0.8829537717
176 : ([1], [2], [3, 5], [4], [6]) : 0.8805147374
177 : ([1, 2, 5], [3, 4], [6]) : 0.8900777276
178 : ([1, 2, 5], [3], [4], [6]) : 0.8898672119
179 : ([1, 3, 4], [2, 5], [6]) : 0.8883122800
180 : ([1], [2, 5], [3, 4], [6]) : 0.8852391795
181 : ([1, 4], [2, 5], [3], [6]) : 0.8866844502
182 : ([1, 3], [2, 5], [4], [6]) : 0.8859645351
183 : ([1], [2, 5], [3], [4], [6]) : 0.8850679548
184 : ([1, 5], [2, 3, 4], [6]) : 0.9106297598
185 : ([1, 5], [2], [3, 4], [6]) : 0.8822142337
186 : ([1, 5], [2, 4], [3], [6]) : 0.8837950041
187 : ([1, 5], [2, 3], [4], [6]) : 0.9082199957
188 : ([1, 5], [2], [3], [4], [6]) : 0.8822215425
189 : ([1, 2, 3, 4], [5], [6]) : 0.9140473201
190 : ([1], [2, 3, 4], [5], [6]) : 0.9099641526
191 : ([1, 3, 4], [2], [5], [6]) : 0.8842964260
192 : ([1, 2], [3, 4], [5], [6]) : 0.8827609017
193 : ([1], [2], [3, 4], [5], [6]) : 0.8802741693
194 : ([1, 2, 4], [3], [5], [6]) : 0.8866780544
195 : ([1, 3], [2, 4], [5], [6]) : 0.8829618029
196 : ([1], [2, 4], [3], [5], [6]) : 0.8818408450
197 : ([1, 4], [2, 3], [5], [6]) : 0.9081959984
198 : ([1, 4], [2], [3], [5], [6]) : 0.8824044306
199 : ([1, 2, 3], [4], [5], [6]) : 0.9108667117
200 : ([1], [2, 3], [4], [5], [6]) : 0.9075287090
201 : ([1, 3], [2], [4], [5], [6]) : 0.8813698213
202 : ([1, 2], [3], [4], [5], [6]) : 0.8827511940
203 : ([1], [2], [3], [4], [5], [6]) : 0.8803176817
