=== Bootstrap seed: 97 ===
1 : ([1, 2, 3, 4, 5, 6],) : 0.9673669390
2 : ([1], [2, 3, 4, 5, 6]) : 0.9594925139
3 : ([1, 3, 4, 5, 6], [2]) : 0.9373099103
4 : ([1, 2], [3, 4, 5, 6]) : 0.9315382645
5 : ([1], [2], [3, 4, 5, 6]) : 0.9301964551
6 : ([1, 2, 4, 5, 6], [3]) : 0.9336310851
7 : ([1, 3], [2, 4, 5, 6]) : 0.9280699878
8 : ([1], [2, 4, 5, 6], [3]) : 0.9275072439
9 : ([1, 4, 5, 6], [2, 3]) : 0.9570635878
10 : ([1, 4, 5, 6], [2], [3]) : 0.9284554981
11 : ([1, 2, 3], [4, 5, 6]) : 0.9588728744
12 : ([1], [2, 3], [4, 5, 6]) : 0.9561359955
13 : ([1, 3], [2], [4, 5, 6]) : 0.9261489587
14 : ([1, 2], [3], [4, 5, 6]) : 0.9265260857
15 : ([1], [2], [3], [4, 5, 6]) : 0.9255167895
16 : ([1, 2, 3, 5, 6], [4]) : 0.9366285491
17 : ([1, 4], [2, 3, 5, 6]) : 0.9304874501
18 : ([1], [2, 3, 5, 6], [4]) : 0.9297734293
19 : ([1, 3, 5, 6], [2, 4]) : 0.8994331303
20 : ([1, 3, 5, 6], [2], [4]) : 0.8966081044
21 : ([1, 2, 4], [3, 5, 6]) : 0.9016662173
22 : ([1], [2, 4], [3, 5, 6]) : 0.8942658795
23 : ([1, 4], [2], [3, 5, 6]) : 0.8948562225
24 : ([1, 2], [3, 5, 6], [4]) : 0.8948177990
25 : ([1], [2], [3, 5, 6], [4]) : 0.8911421542
26 : ([1, 2, 5, 6], [3, 4]) : 0.8956460412
27 : ([1, 2, 5, 6], [3], [4]) : 0.8950895828
28 : ([1, 3, 4], [2, 5, 6]) : 0.8919325304
29 : ([1], [2, 5, 6], [3, 4]) : 0.8884009517
30 : ([1, 4], [2, 5, 6], [3]) : 0.8909673843
31 : ([1, 3], [2, 5, 6], [4]) : 0.8881944131
32 : ([1], [2, 5, 6], [3], [4]) : 0.8879069545
33 : ([1, 5, 6], [2, 3, 4]) : 0.9272713440
34 : ([1, 5, 6], [2], [3, 4]) : 0.8879387808
35 : ([1, 5, 6], [2, 4], [3]) : 0.8905924213
36 : ([1, 5, 6], [2, 3], [4]) : 0.9244953785
37 : ([1, 5, 6], [2], [3], [4]) : 0.8873380282
38 : ([1, 2, 3, 4], [5, 6]) : 0.9313936429
39 : ([1], [2, 3, 4], [5, 6]) : 0.9259538095
40 : ([1, 3, 4], [2], [5, 6]) : 0.8905406640
41 : ([1, 2], [3, 4], [5, 6]) : 0.8902534517
42 : ([1], [2], [3, 4], [5, 6]) : 0.8864336415
43 : ([1, 2, 4], [3], [5, 6]) : 0.8961876875
44 : ([1, 3], [2, 4], [5, 6]) : 0.8893701937
45 : ([1], [2, 4], [3], [5, 6]) : 0.8890203658
46 : ([1, 4], [2, 3], [5, 6]) : 0.9243325702
47 : ([1, 4], [2], [3], [5, 6]) : 0.8895736545
48 : ([1, 2, 3], [4], [5, 6]) : 0.9287017782
49 : ([1], [2, 3], [4], [5, 6]) : 0.9235019995
50 : ([1, 3], [2], [4], [5, 6]) : 0.8864421598
51 : ([1, 2], [3], [4], [5, 6]) : 0.8895301778
52 : ([1], [2], [3], [4], [5, 6]) : 0.8860077629
53 : ([1, 2, 3, 4, 6], [5]) : 0.9398414335
54 : ([1, 5], [2, 3, 4, 6]) : 0.9345758010
55 : ([1], [2, 3, 4, 6], [5]) : 0.9342818921
56 : ([1, 3, 4, 6], [2, 5]) : 0.9059418289
57 : ([1, 3, 4, 6], [2], [5]) : 0.9050186055
58 : ([1, 2, 5], [3, 4, 6]) : 0.9058934584
59 : ([1], [2, 5], [3, 4, 6]) : 0.9003205386
60 : ([1, 5], [2], [3, 4, 6]) : 0.8994456496
61 : ([1, 2], [3, 4, 6], [5]) : 0.9022992403
62 : ([1], [2], [3, 4, 6], [5]) : 0.8990742225
63 : ([1, 2, 4, 6], [3, 5]) : 0.9094891347
64 : ([1, 2, 4, 6], [3], [5]) : 0.9070004231
65 : ([1, 3, 5], [2, 4, 6]) : 0.9033923915
66 : ([1], [2, 4, 6], [3, 5]) : 0.9012697959
67 : ([1, 5], [2, 4, 6], [3]) : 0.8993610515
68 : ([1, 3], [2, 4, 6], [5]) : 0.8993083573
69 : ([1], [2, 4, 6], [3], [5]) : 0.8990113526
70 : ([1, 4, 6], [2, 3, 5]) : 0.9354623413
71 : ([1, 4, 6], [2], [3, 5]) : 0.9023222026
72 : ([1, 4, 6], [2, 5], [3]) : 0.9008475505
73 : ([1, 4, 6], [2, 3], [5]) : 0.9324088868
74 : ([1, 4, 6], [2], [3], [5]) : 0.8997516399
75 : ([1, 2, 3, 5], [4, 6]) : 0.9380700536
76 : ([1], [2, 3, 5], [4, 6]) : 0.9343068096
77 : ([1, 3, 5], [2], [4, 6]) : 0.9013579930
78 : ([1, 2], [3, 5], [4, 6]) : 0.9017435567
79 : ([1], [2], [3, 5], [4, 6]) : 0.8990960426
80 : ([1, 2, 5], [3], [4, 6]) : 0.9036277586
81 : ([1, 3], [2, 5], [4, 6]) : 0.8983411438
82 : ([1], [2, 5], [3], [4, 6]) : 0.8981546124
83 : ([1, 5], [2, 3], [4, 6]) : 0.9316590318
84 : ([1, 5], [2], [3], [4, 6]) : 0.8971829055
85 : ([1, 2, 3], [4, 6], [5]) : 0.9349069113
86 : ([1], [2, 3], [4, 6], [5]) : 0.9314337953
87 : ([1, 3], [2], [4, 6], [5]) : 0.8971528832
88 : ([1, 2], [3], [4, 6], [5]) : 0.8997739258
89 : ([1], [2], [3], [4, 6], [5]) : 0.8969200454
90 : ([1, 2, 3, 6], [4, 5]) : 0.9378573851
91 : ([1, 2, 3, 6], [4], [5]) : 0.9231927382
92 : ([1, 4, 5], [2, 3, 6]) : 0.9353265347
93 : ([1], [2, 3, 6], [4, 5]) : 0.9341237696
94 : ([1, 5], [2, 3, 6], [4]) : 0.9179978663
95 : ([1, 4], [2, 3, 6], [5]) : 0.9187145037
96 : ([1], [2, 3, 6], [4], [5]) : 0.9179544705
97 : ([1, 3, 6], [2, 4, 5]) : 0.9066457335
98 : ([1, 3, 6], [2], [4, 5]) : 0.9029474608
99 : ([1, 3, 6], [2, 5], [4]) : 0.8836995416
100 : ([1, 3, 6], [2, 4], [5]) : 0.8847525261
101 : ([1, 3, 6], [2], [4], [5]) : 0.8823675758
102 : ([1, 2, 4, 5], [3, 6]) : 0.9118706423
103 : ([1], [2, 4, 5], [3, 6]) : 0.9040189081
104 : ([1, 4, 5], [2], [3, 6]) : 0.9043720886
105 : ([1, 2], [3, 6], [4, 5]) : 0.9012561837
106 : ([1], [2], [3, 6], [4, 5]) : 0.8999503685
107 : ([1, 2, 5], [3, 6], [4]) : 0.8894754259
108 : ([1, 4], [2, 5], [3, 6]) : 0.8850204452
109 : ([1], [2, 5], [3, 6], [4]) : 0.8823234791
110 : ([1, 5], [2, 4], [3, 6]) : 0.8835815024
111 : ([1, 5], [2], [3, 6], [4]) : 0.8810900313
112 : ([1, 2, 4], [3, 6], [5]) : 0.8899579735
113 : ([1], [2, 4], [3, 6], [5]) : 0.8830500488
114 : ([1, 4], [2], [3, 6], [5]) : 0.8836528839
115 : ([1, 2], [3, 6], [4], [5]) : 0.8844116521
116 : ([1], [2], [3, 6], [4], [5]) : 0.8806342599
117 : ([1, 2, 6], [3, 4, 5]) : 0.9042424641
118 : ([1, 2, 6], [3], [4, 5]) : 0.9006784571
119 : ([1, 2, 6], [3, 5], [4]) : 0.8888187807
120 : ([1, 2, 6], [3, 4], [5]) : 0.8858696164
121 : ([1, 2, 6], [3], [4], [5]) : 0.8846686964
122 : ([1, 3, 4, 5], [2, 6]) : 0.9077230722
123 : ([1], [2, 6], [3, 4, 5]) : 0.9013348000
124 : ([1, 4, 5], [2, 6], [3]) : 0.9021472123
125 : ([1, 3], [2, 6], [4, 5]) : 0.8987624267
126 : ([1], [2, 6], [3], [4, 5]) : 0.8980258903
127 : ([1, 3, 5], [2, 6], [4]) : 0.8863685874
128 : ([1, 4], [2, 6], [3, 5]) : 0.8875979648
129 : ([1], [2, 6], [3, 5], [4]) : 0.8842367869
130 : ([1, 5], [2, 6], [3, 4]) : 0.8812662979
131 : ([1, 5], [2, 6], [3], [4]) : 0.8803959362
132 : ([1, 3, 4], [2, 6], [5]) : 0.8843776307
133 : ([1], [2, 6], [3, 4], [5]) : 0.8807889292
134 : ([1, 4], [2, 6], [3], [5]) : 0.8830260553
135 : ([1, 3], [2, 6], [4], [5]) : 0.8802585417
136 : ([1], [2, 6], [3], [4], [5]) : 0.8799838331
137 : ([1, 6], [2, 3, 4, 5]) : 0.9386978542
138 : ([1, 6], [2], [3, 4, 5]) : 0.9014207570
139 : ([1, 6], [2, 4, 5], [3]) : 0.9019830315
140 : ([1, 6], [2, 3], [4, 5]) : 0.9337322404
141 : ([1, 6], [2], [3], [4, 5]) : 0.8978558958
142 : ([1, 6], [2, 3, 5], [4]) : 0.9228718841
143 : ([1, 6], [2, 4], [3, 5]) : 0.8867905317
144 : ([1, 6], [2], [3, 5], [4]) : 0.8838803925
145 : ([1, 6], [2, 5], [3, 4]) : 0.8821288952
146 : ([1, 6], [2, 5], [3], [4]) : 0.8813065809
147 : ([1, 6], [2, 3, 4], [5]) : 0.9199671859
148 : ([1, 6], [2], [3, 4], [5]) : 0.8803086471
149 : ([1, 6], [2, 4], [3], [5]) : 0.8821597238
150 : ([1, 6], [2, 3], [4], [5]) : 0.9172440930
151 : ([1, 6], [2], [3], [4], [5]) : 0.8795163751
152 : ([1, 2, 3, 4, 5], [6]) : 0.9429554473
153 : ([1], [2, 3, 4, 5], [6]) : 0.9387445680
154 : ([1, 3, 4, 5], [2], [6]) : 0.9076852493
155 : ([1, 2], [3, 4, 5], [6]) : 0.9027657692
156 : ([1], [2], [3, 4, 5], [6]) : 0.9012883053
157 : ([1, 2, 4, 5], [3], [6]) : 0.9095586734
158 : ([1, 3], [2, 4, 5], [6]) : 0.9027702053
159 : ([1], [2, 4, 5], [3], [6]) : 0.9020105471
160 : ([1, 4, 5], [2, 3], [6]) : 0.9348820827
161 : ([1, 4, 5], [2], [3], [6]) : 0.9019776032
162 : ([1, 2, 3], [4, 5], [6]) : 0.9362848291
163 : ([1], [2, 3], [4, 5], [6]) : 0.9337442216
164 : ([1, 3], [2], [4, 5], [6]) : 0.8985475575
165 : ([1, 2], [3], [4, 5], [6]) : 0.8990727087
166 : ([1], [2], [3], [4, 5], [6]) : 0.8978529536
167 : ([1, 2, 3, 5], [4], [6]) : 0.9273277786
168 : ([1, 4], [2, 3, 5], [6]) : 0.9234659070
169 : ([1], [2, 3, 5], [4], [6]) : 0.9228652711
170 : ([1, 3, 5], [2, 4], [6]) : 0.8889135272
171 : ([1, 3, 5], [2], [4], [6]) : 0.8860742103
172 : ([1, 2, 4], [3, 5], [6]) : 0.8933583650
173 : ([1], [2, 4], [3, 5], [6]) : 0.8867799851
174 : ([1, 4], [2], [3, 5], [6]) : 0.8872449598
175 : ([1, 2], [3, 5], [4], [6]) : 0.8871787585
176 : ([1], [2], [3, 5], [4], [6]) : 0.8838825949
177 : ([1, 2, 5], [3, 4], [6]) : 0.8889951260
178 : ([1, 2, 5], [3], [4], [6]) : 0.8883025117
179 : ([1, 3, 4], [2, 5], [6]) : 0.8854317393
180 : ([1], [2, 5], [3, 4], [6]) : 0.8822035190
181 : ([1, 4], [2, 5], [3], [6]) : 0.8840978088
182 : ([1, 3], [2, 5], [4], [6]) : 0.8816121382
183 : ([1], [2, 5], [3], [4], [6]) : 0.8814114638
184 : ([1, 5], [2, 3, 4], [6]) : 0.9199898251
185 : ([1, 5], [2], [3, 4], [6]) : 0.8808313544
186 : ([1, 5], [2, 4], [3], [6]) : 0.8827380816
187 : ([1, 5], [2, 3], [4], [6]) : 0.9171436750
188 : ([1, 5], [2], [3], [4], [6]) : 0.8800162619
189 : ([1, 2, 3, 4], [5], [6]) : 0.9248039728
190 : ([1], [2, 3, 4], [5], [6]) : 0.9198159381
191 : ([1, 3, 4], [2], [5], [6]) : 0.8839461774
192 : ([1, 2], [3, 4], [5], [6]) : 0.8842212307
193 : ([1], [2], [3, 4], [5], [6]) : 0.8803176411
194 : ([1, 2, 4], [3], [5], [6]) : 0.8888381468
195 : ([1, 3], [2, 4], [5], [6]) : 0.8826141484
196 : ([1], [2, 4], [3], [5], [6]) : 0.8821862993
197 : ([1, 4], [2, 3], [5], [6]) : 0.9178179637
198 : ([1, 4], [2], [3], [5], [6]) : 0.8826140707
199 : ([1, 2, 3], [4], [5], [6]) : 0.9216800842
200 : ([1], [2, 3], [4], [5], [6]) : 0.9171330597
201 : ([1, 3], [2], [4], [5], [6]) : 0.8798616915
202 : ([1, 2], [3], [4], [5], [6]) : 0.8830950133
203 : ([1], [2], [3], [4], [5], [6]) : 0.8795593446
