=== Bootstrap seed: 43 ===
1 : ([1, 2, 3, 4, 5, 6],) : 0.9672086220
2 : ([1], [2, 3, 4, 5, 6]) : 0.9621989676
3 : ([1, 3, 4, 5, 6], [2]) : 0.9369249435
4 : ([1, 2], [3, 4, 5, 6]) : 0.9321879464
5 : ([1], [2], [3, 4, 5, 6]) : 0.9295047988
6 : ([1, 2, 4, 5, 6], [3]) : 0.9399858988
7 : ([1, 3], [2, 4, 5, 6]) : 0.9342573555
8 : ([1], [2, 4, 5, 6], [3]) : 0.9326661211
9 : ([1, 4, 5, 6], [2, 3]) : 0.9608767125
10 : ([1, 4, 5, 6], [2], [3]) : 0.9316063127
11 : ([1, 2, 3], [4, 5, 6]) : 0.9619473649
12 : ([1], [2, 3], [4, 5, 6]) : 0.9596708102
13 : ([1, 3], [2], [4, 5, 6]) : 0.9308535072
14 : ([1, 2], [3], [4, 5, 6]) : 0.9309150473
15 : ([1], [2], [3], [4, 5, 6]) : 0.9283730158
16 : ([1, 2, 3, 5, 6], [4]) : 0.9431469815
17 : ([1, 4], [2, 3, 5, 6]) : 0.9380778551
18 : ([1], [2, 3, 5, 6], [4]) : 0.9376588172
19 : ([1, 3, 5, 6], [2, 4]) : 0.9104578590
20 : ([1, 3, 5, 6], [2], [4]) : 0.9092252505
21 : ([1, 2, 4], [3, 5, 6]) : 0.9094370441
22 : ([1], [2, 4], [3, 5, 6]) : 0.9032088552
23 : ([1, 4], [2], [3, 5, 6]) : 0.9041730639
24 : ([1, 2], [3, 5, 6], [4]) : 0.9060100671
25 : ([1], [2], [3, 5, 6], [4]) : 0.9023118268
26 : ([1, 2, 5, 6], [3, 4]) : 0.9102519396
27 : ([1, 2, 5, 6], [3], [4]) : 0.9096986213
28 : ([1, 3, 4], [2, 5, 6]) : 0.9071214388
29 : ([1], [2, 5, 6], [3, 4]) : 0.9042064287
30 : ([1, 4], [2, 5, 6], [3]) : 0.9051545993
31 : ([1, 3], [2, 5, 6], [4]) : 0.9051896234
32 : ([1], [2, 5, 6], [3], [4]) : 0.9037464695
33 : ([1, 5, 6], [2, 3, 4]) : 0.9385764572
34 : ([1, 5, 6], [2], [3, 4]) : 0.9035284541
35 : ([1, 5, 6], [2, 4], [3]) : 0.9038940423
36 : ([1, 5, 6], [2, 3], [4]) : 0.9349523295
37 : ([1, 5, 6], [2], [3], [4]) : 0.9029267358
38 : ([1, 2, 3, 4], [5, 6]) : 0.9396942933
39 : ([1], [2, 3, 4], [5, 6]) : 0.9374826362
40 : ([1, 3, 4], [2], [5, 6]) : 0.9049079278
41 : ([1, 2], [3, 4], [5, 6]) : 0.9049680638
42 : ([1], [2], [3, 4], [5, 6]) : 0.9012804749
43 : ([1, 2, 4], [3], [5, 6]) : 0.9082650516
44 : ([1, 3], [2, 4], [5, 6]) : 0.9039977246
45 : ([1], [2, 4], [3], [5, 6]) : 0.9016871962
46 : ([1, 4], [2, 3], [5, 6]) : 0.9339406426
47 : ([1, 4], [2], [3], [5, 6]) : 0.9024849907
48 : ([1, 2, 3], [4], [5, 6]) : 0.9366712938
49 : ([1], [2, 3], [4], [5, 6]) : 0.9336245851
50 : ([1, 3], [2], [4], [5, 6]) : 0.9027464303
51 : ([1, 2], [3], [4], [5, 6]) : 0.9045371461
52 : ([1], [2], [3], [4], [5, 6]) : 0.9007141292
53 : ([1, 2, 3, 4, 6], [5]) : 0.9390241957
54 : ([1, 5], [2, 3, 4, 6]) : 0.9334278457
55 : ([1], [2, 3, 4, 6], [5]) : 0.9332511550
56 : ([1, 3, 4, 6], [2, 5]) : 0.9084482761
57 : ([1, 3, 4, 6], [2], [5]) : 0.9063620321
58 : ([1, 2, 5], [3, 4, 6]) : 0.9086890389
59 : ([1], [2, 5], [3, 4, 6]) : 0.9026786232
60 : ([1, 5], [2], [3, 4, 6]) : 0.9004813958
61 : ([1, 2], [3, 4, 6], [5]) : 0.9059616497
62 : ([1], [2], [3, 4, 6], [5]) : 0.9001960864
63 : ([1, 2, 4, 6], [3, 5]) : 0.9094131900
64 : ([1, 2, 4, 6], [3], [5]) : 0.9091943503
65 : ([1, 3, 5], [2, 4, 6]) : 0.9007520865
66 : ([1], [2, 4, 6], [3, 5]) : 0.8998611406
67 : ([1, 5], [2, 4, 6], [3]) : 0.8999880179
68 : ([1, 3], [2, 4, 6], [5]) : 0.9004184211
69 : ([1], [2, 4, 6], [3], [5]) : 0.8998230405
70 : ([1, 4, 6], [2, 3, 5]) : 0.9313439851
71 : ([1, 4, 6], [2], [3, 5]) : 0.9021784418
72 : ([1, 4, 6], [2, 5], [3]) : 0.9040954745
73 : ([1, 4, 6], [2, 3], [5]) : 0.9292968930
74 : ([1, 4, 6], [2], [3], [5]) : 0.9017594417
75 : ([1, 2, 3, 5], [4, 6]) : 0.9347632995
76 : ([1], [2, 3, 5], [4, 6]) : 0.9299578503
77 : ([1, 3, 5], [2], [4, 6]) : 0.8984882346
78 : ([1, 2], [3, 5], [4, 6]) : 0.9031751077
79 : ([1], [2], [3, 5], [4, 6]) : 0.8977132613
80 : ([1, 2, 5], [3], [4, 6]) : 0.9058755897
81 : ([1, 3], [2, 5], [4, 6]) : 0.9006072601
82 : ([1], [2, 5], [3], [4, 6]) : 0.9002639669
83 : ([1, 5], [2, 3], [4, 6]) : 0.9282120770
84 : ([1, 5], [2], [3], [4, 6]) : 0.8977785286
85 : ([1, 2, 3], [4, 6], [5]) : 0.9326716452
86 : ([1], [2, 3], [4, 6], [5]) : 0.9280514126
87 : ([1, 3], [2], [4, 6], [5]) : 0.8982623427
88 : ([1, 2], [3], [4, 6], [5]) : 0.9032511585
89 : ([1], [2], [3], [4, 6], [5]) : 0.8976861542
90 : ([1, 2, 3, 6], [4, 5]) : 0.9410806047
91 : ([1, 2, 3, 6], [4], [5]) : 0.9269910547
92 : ([1, 4, 5], [2, 3, 6]) : 0.9378990033
93 : ([1], [2, 3, 6], [4, 5]) : 0.9374433715
94 : ([1, 5], [2, 3, 6], [4]) : 0.9211408885
95 : ([1, 4], [2, 3, 6], [5]) : 0.9211290907
96 : ([1], [2, 3, 6], [4], [5]) : 0.9209016795
97 : ([1, 3, 6], [2, 4, 5]) : 0.9113782549
98 : ([1, 3, 6], [2], [4, 5]) : 0.9085276312
99 : ([1, 3, 6], [2, 5], [4]) : 0.8940194757
100 : ([1, 3, 6], [2, 4], [5]) : 0.8933790210
101 : ([1, 3, 6], [2], [4], [5]) : 0.8922170165
102 : ([1, 2, 4, 5], [3, 6]) : 0.9130818966
103 : ([1], [2, 4, 5], [3, 6]) : 0.9058574154
104 : ([1, 4, 5], [2], [3, 6]) : 0.9049184494
105 : ([1, 2], [3, 6], [4, 5]) : 0.9046396531
106 : ([1], [2], [3, 6], [4, 5]) : 0.9022940484
107 : ([1, 2, 5], [3, 6], [4]) : 0.8939621138
108 : ([1, 4], [2, 5], [3, 6]) : 0.8902938775
109 : ([1], [2, 5], [3, 6], [4]) : 0.8888391938
110 : ([1, 5], [2, 4], [3, 6]) : 0.8877446273
111 : ([1, 5], [2], [3, 6], [4]) : 0.8868240240
112 : ([1, 2, 4], [3, 6], [5]) : 0.8944034867
113 : ([1], [2, 4], [3, 6], [5]) : 0.8872848050
114 : ([1, 4], [2], [3, 6], [5]) : 0.8881647746
115 : ([1, 2], [3, 6], [4], [5]) : 0.8911667587
116 : ([1], [2], [3, 6], [4], [5]) : 0.8865028836
117 : ([1, 2, 6], [3, 4, 5]) : 0.9100685099
118 : ([1, 2, 6], [3], [4, 5]) : 0.9076337909
119 : ([1, 2, 6], [3, 5], [4]) : 0.8948842929
120 : ([1, 2, 6], [3, 4], [5]) : 0.8956133914
121 : ([1, 2, 6], [3], [4], [5]) : 0.8943264091
122 : ([1, 3, 4, 5], [2, 6]) : 0.9105132042
123 : ([1], [2, 6], [3, 4, 5]) : 0.9051637307
124 : ([1, 4, 5], [2, 6], [3]) : 0.9054614316
125 : ([1, 3], [2, 6], [4, 5]) : 0.9042927866
126 : ([1], [2, 6], [3], [4, 5]) : 0.9027743765
127 : ([1, 3, 5], [2, 6], [4]) : 0.8889444492
128 : ([1, 4], [2, 6], [3, 5]) : 0.8892836463
129 : ([1], [2, 6], [3, 5], [4]) : 0.8872090781
130 : ([1, 5], [2, 6], [3, 4]) : 0.8885753381
131 : ([1, 5], [2, 6], [3], [4]) : 0.8870195627
132 : ([1, 3, 4], [2, 6], [5]) : 0.8912956100
133 : ([1], [2, 6], [3, 4], [5]) : 0.8881330958
134 : ([1, 4], [2, 6], [3], [5]) : 0.8884422701
135 : ([1, 3], [2, 6], [4], [5]) : 0.8877390477
136 : ([1], [2, 6], [3], [4], [5]) : 0.8866966496
137 : ([1, 6], [2, 3, 4, 5]) : 0.9422046454
138 : ([1, 6], [2], [3, 4, 5]) : 0.9067763404
139 : ([1, 6], [2, 4, 5], [3]) : 0.9075538948
140 : ([1, 6], [2, 3], [4, 5]) : 0.9373324446
141 : ([1, 6], [2], [3], [4, 5]) : 0.9041262659
142 : ([1, 6], [2, 3, 5], [4]) : 0.9238638982
143 : ([1, 6], [2, 4], [3, 5]) : 0.8900575634
144 : ([1, 6], [2], [3, 5], [4]) : 0.8893291464
145 : ([1, 6], [2, 5], [3, 4]) : 0.8919472094
146 : ([1, 6], [2, 5], [3], [4]) : 0.8908948378
147 : ([1, 6], [2, 3, 4], [5]) : 0.9258016302
148 : ([1, 6], [2], [3, 4], [5]) : 0.8898257268
149 : ([1, 6], [2, 4], [3], [5]) : 0.8893755559
150 : ([1, 6], [2, 3], [4], [5]) : 0.9211849391
151 : ([1, 6], [2], [3], [4], [5]) : 0.8885546625
152 : ([1, 2, 3, 4, 5], [6]) : 0.9469521684
153 : ([1], [2, 3, 4, 5], [6]) : 0.9416931712
154 : ([1, 3, 4, 5], [2], [6]) : 0.9097769069
155 : ([1, 2], [3, 4, 5], [6]) : 0.9067010477
156 : ([1], [2], [3, 4, 5], [6]) : 0.9045902211
157 : ([1, 2, 4, 5], [3], [6]) : 0.9129659844
158 : ([1, 3], [2, 4, 5], [6]) : 0.9068419416
159 : ([1], [2, 4, 5], [3], [6]) : 0.9057732103
160 : ([1, 4, 5], [2, 3], [6]) : 0.9374955400
161 : ([1, 4, 5], [2], [3], [6]) : 0.9048621069
162 : ([1, 2, 3], [4, 5], [6]) : 0.9390588234
163 : ([1], [2, 3], [4, 5], [6]) : 0.9369362157
164 : ([1, 3], [2], [4, 5], [6]) : 0.9037862039
165 : ([1, 2], [3], [4, 5], [6]) : 0.9043537019
166 : ([1], [2], [3], [4, 5], [6]) : 0.9021947578
167 : ([1, 2, 3, 5], [4], [6]) : 0.9275171436
168 : ([1, 4], [2, 3, 5], [6]) : 0.9234393420
169 : ([1], [2, 3, 5], [4], [6]) : 0.9230437363
170 : ([1, 3, 5], [2, 4], [6]) : 0.8893736198
171 : ([1, 3, 5], [2], [4], [6]) : 0.8883817015
172 : ([1, 2, 4], [3, 5], [6]) : 0.8946608511
173 : ([1], [2, 4], [3, 5], [6]) : 0.8875126633
174 : ([1, 4], [2], [3, 5], [6]) : 0.8888208440
175 : ([1, 2], [3, 5], [4], [6]) : 0.8911643700
176 : ([1], [2], [3, 5], [4], [6]) : 0.8867692291
177 : ([1, 2, 5], [3, 4], [6]) : 0.8947884647
178 : ([1, 2, 5], [3], [4], [6]) : 0.8936179286
179 : ([1, 3, 4], [2, 5], [6]) : 0.8928493405
180 : ([1], [2, 5], [3, 4], [6]) : 0.8899319530
181 : ([1, 4], [2, 5], [3], [6]) : 0.8901930677
182 : ([1, 3], [2, 5], [4], [6]) : 0.8894011982
183 : ([1], [2, 5], [3], [4], [6]) : 0.8886711471
184 : ([1, 5], [2, 3, 4], [6]) : 0.9256637406
185 : ([1, 5], [2], [3, 4], [6]) : 0.8882171021
186 : ([1, 5], [2, 4], [3], [6]) : 0.8875134936
187 : ([1, 5], [2, 3], [4], [6]) : 0.9207317444
188 : ([1, 5], [2], [3], [4], [6]) : 0.8866030625
189 : ([1, 2, 3, 4], [5], [6]) : 0.9285867526
190 : ([1], [2, 3, 4], [5], [6]) : 0.9253151426
191 : ([1, 3, 4], [2], [5], [6]) : 0.8910434013
192 : ([1, 2], [3, 4], [5], [6]) : 0.8922095866
193 : ([1], [2], [3, 4], [5], [6]) : 0.8878057170
194 : ([1, 2, 4], [3], [5], [6]) : 0.8943391210
195 : ([1, 3], [2, 4], [5], [6]) : 0.8883351428
196 : ([1], [2, 4], [3], [5], [6]) : 0.8871060303
197 : ([1, 4], [2, 3], [5], [6]) : 0.9207894971
198 : ([1, 4], [2], [3], [5], [6]) : 0.8880697154
199 : ([1, 2, 3], [4], [5], [6]) : 0.9246498945
200 : ([1], [2, 3], [4], [5], [6]) : 0.9205596088
201 : ([1, 3], [2], [4], [5], [6]) : 0.8874020392
202 : ([1, 2], [3], [4], [5], [6]) : 0.8908914713
203 : ([1], [2], [3], [4], [5], [6]) : 0.8863219452
