=== Bootstrap seed: 95 ===
1 : ([1, 2, 3, 4, 5, 6],) : 0.9617251767
2 : ([1], [2, 3, 4, 5, 6]) : 0.9567374236
3 : ([1, 3, 4, 5, 6], [2]) : 0.9267140587
4 : ([1, 2], [3, 4, 5, 6]) : 0.9232470380
5 : ([1], [2], [3, 4, 5, 6]) : 0.9215879197
6 : ([1, 2, 4, 5, 6], [3]) : 0.9276135712
7 : ([1, 3], [2, 4, 5, 6]) : 0.9220006585
8 : ([1], [2, 4, 5, 6], [3]) : 0.9212088565
9 : ([1, 4, 5, 6], [2, 3]) : 0.9526962850
10 : ([1, 4, 5, 6], [2], [3]) : 0.9192524640
11 : ([1, 2, 3], [4, 5, 6]) : 0.9546196129
12 : ([1], [2, 3], [4, 5, 6]) : 0.9524217271
13 : ([1, 3], [2], [4, 5, 6]) : 0.9183344511
14 : ([1, 2], [3], [4, 5, 6]) : 0.9187148120
15 : ([1], [2], [3], [4, 5, 6]) : 0.9171261517
16 : ([1, 2, 3, 5, 6], [4]) : 0.9354391109
17 : ([1, 4], [2, 3, 5, 6]) : 0.9303494114
18 : ([1], [2, 3, 5, 6], [4]) : 0.9298607184
19 : ([1, 3, 5, 6], [2, 4]) : 0.9006711873
20 : ([1, 3, 5, 6], [2], [4]) : 0.8997585475
21 : ([1, 2, 4], [3, 5, 6]) : 0.9029491340
22 : ([1], [2, 4], [3, 5, 6]) : 0.8963922302
23 : ([1, 4], [2], [3, 5, 6]) : 0.8969187546
24 : ([1, 2], [3, 5, 6], [4]) : 0.8987956175
25 : ([1], [2], [3, 5, 6], [4]) : 0.8953003650
26 : ([1, 2, 5, 6], [3, 4]) : 0.8997595316
27 : ([1, 2, 5, 6], [3], [4]) : 0.8995980894
28 : ([1, 3, 4], [2, 5, 6]) : 0.8967819656
29 : ([1], [2, 5, 6], [3, 4]) : 0.8925760658
30 : ([1, 4], [2, 5, 6], [3]) : 0.8945978779
31 : ([1, 3], [2, 5, 6], [4]) : 0.8947702394
32 : ([1], [2, 5, 6], [3], [4]) : 0.8925275207
33 : ([1, 5, 6], [2, 3, 4]) : 0.9258933731
34 : ([1, 5, 6], [2], [3, 4]) : 0.8913877259
35 : ([1, 5, 6], [2, 4], [3]) : 0.8928413748
36 : ([1, 5, 6], [2, 3], [4]) : 0.9242776235
37 : ([1, 5, 6], [2], [3], [4]) : 0.8912405137
38 : ([1, 2, 3, 4], [5, 6]) : 0.9327670504
39 : ([1], [2, 3, 4], [5, 6]) : 0.9257775295
40 : ([1, 3, 4], [2], [5, 6]) : 0.8943025964
41 : ([1, 2], [3, 4], [5, 6]) : 0.8931257230
42 : ([1], [2], [3, 4], [5, 6]) : 0.8896027020
43 : ([1, 2, 4], [3], [5, 6]) : 0.8990161070
44 : ([1, 3], [2, 4], [5, 6]) : 0.8933227962
45 : ([1], [2, 4], [3], [5, 6]) : 0.8910134429
46 : ([1, 4], [2, 3], [5, 6]) : 0.9249663246
47 : ([1, 4], [2], [3], [5, 6]) : 0.8917325980
48 : ([1, 2, 3], [4], [5, 6]) : 0.9293058179
49 : ([1], [2, 3], [4], [5, 6]) : 0.9240605408
50 : ([1, 3], [2], [4], [5, 6]) : 0.8920377150
51 : ([1, 2], [3], [4], [5, 6]) : 0.8931127728
52 : ([1], [2], [3], [4], [5, 6]) : 0.8893663807
53 : ([1, 2, 3, 4, 6], [5]) : 0.9397453028
54 : ([1, 5], [2, 3, 4, 6]) : 0.9320764650
55 : ([1], [2, 3, 4, 6], [5]) : 0.9316979270
56 : ([1, 3, 4, 6], [2, 5]) : 0.9043993281
57 : ([1, 3, 4, 6], [2], [5]) : 0.9016822277
58 : ([1, 2, 5], [3, 4, 6]) : 0.9071423359
59 : ([1], [2, 5], [3, 4, 6]) : 0.8995353338
60 : ([1, 5], [2], [3, 4, 6]) : 0.8960492404
61 : ([1, 2], [3, 4, 6], [5]) : 0.9000553140
62 : ([1], [2], [3, 4, 6], [5]) : 0.8952535338
63 : ([1, 2, 4, 6], [3, 5]) : 0.9042140714
64 : ([1, 2, 4, 6], [3], [5]) : 0.9034815745
65 : ([1, 3, 5], [2, 4, 6]) : 0.8975562761
66 : ([1], [2, 4, 6], [3, 5]) : 0.8954216365
67 : ([1, 5], [2, 4, 6], [3]) : 0.8944065904
68 : ([1, 3], [2, 4, 6], [5]) : 0.8943801780
69 : ([1], [2, 4, 6], [3], [5]) : 0.8931930837
70 : ([1, 4, 6], [2, 3, 5]) : 0.9274234991
71 : ([1, 4, 6], [2], [3, 5]) : 0.8935470377
72 : ([1, 4, 6], [2, 5], [3]) : 0.8955798499
73 : ([1, 4, 6], [2, 3], [5]) : 0.9241278461
74 : ([1, 4, 6], [2], [3], [5]) : 0.8916688448
75 : ([1, 2, 3, 5], [4, 6]) : 0.9330715768
76 : ([1], [2, 3, 5], [4, 6]) : 0.9268707033
77 : ([1, 3, 5], [2], [4, 6]) : 0.8929139995
78 : ([1, 2], [3, 5], [4, 6]) : 0.8958926891
79 : ([1], [2], [3, 5], [4, 6]) : 0.8909607143
80 : ([1, 2, 5], [3], [4, 6]) : 0.9021339500
81 : ([1, 3], [2, 5], [4, 6]) : 0.8949036324
82 : ([1], [2, 5], [3], [4, 6]) : 0.8935692029
83 : ([1, 5], [2, 3], [4, 6]) : 0.9239132049
84 : ([1, 5], [2], [3], [4, 6]) : 0.8897223857
85 : ([1, 2, 3], [4, 6], [5]) : 0.9299185370
86 : ([1], [2, 3], [4, 6], [5]) : 0.9232410428
87 : ([1, 3], [2], [4, 6], [5]) : 0.8898981339
88 : ([1, 2], [3], [4, 6], [5]) : 0.8944837381
89 : ([1], [2], [3], [4, 6], [5]) : 0.8886096126
90 : ([1, 2, 3, 6], [4, 5]) : 0.9407729411
91 : ([1, 2, 3, 6], [4], [5]) : 0.9266497182
92 : ([1, 4, 5], [2, 3, 6]) : 0.9388013016
93 : ([1], [2, 3, 6], [4, 5]) : 0.9367442758
94 : ([1, 5], [2, 3, 6], [4]) : 0.9190811331
95 : ([1, 4], [2, 3, 6], [5]) : 0.9198866099
96 : ([1], [2, 3, 6], [4], [5]) : 0.9184905244
97 : ([1, 3, 6], [2, 4, 5]) : 0.9047157335
98 : ([1, 3, 6], [2], [4, 5]) : 0.9021867283
99 : ([1, 3, 6], [2, 5], [4]) : 0.8908556820
100 : ([1, 3, 6], [2, 4], [5]) : 0.8891102714
101 : ([1, 3, 6], [2], [4], [5]) : 0.8874737481
102 : ([1, 2, 4, 5], [3, 6]) : 0.9098491365
103 : ([1], [2, 4, 5], [3, 6]) : 0.9020646853
104 : ([1, 4, 5], [2], [3, 6]) : 0.9021878402
105 : ([1, 2], [3, 6], [4, 5]) : 0.9007082502
106 : ([1], [2], [3, 6], [4, 5]) : 0.8983022358
107 : ([1, 2, 5], [3, 6], [4]) : 0.8946682215
108 : ([1, 4], [2, 5], [3, 6]) : 0.8893984502
109 : ([1], [2, 5], [3, 6], [4]) : 0.8873302650
110 : ([1, 5], [2, 4], [3, 6]) : 0.8864690295
111 : ([1, 5], [2], [3, 6], [4]) : 0.8843493053
112 : ([1, 2, 4], [3, 6], [5]) : 0.8944734723
113 : ([1], [2, 4], [3, 6], [5]) : 0.8850094452
114 : ([1, 4], [2], [3, 6], [5]) : 0.8855734378
115 : ([1, 2], [3, 6], [4], [5]) : 0.8884135839
116 : ([1], [2], [3, 6], [4], [5]) : 0.8828887726
117 : ([1, 2, 6], [3, 4, 5]) : 0.9019425609
118 : ([1, 2, 6], [3], [4, 5]) : 0.8966229950
119 : ([1, 2, 6], [3, 5], [4]) : 0.8865166054
120 : ([1, 2, 6], [3, 4], [5]) : 0.8843198405
121 : ([1, 2, 6], [3], [4], [5]) : 0.8843888669
122 : ([1, 3, 4, 5], [2, 6]) : 0.9044103696
123 : ([1], [2, 6], [3, 4, 5]) : 0.8993266232
124 : ([1, 4, 5], [2, 6], [3]) : 0.8978398368
125 : ([1, 3], [2, 6], [4, 5]) : 0.8945523083
126 : ([1], [2, 6], [3], [4, 5]) : 0.8935109709
127 : ([1, 3, 5], [2, 6], [4]) : 0.8830599853
128 : ([1, 4], [2, 6], [3, 5]) : 0.8828152989
129 : ([1], [2, 6], [3, 5], [4]) : 0.8804869553
130 : ([1, 5], [2, 6], [3, 4]) : 0.8792148269
131 : ([1, 5], [2, 6], [3], [4]) : 0.8790701490
132 : ([1, 3, 4], [2, 6], [5]) : 0.8822005393
133 : ([1], [2, 6], [3, 4], [5]) : 0.8774263659
134 : ([1, 4], [2, 6], [3], [5]) : 0.8802807990
135 : ([1, 3], [2, 6], [4], [5]) : 0.8790303502
136 : ([1], [2, 6], [3], [4], [5]) : 0.8772637841
137 : ([1, 6], [2, 3, 4, 5]) : 0.9372310638
138 : ([1, 6], [2], [3, 4, 5]) : 0.8998003450
139 : ([1, 6], [2, 4, 5], [3]) : 0.8978527166
140 : ([1, 6], [2, 3], [4, 5]) : 0.9325850303
141 : ([1, 6], [2], [3], [4, 5]) : 0.8938899713
142 : ([1, 6], [2, 3, 5], [4]) : 0.9176280914
143 : ([1, 6], [2, 4], [3, 5]) : 0.8834777983
144 : ([1, 6], [2], [3, 5], [4]) : 0.8810789435
145 : ([1, 6], [2, 5], [3, 4]) : 0.8825195527
146 : ([1, 6], [2, 5], [3], [4]) : 0.8824772143
147 : ([1, 6], [2, 3, 4], [5]) : 0.9162950523
148 : ([1, 6], [2], [3, 4], [5]) : 0.8780234627
149 : ([1, 6], [2, 4], [3], [5]) : 0.8806551764
150 : ([1, 6], [2, 3], [4], [5]) : 0.9134259419
151 : ([1, 6], [2], [3], [4], [5]) : 0.8778484311
152 : ([1, 2, 3, 4, 5], [6]) : 0.9430475626
153 : ([1], [2, 3, 4, 5], [6]) : 0.9372266485
154 : ([1, 3, 4, 5], [2], [6]) : 0.9043842678
155 : ([1, 2], [3, 4, 5], [6]) : 0.9010613433
156 : ([1], [2], [3, 4, 5], [6]) : 0.8992796331
157 : ([1, 2, 4, 5], [3], [6]) : 0.9064459377
158 : ([1, 3], [2, 4, 5], [6]) : 0.8990065451
159 : ([1], [2, 4, 5], [3], [6]) : 0.8977430907
160 : ([1, 4, 5], [2, 3], [6]) : 0.9347936708
161 : ([1, 4, 5], [2], [3], [6]) : 0.8975833975
162 : ([1, 2, 3], [4, 5], [6]) : 0.9357902955
163 : ([1], [2, 3], [4, 5], [6]) : 0.9326810509
164 : ([1, 3], [2], [4, 5], [6]) : 0.8944930481
165 : ([1, 2], [3], [4, 5], [6]) : 0.8956025834
166 : ([1], [2], [3], [4, 5], [6]) : 0.8933325223
167 : ([1, 2, 3, 5], [4], [6]) : 0.9235485655
168 : ([1, 4], [2, 3, 5], [6]) : 0.9183453242
169 : ([1], [2, 3, 5], [4], [6]) : 0.9175841651
170 : ([1, 3, 5], [2, 4], [6]) : 0.8853680830
171 : ([1, 3, 5], [2], [4], [6]) : 0.8829068427
172 : ([1, 2, 4], [3, 5], [6]) : 0.8915368054
173 : ([1], [2, 4], [3, 5], [6]) : 0.8828442951
174 : ([1, 4], [2], [3, 5], [6]) : 0.8826822717
175 : ([1, 2], [3, 5], [4], [6]) : 0.8849897764
176 : ([1], [2], [3, 5], [4], [6]) : 0.8803171060
177 : ([1, 2, 5], [3, 4], [6]) : 0.8900584957
178 : ([1, 2, 5], [3], [4], [6]) : 0.8898724070
179 : ([1, 3, 4], [2, 5], [6]) : 0.8861936506
180 : ([1], [2, 5], [3, 4], [6]) : 0.8819360409
181 : ([1, 4], [2, 5], [3], [6]) : 0.8843053574
182 : ([1, 3], [2, 5], [4], [6]) : 0.8836265022
183 : ([1], [2, 5], [3], [4], [6]) : 0.8819034263
184 : ([1, 5], [2, 3, 4], [6]) : 0.9168988532
185 : ([1, 5], [2], [3, 4], [6]) : 0.8789441095
186 : ([1, 5], [2, 4], [3], [6]) : 0.8815358667
187 : ([1, 5], [2, 3], [4], [6]) : 0.9142548568
188 : ([1, 5], [2], [3], [4], [6]) : 0.8788049630
189 : ([1, 2, 3, 4], [5], [6]) : 0.9252599796
190 : ([1], [2, 3, 4], [5], [6]) : 0.9163342171
191 : ([1, 3, 4], [2], [5], [6]) : 0.8821064298
192 : ([1, 2], [3, 4], [5], [6]) : 0.8829431243
193 : ([1], [2], [3, 4], [5], [6]) : 0.8772330386
194 : ([1, 2, 4], [3], [5], [6]) : 0.8906342757
195 : ([1, 3], [2, 4], [5], [6]) : 0.8816349526
196 : ([1], [2, 4], [3], [5], [6]) : 0.8799717145
197 : ([1, 4], [2, 3], [5], [6]) : 0.9148424353
198 : ([1, 4], [2], [3], [5], [6]) : 0.8801406311
199 : ([1, 2, 3], [4], [5], [6]) : 0.9204830918
200 : ([1], [2, 3], [4], [5], [6]) : 0.9134674373
201 : ([1, 3], [2], [4], [5], [6]) : 0.8789167242
202 : ([1, 2], [3], [4], [5], [6]) : 0.8830157923
203 : ([1], [2], [3], [4], [5], [6]) : 0.8770594034
