=== Bootstrap seed: 81 ===
1 : ([1, 2, 3, 4, 5, 6],) : 0.9515316932
2 : ([1], [2, 3, 4, 5, 6]) : 0.9481601831
3 : ([1, 3, 4, 5, 6], [2]) : 0.9199616659
4 : ([1, 2], [3, 4, 5, 6]) : 0.9121270619
5 : ([1], [2], [3, 4, 5, 6]) : 0.9121163487
6 : ([1, 2, 4, 5, 6], [3]) : 0.9175234379
7 : ([1, 3], [2, 4, 5, 6]) : 0.9116911661
8 : ([1], [2, 4, 5, 6], [3]) : 0.9104183978
9 : ([1, 4, 5, 6], [2, 3]) : 0.9460751291
10 : ([1, 4, 5, 6], [2], [3]) : 0.9117272887
11 : ([1, 2, 3], [4, 5, 6]) : 0.9458507651
12 : ([1], [2, 3], [4, 5, 6]) : 0.9446633895
13 : ([1, 3], [2], [4, 5, 6]) : 0.9078743370
14 : ([1, 2], [3], [4, 5, 6]) : 0.9067964341
15 : ([1], [2], [3], [4, 5, 6]) : 0.9066086656
16 : ([1, 2, 3, 5, 6], [4]) : 0.9254652658
17 : ([1, 4], [2, 3, 5, 6]) : 0.9221212245
18 : ([1], [2, 3, 5, 6], [4]) : 0.9208569614
19 : ([1, 3, 5, 6], [2, 4]) : 0.8954329842
20 : ([1, 3, 5, 6], [2], [4]) : 0.8943352533
21 : ([1, 2, 4], [3, 5, 6]) : 0.8906092831
22 : ([1], [2, 4], [3, 5, 6]) : 0.8872127481
23 : ([1, 4], [2], [3, 5, 6]) : 0.8871506271
24 : ([1, 2], [3, 5, 6], [4]) : 0.8861211066
25 : ([1], [2], [3, 5, 6], [4]) : 0.8853815503
26 : ([1, 2, 5, 6], [3, 4]) : 0.8958373519
27 : ([1, 2, 5, 6], [3], [4]) : 0.8946850278
28 : ([1, 3, 4], [2, 5, 6]) : 0.8904664027
29 : ([1], [2, 5, 6], [3, 4]) : 0.8876596927
30 : ([1, 4], [2, 5, 6], [3]) : 0.8880139612
31 : ([1, 3], [2, 5, 6], [4]) : 0.8873908286
32 : ([1], [2, 5, 6], [3], [4]) : 0.8863956692
33 : ([1, 5, 6], [2, 3, 4]) : 0.9219994712
34 : ([1, 5, 6], [2], [3, 4]) : 0.8888821301
35 : ([1, 5, 6], [2, 4], [3]) : 0.8893022513
36 : ([1, 5, 6], [2, 3], [4]) : 0.9195891335
37 : ([1, 5, 6], [2], [3], [4]) : 0.8880208596
38 : ([1, 2, 3, 4], [5, 6]) : 0.9240676728
39 : ([1], [2, 3, 4], [5, 6]) : 0.9209291682
40 : ([1, 3, 4], [2], [5, 6]) : 0.8863707183
41 : ([1, 2], [3, 4], [5, 6]) : 0.8839014034
42 : ([1], [2], [3, 4], [5, 6]) : 0.8831147298
43 : ([1, 2, 4], [3], [5, 6]) : 0.8872328118
44 : ([1, 3], [2, 4], [5, 6]) : 0.8846345771
45 : ([1], [2, 4], [3], [5, 6]) : 0.8833533916
46 : ([1, 4], [2, 3], [5, 6]) : 0.9192341207
47 : ([1, 4], [2], [3], [5, 6]) : 0.8839397602
48 : ([1, 2, 3], [4], [5, 6]) : 0.9204738750
49 : ([1], [2, 3], [4], [5, 6]) : 0.9183284836
50 : ([1, 3], [2], [4], [5, 6]) : 0.8833323173
51 : ([1, 2], [3], [4], [5, 6]) : 0.8829384420
52 : ([1], [2], [3], [4], [5, 6]) : 0.8821314156
53 : ([1, 2, 3, 4, 6], [5]) : 0.9265933850
54 : ([1, 5], [2, 3, 4, 6]) : 0.9230745978
55 : ([1], [2, 3, 4, 6], [5]) : 0.9228866784
56 : ([1, 3, 4, 6], [2, 5]) : 0.8959669799
57 : ([1, 3, 4, 6], [2], [5]) : 0.8925184737
58 : ([1, 2, 5], [3, 4, 6]) : 0.8931758760
59 : ([1], [2, 5], [3, 4, 6]) : 0.8901492481
60 : ([1, 5], [2], [3, 4, 6]) : 0.8868923789
61 : ([1, 2], [3, 4, 6], [5]) : 0.8875217778
62 : ([1], [2], [3, 4, 6], [5]) : 0.8857922849
63 : ([1, 2, 4, 6], [3, 5]) : 0.8921953944
64 : ([1, 2, 4, 6], [3], [5]) : 0.8912117152
65 : ([1, 3, 5], [2, 4, 6]) : 0.8875243806
66 : ([1], [2, 4, 6], [3, 5]) : 0.8863346926
67 : ([1, 5], [2, 4, 6], [3]) : 0.8855767439
68 : ([1, 3], [2, 4, 6], [5]) : 0.8852038135
69 : ([1], [2, 4, 6], [3], [5]) : 0.8845897135
70 : ([1, 4, 6], [2, 3, 5]) : 0.9213188149
71 : ([1, 4, 6], [2], [3, 5]) : 0.8869893936
72 : ([1, 4, 6], [2, 5], [3]) : 0.8887530751
73 : ([1, 4, 6], [2, 3], [5]) : 0.9197994039
74 : ([1, 4, 6], [2], [3], [5]) : 0.8855463100
75 : ([1, 2, 3, 5], [4, 6]) : 0.9222804869
76 : ([1], [2, 3, 5], [4, 6]) : 0.9194545761
77 : ([1, 3, 5], [2], [4, 6]) : 0.8846329873
78 : ([1, 2], [3, 5], [4, 6]) : 0.8849857995
79 : ([1], [2], [3, 5], [4, 6]) : 0.8832363344
80 : ([1, 2, 5], [3], [4, 6]) : 0.8877431808
81 : ([1, 3], [2, 5], [4, 6]) : 0.8859880208
82 : ([1], [2, 5], [3], [4, 6]) : 0.8850164908
83 : ([1, 5], [2, 3], [4, 6]) : 0.9181304165
84 : ([1, 5], [2], [3], [4, 6]) : 0.8822800973
85 : ([1, 2, 3], [4, 6], [5]) : 0.9205600770
86 : ([1], [2, 3], [4, 6], [5]) : 0.9180202682
87 : ([1, 3], [2], [4, 6], [5]) : 0.8824311078
88 : ([1, 2], [3], [4, 6], [5]) : 0.8832941273
89 : ([1], [2], [3], [4, 6], [5]) : 0.8814355864
90 : ([1, 2, 3, 6], [4, 5]) : 0.9260628775
91 : ([1, 2, 3, 6], [4], [5]) : 0.9139907446
92 : ([1, 4, 5], [2, 3, 6]) : 0.9248105645
93 : ([1], [2, 3, 6], [4, 5]) : 0.9230560153
94 : ([1, 5], [2, 3, 6], [4]) : 0.9098658193
95 : ([1, 4], [2, 3, 6], [5]) : 0.9112535488
96 : ([1], [2, 3, 6], [4], [5]) : 0.9096922128
97 : ([1, 3, 6], [2, 4, 5]) : 0.8924990142
98 : ([1, 3, 6], [2], [4, 5]) : 0.8878999800
99 : ([1, 3, 6], [2, 5], [4]) : 0.8817596225
100 : ([1, 3, 6], [2, 4], [5]) : 0.8795179871
101 : ([1, 3, 6], [2], [4], [5]) : 0.8786631070
102 : ([1, 2, 4, 5], [3, 6]) : 0.8917579177
103 : ([1], [2, 4, 5], [3, 6]) : 0.8872567868
104 : ([1, 4, 5], [2], [3, 6]) : 0.8847047717
105 : ([1, 2], [3, 6], [4, 5]) : 0.8820382256
106 : ([1], [2], [3, 6], [4, 5]) : 0.8815265019
107 : ([1, 2, 5], [3, 6], [4]) : 0.8803116160
108 : ([1, 4], [2, 5], [3, 6]) : 0.8785420893
109 : ([1], [2, 5], [3, 6], [4]) : 0.8764911873
110 : ([1, 5], [2, 4], [3, 6]) : 0.8755249786
111 : ([1, 5], [2], [3, 6], [4]) : 0.8742022652
112 : ([1, 2, 4], [3, 6], [5]) : 0.8784366849
113 : ([1], [2, 4], [3, 6], [5]) : 0.8737787002
114 : ([1, 4], [2], [3, 6], [5]) : 0.8746642250
115 : ([1, 2], [3, 6], [4], [5]) : 0.8745335437
116 : ([1], [2], [3, 6], [4], [5]) : 0.8725203266
117 : ([1, 2, 6], [3, 4, 5]) : 0.8868768675
118 : ([1, 2, 6], [3], [4, 5]) : 0.8839356378
119 : ([1, 2, 6], [3, 5], [4]) : 0.8780765112
120 : ([1, 2, 6], [3, 4], [5]) : 0.8783915099
121 : ([1, 2, 6], [3], [4], [5]) : 0.8775685534
122 : ([1, 3, 4, 5], [2, 6]) : 0.8874687010
123 : ([1], [2, 6], [3, 4, 5]) : 0.8835797321
124 : ([1, 4, 5], [2, 6], [3]) : 0.8829611342
125 : ([1, 3], [2, 6], [4, 5]) : 0.8810557607
126 : ([1], [2, 6], [3], [4, 5]) : 0.8801341716
127 : ([1, 3, 5], [2, 6], [4]) : 0.8747892092
128 : ([1, 4], [2, 6], [3, 5]) : 0.8749421061
129 : ([1], [2, 6], [3, 5], [4]) : 0.8730367732
130 : ([1, 5], [2, 6], [3, 4]) : 0.8746518787
131 : ([1, 5], [2, 6], [3], [4]) : 0.8732941818
132 : ([1, 3, 4], [2, 6], [5]) : 0.8757120366
133 : ([1], [2, 6], [3, 4], [5]) : 0.8730655557
134 : ([1, 4], [2, 6], [3], [5]) : 0.8737036973
135 : ([1, 3], [2, 6], [4], [5]) : 0.8724942388
136 : ([1], [2, 6], [3], [4], [5]) : 0.8718488543
137 : ([1, 6], [2, 3, 4, 5]) : 0.9273109250
138 : ([1, 6], [2], [3, 4, 5]) : 0.8849765182
139 : ([1, 6], [2, 4, 5], [3]) : 0.8866341839
140 : ([1, 6], [2, 3], [4, 5]) : 0.9227262358
141 : ([1, 6], [2], [3], [4, 5]) : 0.8817047971
142 : ([1, 6], [2, 3, 5], [4]) : 0.9115115302
143 : ([1, 6], [2, 4], [3, 5]) : 0.8762574295
144 : ([1, 6], [2], [3, 5], [4]) : 0.8749179607
145 : ([1, 6], [2, 5], [3, 4]) : 0.8786744189
146 : ([1, 6], [2, 5], [3], [4]) : 0.8774734710
147 : ([1, 6], [2, 3, 4], [5]) : 0.9128506757
148 : ([1, 6], [2], [3, 4], [5]) : 0.8749290542
149 : ([1, 6], [2, 4], [3], [5]) : 0.8751599811
150 : ([1, 6], [2, 3], [4], [5]) : 0.9100170025
151 : ([1, 6], [2], [3], [4], [5]) : 0.8739492518
152 : ([1, 2, 3, 4, 5], [6]) : 0.9311873523
153 : ([1], [2, 3, 4, 5], [6]) : 0.9269778640
154 : ([1, 3, 4, 5], [2], [6]) : 0.8872297165
155 : ([1, 2], [3, 4, 5], [6]) : 0.8837649820
156 : ([1], [2], [3, 4, 5], [6]) : 0.8831774530
157 : ([1, 2, 4, 5], [3], [6]) : 0.8890777038
158 : ([1, 3], [2, 4, 5], [6]) : 0.8858287207
159 : ([1], [2, 4, 5], [3], [6]) : 0.8845442615
160 : ([1, 4, 5], [2, 3], [6]) : 0.9238294473
161 : ([1, 4, 5], [2], [3], [6]) : 0.8824599174
162 : ([1, 2, 3], [4, 5], [6]) : 0.9238109476
163 : ([1], [2, 3], [4, 5], [6]) : 0.9221697053
164 : ([1, 3], [2], [4, 5], [6]) : 0.8805328132
165 : ([1, 2], [3], [4, 5], [6]) : 0.8799166756
166 : ([1], [2], [3], [4, 5], [6]) : 0.8794695608
167 : ([1, 2, 3, 5], [4], [6]) : 0.9138904385
168 : ([1, 4], [2, 3, 5], [6]) : 0.9122336393
169 : ([1], [2, 3, 5], [4], [6]) : 0.9106340280
170 : ([1, 3, 5], [2, 4], [6]) : 0.8753872016
171 : ([1, 3, 5], [2], [4], [6]) : 0.8741082152
172 : ([1, 2, 4], [3, 5], [6]) : 0.8779134833
173 : ([1], [2, 4], [3, 5], [6]) : 0.8735430578
174 : ([1, 4], [2], [3, 5], [6]) : 0.8743615870
175 : ([1, 2], [3, 5], [4], [6]) : 0.8741305233
176 : ([1], [2], [3, 5], [4], [6]) : 0.8722654453
177 : ([1, 2, 5], [3, 4], [6]) : 0.8799565029
178 : ([1, 2, 5], [3], [4], [6]) : 0.8781381569
179 : ([1, 3, 4], [2, 5], [6]) : 0.8793087989
180 : ([1], [2, 5], [3, 4], [6]) : 0.8762995104
181 : ([1, 4], [2, 5], [3], [6]) : 0.8765530909
182 : ([1, 3], [2, 5], [4], [6]) : 0.8753716277
183 : ([1], [2, 5], [3], [4], [6]) : 0.8745902376
184 : ([1, 5], [2, 3, 4], [6]) : 0.9120840023
185 : ([1, 5], [2], [3, 4], [6]) : 0.8738196709
186 : ([1, 5], [2, 4], [3], [6]) : 0.8735649454
187 : ([1, 5], [2, 3], [4], [6]) : 0.9090747311
188 : ([1, 5], [2], [3], [4], [6]) : 0.8724076855
189 : ([1, 2, 3, 4], [5], [6]) : 0.9158111453
190 : ([1], [2, 3, 4], [5], [6]) : 0.9119583463
191 : ([1, 3, 4], [2], [5], [6]) : 0.8752071071
192 : ([1, 2], [3, 4], [5], [6]) : 0.8739989756
193 : ([1], [2], [3, 4], [5], [6]) : 0.8721860269
194 : ([1, 2, 4], [3], [5], [6]) : 0.8765102699
195 : ([1, 3], [2, 4], [5], [6]) : 0.8726123638
196 : ([1], [2, 4], [3], [5], [6]) : 0.8719246171
197 : ([1, 4], [2, 3], [5], [6]) : 0.9103329529
198 : ([1, 4], [2], [3], [5], [6]) : 0.8729448864
199 : ([1, 2, 3], [4], [5], [6]) : 0.9117379065
200 : ([1], [2, 3], [4], [5], [6]) : 0.9089501136
201 : ([1, 3], [2], [4], [5], [6]) : 0.8716685505
202 : ([1, 2], [3], [4], [5], [6]) : 0.8728226368
203 : ([1], [2], [3], [4], [5], [6]) : 0.8708786121
