=== Bootstrap seed: 18 ===
1 : ([1, 2, 3, 4, 5, 6],) : 0.9653281921
2 : ([1], [2, 3, 4, 5, 6]) : 0.9595513300
3 : ([1, 3, 4, 5, 6], [2]) : 0.9284186776
4 : ([1, 2], [3, 4, 5, 6]) : 0.9267493615
5 : ([1], [2], [3, 4, 5, 6]) : 0.9244042983
6 : ([1, 2, 4, 5, 6], [3]) : 0.9319364336
7 : ([1, 3], [2, 4, 5, 6]) : 0.9233765033
8 : ([1], [2, 4, 5, 6], [3]) : 0.9231938035
9 : ([1, 4, 5, 6], [2, 3]) : 0.9569427229
10 : ([1, 4, 5, 6], [2], [3]) : 0.9238054356
11 : ([1, 2, 3], [4, 5, 6]) : 0.9583685647
12 : ([1], [2, 3], [4, 5, 6]) : 0.9562441588
13 : ([1, 3], [2], [4, 5, 6]) : 0.9215853866
14 : ([1, 2], [3], [4, 5, 6]) : 0.9232703870
15 : ([1], [2], [3], [4, 5, 6]) : 0.9211207932
16 : ([1, 2, 3, 5, 6], [4]) : 0.9360751321
17 : ([1, 4], [2, 3, 5, 6]) : 0.9319398714
18 : ([1], [2, 3, 5, 6], [4]) : 0.9310097950
19 : ([1, 3, 5, 6], [2, 4]) : 0.8986283234
20 : ([1, 3, 5, 6], [2], [4]) : 0.8979266695
21 : ([1, 2, 4], [3, 5, 6]) : 0.9037246907
22 : ([1], [2, 4], [3, 5, 6]) : 0.8970721892
23 : ([1, 4], [2], [3, 5, 6]) : 0.8982391015
24 : ([1, 2], [3, 5, 6], [4]) : 0.8999528490
25 : ([1], [2], [3, 5, 6], [4]) : 0.8963140922
26 : ([1, 2, 5, 6], [3, 4]) : 0.9038643697
27 : ([1, 2, 5, 6], [3], [4]) : 0.9028580882
28 : ([1, 3, 4], [2, 5, 6]) : 0.8997642508
29 : ([1], [2, 5, 6], [3, 4]) : 0.8973830396
30 : ([1, 4], [2, 5, 6], [3]) : 0.8979492407
31 : ([1, 3], [2, 5, 6], [4]) : 0.8962712785
32 : ([1], [2, 5, 6], [3], [4]) : 0.8960079034
33 : ([1, 5, 6], [2, 3, 4]) : 0.9273115801
34 : ([1, 5, 6], [2], [3, 4]) : 0.8953603050
35 : ([1, 5, 6], [2, 4], [3]) : 0.8945491156
36 : ([1, 5, 6], [2, 3], [4]) : 0.9248578405
37 : ([1, 5, 6], [2], [3], [4]) : 0.8936849880
38 : ([1, 2, 3, 4], [5, 6]) : 0.9342229534
39 : ([1], [2, 3, 4], [5, 6]) : 0.9269509431
40 : ([1, 3, 4], [2], [5, 6]) : 0.8974431060
41 : ([1, 2], [3, 4], [5, 6]) : 0.8980969624
42 : ([1], [2], [3, 4], [5, 6]) : 0.8944521063
43 : ([1, 2, 4], [3], [5, 6]) : 0.9007526020
44 : ([1, 3], [2, 4], [5, 6]) : 0.8938343339
45 : ([1], [2, 4], [3], [5, 6]) : 0.8933085752
46 : ([1, 4], [2, 3], [5, 6]) : 0.9253377332
47 : ([1, 4], [2], [3], [5, 6]) : 0.8948581489
48 : ([1, 2, 3], [4], [5, 6]) : 0.9294885742
49 : ([1], [2, 3], [4], [5, 6]) : 0.9243678417
50 : ([1, 3], [2], [4], [5, 6]) : 0.8932235712
51 : ([1, 2], [3], [4], [5, 6]) : 0.8965640599
52 : ([1], [2], [3], [4], [5, 6]) : 0.8925884657
53 : ([1, 2, 3, 4, 6], [5]) : 0.9427804793
54 : ([1, 5], [2, 3, 4, 6]) : 0.9364980895
55 : ([1], [2, 3, 4, 6], [5]) : 0.9361956065
56 : ([1, 3, 4, 6], [2, 5]) : 0.9084342841
57 : ([1, 3, 4, 6], [2], [5]) : 0.9069596419
58 : ([1, 2, 5], [3, 4, 6]) : 0.9097358593
59 : ([1], [2, 5], [3, 4, 6]) : 0.9049507819
60 : ([1, 5], [2], [3, 4, 6]) : 0.9030126440
61 : ([1, 2], [3, 4, 6], [5]) : 0.9065992180
62 : ([1], [2], [3, 4, 6], [5]) : 0.9030923738
63 : ([1, 2, 4, 6], [3, 5]) : 0.9113666514
64 : ([1, 2, 4, 6], [3], [5]) : 0.9090997579
65 : ([1, 3, 5], [2, 4, 6]) : 0.9028291981
66 : ([1], [2, 4, 6], [3, 5]) : 0.9021660865
67 : ([1, 5], [2, 4, 6], [3]) : 0.8998137194
68 : ([1, 3], [2, 4, 6], [5]) : 0.9001062434
69 : ([1], [2, 4, 6], [3], [5]) : 0.8999120671
70 : ([1, 4, 6], [2, 3, 5]) : 0.9388375878
71 : ([1, 4, 6], [2], [3, 5]) : 0.9045232442
72 : ([1, 4, 6], [2, 5], [3]) : 0.9039146087
73 : ([1, 4, 6], [2, 3], [5]) : 0.9346019869
74 : ([1, 4, 6], [2], [3], [5]) : 0.9020227450
75 : ([1, 2, 3, 5], [4, 6]) : 0.9421658633
76 : ([1], [2, 3, 5], [4, 6]) : 0.9376635979
77 : ([1, 3, 5], [2], [4, 6]) : 0.9019607582
78 : ([1, 2], [3, 5], [4, 6]) : 0.9043116419
79 : ([1], [2], [3, 5], [4, 6]) : 0.9010116274
80 : ([1, 2, 5], [3], [4, 6]) : 0.9059359701
81 : ([1, 3], [2, 5], [4, 6]) : 0.9010253677
82 : ([1], [2, 5], [3], [4, 6]) : 0.9008361443
83 : ([1, 5], [2, 3], [4, 6]) : 0.9337127221
84 : ([1, 5], [2], [3], [4, 6]) : 0.8986810442
85 : ([1, 2, 3], [4, 6], [5]) : 0.9376549107
86 : ([1], [2, 3], [4, 6], [5]) : 0.9333905368
87 : ([1, 3], [2], [4, 6], [5]) : 0.8990390340
88 : ([1, 2], [3], [4, 6], [5]) : 0.9023652216
89 : ([1], [2], [3], [4, 6], [5]) : 0.8987346127
90 : ([1, 2, 3, 6], [4, 5]) : 0.9416120923
91 : ([1, 2, 3, 6], [4], [5]) : 0.9280068352
92 : ([1, 4, 5], [2, 3, 6]) : 0.9387945772
93 : ([1], [2, 3, 6], [4, 5]) : 0.9383718023
94 : ([1, 5], [2, 3, 6], [4]) : 0.9224343731
95 : ([1, 4], [2, 3, 6], [5]) : 0.9233283394
96 : ([1], [2, 3, 6], [4], [5]) : 0.9223678425
97 : ([1, 3, 6], [2, 4, 5]) : 0.9084610548
98 : ([1, 3, 6], [2], [4, 5]) : 0.9061772819
99 : ([1, 3, 6], [2, 5], [4]) : 0.8930384316
100 : ([1, 3, 6], [2, 4], [5]) : 0.8908051259
101 : ([1, 3, 6], [2], [4], [5]) : 0.8901854267
102 : ([1, 2, 4, 5], [3, 6]) : 0.9143356299
103 : ([1], [2, 4, 5], [3, 6]) : 0.9070397767
104 : ([1, 4, 5], [2], [3, 6]) : 0.9051873028
105 : ([1, 2], [3, 6], [4, 5]) : 0.9067215089
106 : ([1], [2], [3, 6], [4, 5]) : 0.9040972614
107 : ([1, 2, 5], [3, 6], [4]) : 0.8972578521
108 : ([1, 4], [2, 5], [3, 6]) : 0.8931509950
109 : ([1], [2, 5], [3, 6], [4]) : 0.8916311567
110 : ([1, 5], [2, 4], [3, 6]) : 0.8891268410
111 : ([1, 5], [2], [3, 6], [4]) : 0.8883181833
112 : ([1, 2, 4], [3, 6], [5]) : 0.8962599795
113 : ([1], [2, 4], [3, 6], [5]) : 0.8891829238
114 : ([1, 4], [2], [3, 6], [5]) : 0.8901218230
115 : ([1, 2], [3, 6], [4], [5]) : 0.8927766680
116 : ([1], [2], [3, 6], [4], [5]) : 0.8884304445
117 : ([1, 2, 6], [3, 4, 5]) : 0.9095880832
118 : ([1, 2, 6], [3], [4, 5]) : 0.9063426689
119 : ([1, 2, 6], [3, 5], [4]) : 0.8944337683
120 : ([1, 2, 6], [3, 4], [5]) : 0.8941464822
121 : ([1, 2, 6], [3], [4], [5]) : 0.8925706944
122 : ([1, 3, 4, 5], [2, 6]) : 0.9071532574
123 : ([1], [2, 6], [3, 4, 5]) : 0.9055254148
124 : ([1, 4, 5], [2, 6], [3]) : 0.9038066856
125 : ([1, 3], [2, 6], [4, 5]) : 0.9029645673
126 : ([1], [2, 6], [3], [4, 5]) : 0.9025082561
127 : ([1, 3, 5], [2, 6], [4]) : 0.8894026702
128 : ([1, 4], [2, 6], [3, 5]) : 0.8910058399
129 : ([1], [2, 6], [3, 5], [4]) : 0.8891043007
130 : ([1, 5], [2, 6], [3, 4]) : 0.8891560220
131 : ([1, 5], [2, 6], [3], [4]) : 0.8870499437
132 : ([1, 3, 4], [2, 6], [5]) : 0.8915404929
133 : ([1], [2, 6], [3, 4], [5]) : 0.8891287436
134 : ([1, 4], [2, 6], [3], [5]) : 0.8890172031
135 : ([1, 3], [2, 6], [4], [5]) : 0.8874205009
136 : ([1], [2, 6], [3], [4], [5]) : 0.8870290866
137 : ([1, 6], [2, 3, 4, 5]) : 0.9421683285
138 : ([1, 6], [2], [3, 4, 5]) : 0.9057503732
139 : ([1, 6], [2, 4, 5], [3]) : 0.9054280724
140 : ([1, 6], [2, 3], [4, 5]) : 0.9366702762
141 : ([1, 6], [2], [3], [4, 5]) : 0.9026965947
142 : ([1, 6], [2, 3, 5], [4]) : 0.9245421659
143 : ([1, 6], [2, 4], [3, 5]) : 0.8905003596
144 : ([1, 6], [2], [3, 5], [4]) : 0.8893564551
145 : ([1, 6], [2, 5], [3, 4]) : 0.8915064277
146 : ([1, 6], [2, 5], [3], [4]) : 0.8900866174
147 : ([1, 6], [2, 3, 4], [5]) : 0.9230042195
148 : ([1, 6], [2], [3, 4], [5]) : 0.8891175538
149 : ([1, 6], [2, 4], [3], [5]) : 0.8881508689
150 : ([1, 6], [2, 3], [4], [5]) : 0.9200528217
151 : ([1, 6], [2], [3], [4], [5]) : 0.8871691925
152 : ([1, 2, 3, 4, 5], [6]) : 0.9475190557
153 : ([1], [2, 3, 4, 5], [6]) : 0.9419490845
154 : ([1, 3, 4, 5], [2], [6]) : 0.9059899522
155 : ([1, 2], [3, 4, 5], [6]) : 0.9069071279
156 : ([1], [2], [3, 4, 5], [6]) : 0.9043477282
157 : ([1, 2, 4, 5], [3], [6]) : 0.9124506740
158 : ([1, 3], [2, 4, 5], [6]) : 0.9045392294
159 : ([1], [2, 4, 5], [3], [6]) : 0.9042434227
160 : ([1, 4, 5], [2, 3], [6]) : 0.9368527644
161 : ([1, 4, 5], [2], [3], [6]) : 0.9028120303
162 : ([1, 2, 3], [4, 5], [6]) : 0.9396682068
163 : ([1], [2, 3], [4, 5], [6]) : 0.9365317791
164 : ([1, 3], [2], [4, 5], [6]) : 0.9021527977
165 : ([1, 2], [3], [4, 5], [6]) : 0.9041073674
166 : ([1], [2], [3], [4, 5], [6]) : 0.9015076071
167 : ([1, 2, 3, 5], [4], [6]) : 0.9297594784
168 : ([1, 4], [2, 3, 5], [6]) : 0.9250311144
169 : ([1], [2, 3, 5], [4], [6]) : 0.9243878445
170 : ([1, 3, 5], [2, 4], [6]) : 0.8891990742
171 : ([1, 3, 5], [2], [4], [6]) : 0.8881827947
172 : ([1, 2, 4], [3, 5], [6]) : 0.8961220148
173 : ([1], [2, 4], [3, 5], [6]) : 0.8890751098
174 : ([1, 4], [2], [3, 5], [6]) : 0.8896791888
175 : ([1, 2], [3, 5], [4], [6]) : 0.8917848201
176 : ([1], [2], [3, 5], [4], [6]) : 0.8878971922
177 : ([1, 2, 5], [3, 4], [6]) : 0.8962667821
178 : ([1, 2, 5], [3], [4], [6]) : 0.8947592802
179 : ([1, 3, 4], [2, 5], [6]) : 0.8922203444
180 : ([1], [2, 5], [3, 4], [6]) : 0.8902734274
181 : ([1, 4], [2, 5], [3], [6]) : 0.8902870394
182 : ([1, 3], [2, 5], [4], [6]) : 0.8889801579
183 : ([1], [2, 5], [3], [4], [6]) : 0.8886617748
184 : ([1, 5], [2, 3, 4], [6]) : 0.9228271316
185 : ([1, 5], [2], [3, 4], [6]) : 0.8879086823
186 : ([1, 5], [2, 4], [3], [6]) : 0.8867563683
187 : ([1, 5], [2, 3], [4], [6]) : 0.9198093628
188 : ([1, 5], [2], [3], [4], [6]) : 0.8857164735
189 : ([1, 2, 3, 4], [5], [6]) : 0.9300241313
190 : ([1], [2, 3, 4], [5], [6]) : 0.9228672473
191 : ([1, 3, 4], [2], [5], [6]) : 0.8903482713
192 : ([1, 2], [3, 4], [5], [6]) : 0.8917850447
193 : ([1], [2], [3, 4], [5], [6]) : 0.8879429374
194 : ([1, 2, 4], [3], [5], [6]) : 0.8941239593
195 : ([1, 3], [2, 4], [5], [6]) : 0.8872245269
196 : ([1], [2, 4], [3], [5], [6]) : 0.8867937117
197 : ([1, 4], [2, 3], [5], [6]) : 0.9205940297
198 : ([1, 4], [2], [3], [5], [6]) : 0.8876827851
199 : ([1, 2, 3], [4], [5], [6]) : 0.9252418552
200 : ([1], [2, 3], [4], [5], [6]) : 0.9198390476
201 : ([1, 3], [2], [4], [5], [6]) : 0.8863666025
202 : ([1, 2], [3], [4], [5], [6]) : 0.8900229889
203 : ([1], [2], [3], [4], [5], [6]) : 0.8857976224
