=== Bootstrap seed: 34 ===
1 : ([1, 2, 3, 4, 5, 6],) : 0.9576290218
2 : ([1], [2, 3, 4, 5, 6]) : 0.9518917305
3 : ([1, 3, 4, 5, 6], [2]) : 0.9186609475
4 : ([1, 2], [3, 4, 5, 6]) : 0.9142691371
5 : ([1], [2], [3, 4, 5, 6]) : 0.9112282428
6 : ([1, 2, 4, 5, 6], [3]) : 0.9236013534
7 : ([1, 3], [2, 4, 5, 6]) : 0.9191707528
8 : ([1], [2, 4, 5, 6], [3]) : 0.9182503333
9 : ([1, 4, 5, 6], [2, 3]) : 0.9506352041
10 : ([1, 4, 5, 6], [2], [3]) : 0.9138908284
11 : ([1, 2, 3], [4, 5, 6]) : 0.9506027410
12 : ([1], [2, 3], [4, 5, 6]) : 0.9484882700
13 : ([1, 3], [2], [4, 5, 6]) : 0.9116108091
14 : ([1, 2], [3], [4, 5, 6]) : 0.9127472313
15 : ([1], [2], [3], [4, 5, 6]) : 0.9096528591
16 : ([1, 2, 3, 5, 6], [4]) : 0.9302778323
17 : ([1, 4], [2, 3, 5, 6]) : 0.9261306281
18 : ([1], [2, 3, 5, 6], [4]) : 0.9252826897
19 : ([1, 3, 5, 6], [2, 4]) : 0.8929992912
20 : ([1, 3, 5, 6], [2], [4]) : 0.8904312031
21 : ([1, 2, 4], [3, 5, 6]) : 0.8938131183
22 : ([1], [2, 4], [3, 5, 6]) : 0.8864125977
23 : ([1, 4], [2], [3, 5, 6]) : 0.8844469150
24 : ([1, 2], [3, 5, 6], [4]) : 0.8873137358
25 : ([1], [2], [3, 5, 6], [4]) : 0.8828743054
26 : ([1, 2, 5, 6], [3, 4]) : 0.8946770170
27 : ([1, 2, 5, 6], [3], [4]) : 0.8936785022
28 : ([1, 3, 4], [2, 5, 6]) : 0.8935654482
29 : ([1], [2, 5, 6], [3, 4]) : 0.8899824420
30 : ([1, 4], [2, 5, 6], [3]) : 0.8909286811
31 : ([1, 3], [2, 5, 6], [4]) : 0.8919250322
32 : ([1], [2, 5, 6], [3], [4]) : 0.8893523618
33 : ([1, 5, 6], [2, 3, 4]) : 0.9235964037
34 : ([1, 5, 6], [2], [3, 4]) : 0.8857887154
35 : ([1, 5, 6], [2, 4], [3]) : 0.8878913215
36 : ([1, 5, 6], [2, 3], [4]) : 0.9207626412
37 : ([1, 5, 6], [2], [3], [4]) : 0.8845674334
38 : ([1, 2, 3, 4], [5, 6]) : 0.9271279966
39 : ([1], [2, 3, 4], [5, 6]) : 0.9226433717
40 : ([1, 3, 4], [2], [5, 6]) : 0.8860926535
41 : ([1, 2], [3, 4], [5, 6]) : 0.8865917391
42 : ([1], [2], [3, 4], [5, 6]) : 0.8816766845
43 : ([1, 2, 4], [3], [5, 6]) : 0.8922868765
44 : ([1, 3], [2, 4], [5, 6]) : 0.8863244100
45 : ([1], [2, 4], [3], [5, 6]) : 0.8842048919
46 : ([1, 4], [2, 3], [5, 6]) : 0.9206903876
47 : ([1, 4], [2], [3], [5, 6]) : 0.8827716442
48 : ([1, 2, 3], [4], [5, 6]) : 0.9229067169
49 : ([1], [2, 3], [4], [5, 6]) : 0.9194835473
50 : ([1, 3], [2], [4], [5, 6]) : 0.8839818183
51 : ([1, 2], [3], [4], [5, 6]) : 0.8856301591
52 : ([1], [2], [3], [4], [5, 6]) : 0.8808589190
53 : ([1, 2, 3, 4, 6], [5]) : 0.9302046845
54 : ([1, 5], [2, 3, 4, 6]) : 0.9219125971
55 : ([1], [2, 3, 4, 6], [5]) : 0.9210875538
56 : ([1, 3, 4, 6], [2, 5]) : 0.8969104841
57 : ([1, 3, 4, 6], [2], [5]) : 0.8884251138
58 : ([1, 2, 5], [3, 4, 6]) : 0.8955847069
59 : ([1], [2, 5], [3, 4, 6]) : 0.8900337098
60 : ([1, 5], [2], [3, 4, 6]) : 0.8808996586
61 : ([1, 2], [3, 4, 6], [5]) : 0.8857422149
62 : ([1], [2], [3, 4, 6], [5]) : 0.8785209642
63 : ([1, 2, 4, 6], [3, 5]) : 0.8972297463
64 : ([1, 2, 4, 6], [3], [5]) : 0.8965932859
65 : ([1, 3, 5], [2, 4, 6]) : 0.8893482282
66 : ([1], [2, 4, 6], [3, 5]) : 0.8865542060
67 : ([1, 5], [2, 4, 6], [3]) : 0.8873230524
68 : ([1, 3], [2, 4, 6], [5]) : 0.8872045240
69 : ([1], [2, 4, 6], [3], [5]) : 0.8857022468
70 : ([1, 4, 6], [2, 3, 5]) : 0.9247184218
71 : ([1, 4, 6], [2], [3, 5]) : 0.8842776058
72 : ([1, 4, 6], [2, 5], [3]) : 0.8929855201
73 : ([1, 4, 6], [2, 3], [5]) : 0.9193930941
74 : ([1, 4, 6], [2], [3], [5]) : 0.8829854595
75 : ([1, 2, 3, 5], [4, 6]) : 0.9263672927
76 : ([1], [2, 3, 5], [4, 6]) : 0.9216495556
77 : ([1, 3, 5], [2], [4, 6]) : 0.8827454276
78 : ([1, 2], [3, 5], [4, 6]) : 0.8847801772
79 : ([1], [2], [3, 5], [4, 6]) : 0.8779749856
80 : ([1, 2, 5], [3], [4, 6]) : 0.8938701154
81 : ([1, 3], [2, 5], [4, 6]) : 0.8906772788
82 : ([1], [2, 5], [3], [4, 6]) : 0.8885708723
83 : ([1, 5], [2, 3], [4, 6]) : 0.9167885730
84 : ([1, 5], [2], [3], [4, 6]) : 0.8790594927
85 : ([1, 2, 3], [4, 6], [5]) : 0.9212415096
86 : ([1], [2, 3], [4, 6], [5]) : 0.9158795915
87 : ([1, 3], [2], [4, 6], [5]) : 0.8799362270
88 : ([1, 2], [3], [4, 6], [5]) : 0.8838066146
89 : ([1], [2], [3], [4, 6], [5]) : 0.8768740427
90 : ([1, 2, 3, 6], [4, 5]) : 0.9284769628
91 : ([1, 2, 3, 6], [4], [5]) : 0.9176955769
92 : ([1, 4, 5], [2, 3, 6]) : 0.9228631505
93 : ([1], [2, 3, 6], [4, 5]) : 0.9216715543
94 : ([1, 5], [2, 3, 6], [4]) : 0.9098529775
95 : ([1, 4], [2, 3, 6], [5]) : 0.9105054249
96 : ([1], [2, 3, 6], [4], [5]) : 0.9088497017
97 : ([1, 3, 6], [2, 4, 5]) : 0.8974584881
98 : ([1, 3, 6], [2], [4, 5]) : 0.8877536704
99 : ([1, 3, 6], [2, 5], [4]) : 0.8837215744
100 : ([1, 3, 6], [2, 4], [5]) : 0.8781163495
101 : ([1, 3, 6], [2], [4], [5]) : 0.8749110881
102 : ([1, 2, 4, 5], [3, 6]) : 0.8970286844
103 : ([1], [2, 4, 5], [3, 6]) : 0.8917839535
104 : ([1, 4, 5], [2], [3, 6]) : 0.8816708171
105 : ([1, 2], [3, 6], [4, 5]) : 0.8836014226
106 : ([1], [2], [3, 6], [4, 5]) : 0.8786839876
107 : ([1, 2, 5], [3, 6], [4]) : 0.8831321998
108 : ([1, 4], [2, 5], [3, 6]) : 0.8794330721
109 : ([1], [2, 5], [3, 6], [4]) : 0.8779715297
110 : ([1, 5], [2, 4], [3, 6]) : 0.8724420895
111 : ([1, 5], [2], [3, 6], [4]) : 0.8685990996
112 : ([1, 2, 4], [3, 6], [5]) : 0.8804041332
113 : ([1], [2, 4], [3, 6], [5]) : 0.8703706046
114 : ([1, 4], [2], [3, 6], [5]) : 0.8682373545
115 : ([1, 2], [3, 6], [4], [5]) : 0.8734964498
116 : ([1], [2], [3, 6], [4], [5]) : 0.8662358960
117 : ([1, 2, 6], [3, 4, 5]) : 0.8892300136
118 : ([1, 2, 6], [3], [4, 5]) : 0.8859611006
119 : ([1, 2, 6], [3, 5], [4]) : 0.8765878606
120 : ([1, 2, 6], [3, 4], [5]) : 0.8768243963
121 : ([1, 2, 6], [3], [4], [5]) : 0.8755637331
122 : ([1, 3, 4, 5], [2, 6]) : 0.8897792771
123 : ([1], [2, 6], [3, 4, 5]) : 0.8840653524
124 : ([1, 4, 5], [2, 6], [3]) : 0.8831602062
125 : ([1, 3], [2, 6], [4, 5]) : 0.8843759710
126 : ([1], [2, 6], [3], [4, 5]) : 0.8801468872
127 : ([1, 3, 5], [2, 6], [4]) : 0.8743797092
128 : ([1, 4], [2, 6], [3, 5]) : 0.8713192345
129 : ([1], [2, 6], [3, 5], [4]) : 0.8688903448
130 : ([1, 5], [2, 6], [3, 4]) : 0.8714331617
131 : ([1, 5], [2, 6], [3], [4]) : 0.8699047082
132 : ([1, 3, 4], [2, 6], [5]) : 0.8745213561
133 : ([1], [2, 6], [3, 4], [5]) : 0.8690668867
134 : ([1, 4], [2, 6], [3], [5]) : 0.8701130393
135 : ([1, 3], [2, 6], [4], [5]) : 0.8719287167
136 : ([1], [2, 6], [3], [4], [5]) : 0.8678186227
137 : ([1, 6], [2, 3, 4, 5]) : 0.9297741604
138 : ([1, 6], [2], [3, 4, 5]) : 0.8853140988
139 : ([1, 6], [2, 4, 5], [3]) : 0.8938768462
140 : ([1, 6], [2, 3], [4, 5]) : 0.9214200997
141 : ([1, 6], [2], [3], [4, 5]) : 0.8816131173
142 : ([1, 6], [2, 3, 5], [4]) : 0.9139223487
143 : ([1, 6], [2, 4], [3, 5]) : 0.8751153269
144 : ([1, 6], [2], [3, 5], [4]) : 0.8703938083
145 : ([1, 6], [2, 5], [3, 4]) : 0.8805530002
146 : ([1, 6], [2, 5], [3], [4]) : 0.8798356079
147 : ([1, 6], [2, 3, 4], [5]) : 0.9123072918
148 : ([1, 6], [2], [3, 4], [5]) : 0.8705308821
149 : ([1, 6], [2, 4], [3], [5]) : 0.8740468727
150 : ([1, 6], [2, 3], [4], [5]) : 0.9083978322
151 : ([1, 6], [2], [3], [4], [5]) : 0.8693278884
152 : ([1, 2, 3, 4, 5], [6]) : 0.9332253238
153 : ([1], [2, 3, 4, 5], [6]) : 0.9288302475
154 : ([1, 3, 4, 5], [2], [6]) : 0.8884275581
155 : ([1, 2], [3, 4, 5], [6]) : 0.8866111897
156 : ([1], [2], [3, 4, 5], [6]) : 0.8823659017
157 : ([1, 2, 4, 5], [3], [6]) : 0.8971744304
158 : ([1, 3], [2, 4, 5], [6]) : 0.8944476836
159 : ([1], [2, 4, 5], [3], [6]) : 0.8916635431
160 : ([1, 4, 5], [2, 3], [6]) : 0.9210330371
161 : ([1, 4, 5], [2], [3], [6]) : 0.8813552860
162 : ([1, 2, 3], [4, 5], [6]) : 0.9240008230
163 : ([1], [2, 3], [4, 5], [6]) : 0.9197765097
164 : ([1, 3], [2], [4, 5], [6]) : 0.8827811625
165 : ([1, 2], [3], [4, 5], [6]) : 0.8828854862
166 : ([1], [2], [3], [4, 5], [6]) : 0.8782299129
167 : ([1, 2, 3, 5], [4], [6]) : 0.9177490883
168 : ([1, 4], [2, 3, 5], [6]) : 0.9140632986
169 : ([1], [2, 3, 5], [4], [6]) : 0.9127277249
170 : ([1, 3, 5], [2, 4], [6]) : 0.8759074590
171 : ([1, 3, 5], [2], [4], [6]) : 0.8730263082
172 : ([1, 2, 4], [3, 5], [6]) : 0.8812879438
173 : ([1], [2, 4], [3, 5], [6]) : 0.8715719135
174 : ([1, 4], [2], [3, 5], [6]) : 0.8693955462
175 : ([1, 2], [3, 5], [4], [6]) : 0.8738496016
176 : ([1], [2], [3, 5], [4], [6]) : 0.8670123585
177 : ([1, 2, 5], [3, 4], [6]) : 0.8838033800
178 : ([1, 2, 5], [3], [4], [6]) : 0.8829358267
179 : ([1, 3, 4], [2, 5], [6]) : 0.8827636835
180 : ([1], [2, 5], [3, 4], [6]) : 0.8785487232
181 : ([1, 4], [2, 5], [3], [6]) : 0.8793549735
182 : ([1, 3], [2, 5], [4], [6]) : 0.8810846601
183 : ([1], [2, 5], [3], [4], [6]) : 0.8777515790
184 : ([1, 5], [2, 3, 4], [6]) : 0.9117293956
185 : ([1, 5], [2], [3, 4], [6]) : 0.8697449689
186 : ([1, 5], [2, 4], [3], [6]) : 0.8724211721
187 : ([1, 5], [2, 3], [4], [6]) : 0.9077043699
188 : ([1, 5], [2], [3], [4], [6]) : 0.8682411817
189 : ([1, 2, 3, 4], [5], [6]) : 0.9174496304
190 : ([1], [2, 3, 4], [5], [6]) : 0.9109108798
191 : ([1, 3, 4], [2], [5], [6]) : 0.8727282854
192 : ([1, 2], [3, 4], [5], [6]) : 0.8739789940
193 : ([1], [2], [3, 4], [5], [6]) : 0.8670448863
194 : ([1, 2, 4], [3], [5], [6]) : 0.8803427052
195 : ([1, 3], [2, 4], [5], [6]) : 0.8733409508
196 : ([1], [2, 4], [3], [5], [6]) : 0.8703194436
197 : ([1, 4], [2, 3], [5], [6]) : 0.9085022502
198 : ([1, 4], [2], [3], [5], [6]) : 0.8680251735
199 : ([1, 2, 3], [4], [5], [6]) : 0.9124902148
200 : ([1], [2, 3], [4], [5], [6]) : 0.9067206838
201 : ([1, 3], [2], [4], [5], [6]) : 0.8701474242
202 : ([1, 2], [3], [4], [5], [6]) : 0.8727433744
203 : ([1], [2], [3], [4], [5], [6]) : 0.8658101684
