=== Bootstrap seed: 62 ===
1 : ([1, 2, 3, 4, 5, 6],) : 0.9624870702
2 : ([1], [2, 3, 4, 5, 6]) : 0.9586357513
3 : ([1, 3, 4, 5, 6], [2]) : 0.9276187396
4 : ([1, 2], [3, 4, 5, 6]) : 0.9232031874
5 : ([1], [2], [3, 4, 5, 6]) : 0.9208513071
6 : ([1, 2, 4, 5, 6], [3]) : 0.9299920779
7 : ([1, 3], [2, 4, 5, 6]) : 0.9251247844
8 : ([1], [2, 4, 5, 6], [3]) : 0.9242695498
9 : ([1, 4, 5, 6], [2, 3]) : 0.9566122930
10 : ([1, 4, 5, 6], [2], [3]) : 0.9227682592
11 : ([1, 2, 3], [4, 5, 6]) : 0.9585466080
12 : ([1], [2, 3], [4, 5, 6]) : 0.9558596276
13 : ([1, 3], [2], [4, 5, 6]) : 0.9210113567
14 : ([1, 2], [3], [4, 5, 6]) : 0.9227747317
15 : ([1], [2], [3], [4, 5, 6]) : 0.9202502442
16 : ([1, 2, 3, 5, 6], [4]) : 0.9478464566
17 : ([1, 4], [2, 3, 5, 6]) : 0.9416378757
18 : ([1], [2, 3, 5, 6], [4]) : 0.9414189024
19 : ([1, 3, 5, 6], [2, 4]) : 0.9034730980
20 : ([1, 3, 5, 6], [2], [4]) : 0.9029300291
21 : ([1, 2, 4], [3, 5, 6]) : 0.9051371861
22 : ([1], [2, 4], [3, 5, 6]) : 0.9003183360
23 : ([1, 4], [2], [3, 5, 6]) : 0.9014653152
24 : ([1, 2], [3, 5, 6], [4]) : 0.9032493172
25 : ([1], [2], [3, 5, 6], [4]) : 0.8997818856
26 : ([1, 2, 5, 6], [3, 4]) : 0.9067457093
27 : ([1, 2, 5, 6], [3], [4]) : 0.9060845514
28 : ([1, 3, 4], [2, 5, 6]) : 0.9050863602
29 : ([1], [2, 5, 6], [3, 4]) : 0.9027391469
30 : ([1, 4], [2, 5, 6], [3]) : 0.9036892405
31 : ([1, 3], [2, 5, 6], [4]) : 0.9030490135
32 : ([1], [2, 5, 6], [3], [4]) : 0.9023939679
33 : ([1, 5, 6], [2, 3, 4]) : 0.9418025077
34 : ([1, 5, 6], [2], [3, 4]) : 0.8995493955
35 : ([1, 5, 6], [2, 4], [3]) : 0.8996081590
36 : ([1, 5, 6], [2, 3], [4]) : 0.9388429285
37 : ([1, 5, 6], [2], [3], [4]) : 0.8990790295
38 : ([1, 2, 3, 4], [5, 6]) : 0.9447454689
39 : ([1], [2, 3, 4], [5, 6]) : 0.9410921660
40 : ([1, 3, 4], [2], [5, 6]) : 0.9022506522
41 : ([1, 2], [3, 4], [5, 6]) : 0.9033179499
42 : ([1], [2], [3, 4], [5, 6]) : 0.8995225742
43 : ([1, 2, 4], [3], [5, 6]) : 0.9041850184
44 : ([1, 3], [2, 4], [5, 6]) : 0.9004293857
45 : ([1], [2, 4], [3], [5, 6]) : 0.8994241705
46 : ([1, 4], [2, 3], [5, 6]) : 0.9383408725
47 : ([1, 4], [2], [3], [5, 6]) : 0.9005118660
48 : ([1, 2, 3], [4], [5, 6]) : 0.9426308305
49 : ([1], [2, 3], [4], [5, 6]) : 0.9381291830
50 : ([1, 3], [2], [4], [5, 6]) : 0.8997798551
51 : ([1, 2], [3], [4], [5, 6]) : 0.9023971993
52 : ([1], [2], [3], [4], [5, 6]) : 0.8989806820
53 : ([1, 2, 3, 4, 6], [5]) : 0.9499246595
54 : ([1, 5], [2, 3, 4, 6]) : 0.9445727326
55 : ([1], [2, 3, 4, 6], [5]) : 0.9439707242
56 : ([1, 3, 4, 6], [2, 5]) : 0.9124896922
57 : ([1, 3, 4, 6], [2], [5]) : 0.9109498942
58 : ([1, 2, 5], [3, 4, 6]) : 0.9103645693
59 : ([1], [2, 5], [3, 4, 6]) : 0.9055447520
60 : ([1, 5], [2], [3, 4, 6]) : 0.9028902988
61 : ([1, 2], [3, 4, 6], [5]) : 0.9078186788
62 : ([1], [2], [3, 4, 6], [5]) : 0.9026972083
63 : ([1, 2, 4, 6], [3, 5]) : 0.9141633293
64 : ([1, 2, 4, 6], [3], [5]) : 0.9140974529
65 : ([1, 3, 5], [2, 4, 6]) : 0.9082330845
66 : ([1], [2, 4, 6], [3, 5]) : 0.9067800066
67 : ([1, 5], [2, 4, 6], [3]) : 0.9069853527
68 : ([1, 3], [2, 4, 6], [5]) : 0.9081032220
69 : ([1], [2, 4, 6], [3], [5]) : 0.9068427236
70 : ([1, 4, 6], [2, 3, 5]) : 0.9445881824
71 : ([1, 4, 6], [2], [3, 5]) : 0.9051401330
72 : ([1, 4, 6], [2, 5], [3]) : 0.9075512366
73 : ([1, 4, 6], [2, 3], [5]) : 0.9413038092
74 : ([1, 4, 6], [2], [3], [5]) : 0.9051078024
75 : ([1, 2, 3, 5], [4, 6]) : 0.9479133400
76 : ([1], [2, 3, 5], [4, 6]) : 0.9431939540
77 : ([1, 3, 5], [2], [4, 6]) : 0.9026387255
78 : ([1, 2], [3, 5], [4, 6]) : 0.9066450354
79 : ([1], [2], [3, 5], [4, 6]) : 0.9014809825
80 : ([1, 2, 5], [3], [4, 6]) : 0.9090893251
81 : ([1, 3], [2, 5], [4, 6]) : 0.9048018121
82 : ([1], [2, 5], [3], [4, 6]) : 0.9044116112
83 : ([1, 5], [2, 3], [4, 6]) : 0.9407126264
84 : ([1, 5], [2], [3], [4, 6]) : 0.9016462654
85 : ([1, 2, 3], [4, 6], [5]) : 0.9451611640
86 : ([1], [2, 3], [4, 6], [5]) : 0.9399336800
87 : ([1, 3], [2], [4, 6], [5]) : 0.9021977343
88 : ([1, 2], [3], [4, 6], [5]) : 0.9065560673
89 : ([1], [2], [3], [4, 6], [5]) : 0.9014786459
90 : ([1, 2, 3, 6], [4, 5]) : 0.9437667362
91 : ([1, 2, 3, 6], [4], [5]) : 0.9396726333
92 : ([1, 4, 5], [2, 3, 6]) : 0.9389984793
93 : ([1], [2, 3, 6], [4, 5]) : 0.9373090672
94 : ([1, 5], [2, 3, 6], [4]) : 0.9323514334
95 : ([1, 4], [2, 3, 6], [5]) : 0.9322966503
96 : ([1], [2, 3, 6], [4], [5]) : 0.9315556843
97 : ([1, 3, 6], [2, 4, 5]) : 0.9026944003
98 : ([1, 3, 6], [2], [4, 5]) : 0.9006675856
99 : ([1, 3, 6], [2, 5], [4]) : 0.8961418224
100 : ([1, 3, 6], [2, 4], [5]) : 0.8956561221
101 : ([1, 3, 6], [2], [4], [5]) : 0.8945253422
102 : ([1, 2, 4, 5], [3, 6]) : 0.9038815503
103 : ([1], [2, 4, 5], [3, 6]) : 0.8990372745
104 : ([1, 4, 5], [2], [3, 6]) : 0.8986310924
105 : ([1, 2], [3, 6], [4, 5]) : 0.8993458205
106 : ([1], [2], [3, 6], [4, 5]) : 0.8961199033
107 : ([1, 2, 5], [3, 6], [4]) : 0.8983305035
108 : ([1, 4], [2, 5], [3, 6]) : 0.8953172833
109 : ([1], [2, 5], [3, 6], [4]) : 0.8933873607
110 : ([1, 5], [2, 4], [3, 6]) : 0.8925959395
111 : ([1, 5], [2], [3, 6], [4]) : 0.8915114794
112 : ([1, 2, 4], [3, 6], [5]) : 0.8984349571
113 : ([1], [2, 4], [3, 6], [5]) : 0.8922153195
114 : ([1, 4], [2], [3, 6], [5]) : 0.8932845148
115 : ([1, 2], [3, 6], [4], [5]) : 0.8959241611
116 : ([1], [2], [3, 6], [4], [5]) : 0.8910595946
117 : ([1, 2, 6], [3, 4, 5]) : 0.9013463325
118 : ([1, 2, 6], [3], [4, 5]) : 0.9000053709
119 : ([1, 2, 6], [3, 5], [4]) : 0.8971004544
120 : ([1, 2, 6], [3, 4], [5]) : 0.8976641832
121 : ([1, 2, 6], [3], [4], [5]) : 0.8965958309
122 : ([1, 3, 4, 5], [2, 6]) : 0.9008654060
123 : ([1], [2, 6], [3, 4, 5]) : 0.8970301754
124 : ([1, 4, 5], [2, 6], [3]) : 0.8984151153
125 : ([1, 3], [2, 6], [4, 5]) : 0.8975871207
126 : ([1], [2, 6], [3], [4, 5]) : 0.8964921586
127 : ([1, 3, 5], [2, 6], [4]) : 0.8930498531
128 : ([1, 4], [2, 6], [3, 5]) : 0.8934199435
129 : ([1], [2, 6], [3, 5], [4]) : 0.8919446328
130 : ([1, 5], [2, 6], [3, 4]) : 0.8927649114
131 : ([1, 5], [2, 6], [3], [4]) : 0.8920768186
132 : ([1, 3, 4], [2, 6], [5]) : 0.8950996091
133 : ([1], [2, 6], [3, 4], [5]) : 0.8923455579
134 : ([1, 4], [2, 6], [3], [5]) : 0.8932070755
135 : ([1, 3], [2, 6], [4], [5]) : 0.8923438635
136 : ([1], [2, 6], [3], [4], [5]) : 0.8916349015
137 : ([1, 6], [2, 3, 4, 5]) : 0.9421128435
138 : ([1, 6], [2], [3, 4, 5]) : 0.8953471145
139 : ([1, 6], [2, 4, 5], [3]) : 0.8978038239
140 : ([1, 6], [2, 3], [4, 5]) : 0.9361949551
141 : ([1, 6], [2], [3], [4, 5]) : 0.8948225057
142 : ([1, 6], [2, 3, 5], [4]) : 0.9346359621
143 : ([1, 6], [2, 4], [3, 5]) : 0.8910618274
144 : ([1, 6], [2], [3, 5], [4]) : 0.8901103438
145 : ([1, 6], [2, 5], [3, 4]) : 0.8928462210
146 : ([1, 6], [2, 5], [3], [4]) : 0.8923236844
147 : ([1, 6], [2, 3, 4], [5]) : 0.9344671404
148 : ([1, 6], [2], [3, 4], [5]) : 0.8905435490
149 : ([1, 6], [2, 4], [3], [5]) : 0.8908735663
150 : ([1, 6], [2, 3], [4], [5]) : 0.9306074002
151 : ([1, 6], [2], [3], [4], [5]) : 0.8898535853
152 : ([1, 2, 3, 4, 5], [6]) : 0.9465758576
153 : ([1], [2, 3, 4, 5], [6]) : 0.9417761386
154 : ([1, 3, 4, 5], [2], [6]) : 0.8994013705
155 : ([1, 2], [3, 4, 5], [6]) : 0.8997557566
156 : ([1], [2], [3, 4, 5], [6]) : 0.8953248219
157 : ([1, 2, 4, 5], [3], [6]) : 0.9025044035
158 : ([1, 3], [2, 4, 5], [6]) : 0.8988026855
159 : ([1], [2, 4, 5], [3], [6]) : 0.8977554105
160 : ([1, 4, 5], [2, 3], [6]) : 0.9374918743
161 : ([1, 4, 5], [2], [3], [6]) : 0.8966614836
162 : ([1, 2, 3], [4, 5], [6]) : 0.9407067446
163 : ([1], [2, 3], [4, 5], [6]) : 0.9360564601
164 : ([1, 3], [2], [4, 5], [6]) : 0.8959160165
165 : ([1, 2], [3], [4, 5], [6]) : 0.8982906664
166 : ([1], [2], [3], [4, 5], [6]) : 0.8947785294
167 : ([1, 2, 3, 5], [4], [6]) : 0.9395258325
168 : ([1, 4], [2, 3, 5], [6]) : 0.9348714778
169 : ([1], [2, 3, 5], [4], [6]) : 0.9343087013
170 : ([1, 3, 5], [2, 4], [6]) : 0.8922871467
171 : ([1, 3, 5], [2], [4], [6]) : 0.8913445867
172 : ([1, 2, 4], [3, 5], [6]) : 0.8974027561
173 : ([1], [2, 4], [3, 5], [6]) : 0.8910481296
174 : ([1, 4], [2], [3, 5], [6]) : 0.8917586984
175 : ([1, 2], [3, 5], [4], [6]) : 0.8954149024
176 : ([1], [2], [3, 5], [4], [6]) : 0.8901293580
177 : ([1, 2, 5], [3, 4], [6]) : 0.8982572890
178 : ([1, 2, 5], [3], [4], [6]) : 0.8973964371
179 : ([1, 3, 4], [2, 5], [6]) : 0.8952269770
180 : ([1], [2, 5], [3, 4], [6]) : 0.8928945800
181 : ([1, 4], [2, 5], [3], [6]) : 0.8937977805
182 : ([1, 3], [2, 5], [4], [6]) : 0.8928565730
183 : ([1], [2, 5], [3], [4], [6]) : 0.8923539817
184 : ([1, 5], [2, 3, 4], [6]) : 0.9348999325
185 : ([1, 5], [2], [3, 4], [6]) : 0.8909894571
186 : ([1, 5], [2, 4], [3], [6]) : 0.8912501013
187 : ([1, 5], [2, 3], [4], [6]) : 0.9310931855
188 : ([1, 5], [2], [3], [4], [6]) : 0.8903045472
189 : ([1, 2, 3, 4], [5], [6]) : 0.9396298626
190 : ([1], [2, 3, 4], [5], [6]) : 0.9342912070
191 : ([1, 3, 4], [2], [5], [6]) : 0.8934964046
192 : ([1, 2], [3, 4], [5], [6]) : 0.8961326401
193 : ([1], [2], [3, 4], [5], [6]) : 0.8906025312
194 : ([1, 2, 4], [3], [5], [6]) : 0.8970761324
195 : ([1, 3], [2, 4], [5], [6]) : 0.8918341890
196 : ([1], [2, 4], [3], [5], [6]) : 0.8908901970
197 : ([1, 4], [2, 3], [5], [6]) : 0.9310702433
198 : ([1, 4], [2], [3], [5], [6]) : 0.8915901641
199 : ([1, 2, 3], [4], [5], [6]) : 0.9364875249
200 : ([1], [2, 3], [4], [5], [6]) : 0.9304267134
201 : ([1, 3], [2], [4], [5], [6]) : 0.8906368833
202 : ([1, 2], [3], [4], [5], [6]) : 0.8949923146
203 : ([1], [2], [3], [4], [5], [6]) : 0.8898901000
