=== Bootstrap seed: 91 ===
1 : ([1, 2, 3, 4, 5, 6],) : 0.9611697129
2 : ([1], [2, 3, 4, 5, 6]) : 0.9563425019
3 : ([1, 3, 4, 5, 6], [2]) : 0.9342815351
4 : ([1, 2], [3, 4, 5, 6]) : 0.9287569457
5 : ([1], [2], [3, 4, 5, 6]) : 0.9283164034
6 : ([1, 2, 4, 5, 6], [3]) : 0.9337504924
7 : ([1, 3], [2, 4, 5, 6]) : 0.9278914612
8 : ([1], [2, 4, 5, 6], [3]) : 0.9273242888
9 : ([1, 4, 5, 6], [2, 3]) : 0.9560315346
10 : ([1, 4, 5, 6], [2], [3]) : 0.9281295868
11 : ([1, 2, 3], [4, 5, 6]) : 0.9554727151
12 : ([1], [2, 3], [4, 5, 6]) : 0.9539641257
13 : ([1, 3], [2], [4, 5, 6]) : 0.9248377604
14 : ([1, 2], [3], [4, 5, 6]) : 0.9248643592
15 : ([1], [2], [3], [4, 5, 6]) : 0.9241489088
16 : ([1, 2, 3, 5, 6], [4]) : 0.9403820937
17 : ([1, 4], [2, 3, 5, 6]) : 0.9328983422
18 : ([1], [2, 3, 5, 6], [4]) : 0.9323130535
19 : ([1, 3, 5, 6], [2, 4]) : 0.9153043100
20 : ([1, 3, 5, 6], [2], [4]) : 0.9143132611
21 : ([1, 2, 4], [3, 5, 6]) : 0.9143478995
22 : ([1], [2, 4], [3, 5, 6]) : 0.9096131222
23 : ([1, 4], [2], [3, 5, 6]) : 0.9100933698
24 : ([1, 2], [3, 5, 6], [4]) : 0.9103518544
25 : ([1], [2], [3, 5, 6], [4]) : 0.9086153059
26 : ([1, 2, 5, 6], [3, 4]) : 0.9133460033
27 : ([1, 2, 5, 6], [3], [4]) : 0.9127057863
28 : ([1, 3, 4], [2, 5, 6]) : 0.9101817993
29 : ([1], [2, 5, 6], [3, 4]) : 0.9074505677
30 : ([1, 4], [2, 5, 6], [3]) : 0.9088582502
31 : ([1, 3], [2, 5, 6], [4]) : 0.9079189247
32 : ([1], [2, 5, 6], [3], [4]) : 0.9069189011
33 : ([1, 5, 6], [2, 3, 4]) : 0.9332232102
34 : ([1, 5, 6], [2], [3, 4]) : 0.9092787228
35 : ([1, 5, 6], [2, 4], [3]) : 0.9098773023
36 : ([1, 5, 6], [2, 3], [4]) : 0.9314456344
37 : ([1, 5, 6], [2], [3], [4]) : 0.9088106120
38 : ([1, 2, 3, 4], [5, 6]) : 0.9357487233
39 : ([1], [2, 3, 4], [5, 6]) : 0.9309671199
40 : ([1, 3, 4], [2], [5, 6]) : 0.9086154123
41 : ([1, 2], [3, 4], [5, 6]) : 0.9078284318
42 : ([1], [2], [3, 4], [5, 6]) : 0.9062316122
43 : ([1, 2, 4], [3], [5, 6]) : 0.9121262794
44 : ([1, 3], [2, 4], [5, 6]) : 0.9080809179
45 : ([1], [2, 4], [3], [5, 6]) : 0.9069000803
46 : ([1, 4], [2, 3], [5, 6]) : 0.9297683001
47 : ([1, 4], [2], [3], [5, 6]) : 0.9073850505
48 : ([1, 2, 3], [4], [5, 6]) : 0.9333451005
49 : ([1], [2, 3], [4], [5, 6]) : 0.9293516144
50 : ([1, 3], [2], [4], [5, 6]) : 0.9067693343
51 : ([1, 2], [3], [4], [5, 6]) : 0.9074031863
52 : ([1], [2], [3], [4], [5, 6]) : 0.9057636794
53 : ([1, 2, 3, 4, 6], [5]) : 0.9428549083
54 : ([1, 5], [2, 3, 4, 6]) : 0.9374701678
55 : ([1], [2, 3, 4, 6], [5]) : 0.9367636288
56 : ([1, 3, 4, 6], [2, 5]) : 0.9156696529
57 : ([1, 3, 4, 6], [2], [5]) : 0.9155757768
58 : ([1, 2, 5], [3, 4, 6]) : 0.9163313357
59 : ([1], [2, 5], [3, 4, 6]) : 0.9120881334
60 : ([1, 5], [2], [3, 4, 6]) : 0.9131245330
61 : ([1, 2], [3, 4, 6], [5]) : 0.9138304756
62 : ([1], [2], [3, 4, 6], [5]) : 0.9117483875
63 : ([1, 2, 4, 6], [3, 5]) : 0.9175357135
64 : ([1, 2, 4, 6], [3], [5]) : 0.9157392252
65 : ([1, 3, 5], [2, 4, 6]) : 0.9138574831
66 : ([1], [2, 4, 6], [3, 5]) : 0.9120297195
67 : ([1, 5], [2, 4, 6], [3]) : 0.9109783203
68 : ([1, 3], [2, 4, 6], [5]) : 0.9104416515
69 : ([1], [2, 4, 6], [3], [5]) : 0.9097615563
70 : ([1, 4, 6], [2, 3, 5]) : 0.9314550094
71 : ([1, 4, 6], [2], [3, 5]) : 0.9115334226
72 : ([1, 4, 6], [2, 5], [3]) : 0.9091733193
73 : ([1, 4, 6], [2, 3], [5]) : 0.9307111930
74 : ([1, 4, 6], [2], [3], [5]) : 0.9088898143
75 : ([1, 2, 3, 5], [4, 6]) : 0.9364370024
76 : ([1], [2, 3, 5], [4, 6]) : 0.9309589707
77 : ([1, 3, 5], [2], [4, 6]) : 0.9109136552
78 : ([1, 2], [3, 5], [4, 6]) : 0.9110688551
79 : ([1], [2], [3, 5], [4, 6]) : 0.9089811506
80 : ([1, 2, 5], [3], [4, 6]) : 0.9112396631
81 : ([1, 3], [2, 5], [4, 6]) : 0.9074134979
82 : ([1], [2, 5], [3], [4, 6]) : 0.9068924971
83 : ([1, 5], [2, 3], [4, 6]) : 0.9309753873
84 : ([1, 5], [2], [3], [4, 6]) : 0.9077089110
85 : ([1, 2, 3], [4, 6], [5]) : 0.9346914930
86 : ([1], [2, 3], [4, 6], [5]) : 0.9301567741
87 : ([1, 3], [2], [4, 6], [5]) : 0.9069738282
88 : ([1, 2], [3], [4, 6], [5]) : 0.9086730197
89 : ([1], [2], [3], [4, 6], [5]) : 0.9063391852
90 : ([1, 2, 3, 6], [4, 5]) : 0.9362749204
91 : ([1, 2, 3, 6], [4], [5]) : 0.9303671440
92 : ([1, 4, 5], [2, 3, 6]) : 0.9337538974
93 : ([1], [2, 3, 6], [4, 5]) : 0.9322968386
94 : ([1, 5], [2, 3, 6], [4]) : 0.9250237973
95 : ([1, 4], [2, 3, 6], [5]) : 0.9241561823
96 : ([1], [2, 3, 6], [4], [5]) : 0.9237281140
97 : ([1, 3, 6], [2, 4, 5]) : 0.9097574886
98 : ([1, 3, 6], [2], [4, 5]) : 0.9076890366
99 : ([1, 3, 6], [2, 5], [4]) : 0.9032944019
100 : ([1, 3, 6], [2, 4], [5]) : 0.9042408507
101 : ([1, 3, 6], [2], [4], [5]) : 0.9030520335
102 : ([1, 2, 4, 5], [3, 6]) : 0.9123555507
103 : ([1], [2, 4, 5], [3, 6]) : 0.9062294285
104 : ([1, 4, 5], [2], [3, 6]) : 0.9072280716
105 : ([1, 2], [3, 6], [4, 5]) : 0.9043044678
106 : ([1], [2], [3, 6], [4, 5]) : 0.9035926287
107 : ([1, 2, 5], [3, 6], [4]) : 0.9049856367
108 : ([1, 4], [2, 5], [3, 6]) : 0.9016802652
109 : ([1], [2, 5], [3, 6], [4]) : 0.8999461221
110 : ([1, 5], [2, 4], [3, 6]) : 0.9030163072
111 : ([1, 5], [2], [3, 6], [4]) : 0.9018376538
112 : ([1, 2, 4], [3, 6], [5]) : 0.9057614673
113 : ([1], [2, 4], [3, 6], [5]) : 0.9005978016
114 : ([1, 4], [2], [3, 6], [5]) : 0.9012294107
115 : ([1, 2], [3, 6], [4], [5]) : 0.9012257481
116 : ([1], [2], [3, 6], [4], [5]) : 0.8994244386
117 : ([1, 2, 6], [3, 4, 5]) : 0.9079616796
118 : ([1, 2, 6], [3], [4, 5]) : 0.9045020979
119 : ([1, 2, 6], [3, 5], [4]) : 0.9035531951
120 : ([1, 2, 6], [3, 4], [5]) : 0.9019679984
121 : ([1, 2, 6], [3], [4], [5]) : 0.9010433715
122 : ([1, 3, 4, 5], [2, 6]) : 0.9104046484
123 : ([1], [2, 6], [3, 4, 5]) : 0.9057864409
124 : ([1, 4, 5], [2, 6], [3]) : 0.9053831008
125 : ([1, 3], [2, 6], [4, 5]) : 0.9028625041
126 : ([1], [2, 6], [3], [4, 5]) : 0.9018062306
127 : ([1, 3, 5], [2, 6], [4]) : 0.9027039689
128 : ([1, 4], [2, 6], [3, 5]) : 0.9015900787
129 : ([1], [2, 6], [3, 5], [4]) : 0.8998259567
130 : ([1, 5], [2, 6], [3, 4]) : 0.9000550261
131 : ([1, 5], [2, 6], [3], [4]) : 0.8992130372
132 : ([1, 3, 4], [2, 6], [5]) : 0.9008059028
133 : ([1], [2, 6], [3, 4], [5]) : 0.8981227544
134 : ([1, 4], [2, 6], [3], [5]) : 0.8991421795
135 : ([1, 3], [2, 6], [4], [5]) : 0.8982826138
136 : ([1], [2, 6], [3], [4], [5]) : 0.8971860408
137 : ([1, 6], [2, 3, 4, 5]) : 0.9327076956
138 : ([1, 6], [2], [3, 4, 5]) : 0.9063845534
139 : ([1, 6], [2, 4, 5], [3]) : 0.9049801682
140 : ([1, 6], [2, 3], [4, 5]) : 0.9294930707
141 : ([1, 6], [2], [3], [4, 5]) : 0.9024235398
142 : ([1, 6], [2, 3, 5], [4]) : 0.9208359057
143 : ([1, 6], [2, 4], [3, 5]) : 0.9014428589
144 : ([1, 6], [2], [3, 5], [4]) : 0.9003418799
145 : ([1, 6], [2, 5], [3, 4]) : 0.8991081981
146 : ([1, 6], [2, 5], [3], [4]) : 0.8981619588
147 : ([1, 6], [2, 3, 4], [5]) : 0.9220705308
148 : ([1, 6], [2], [3, 4], [5]) : 0.8985704204
149 : ([1, 6], [2, 4], [3], [5]) : 0.8986845279
150 : ([1, 6], [2, 3], [4], [5]) : 0.9200113003
151 : ([1, 6], [2], [3], [4], [5]) : 0.8976089293
152 : ([1, 2, 3, 4, 5], [6]) : 0.9372197010
153 : ([1], [2, 3, 4, 5], [6]) : 0.9324788029
154 : ([1, 3, 4, 5], [2], [6]) : 0.9097490875
155 : ([1, 2], [3, 4, 5], [6]) : 0.9058311100
156 : ([1], [2], [3, 4, 5], [6]) : 0.9053182914
157 : ([1, 2, 4, 5], [3], [6]) : 0.9108247060
158 : ([1, 3], [2, 4, 5], [6]) : 0.9053497652
159 : ([1], [2, 4, 5], [3], [6]) : 0.9042754089
160 : ([1, 4, 5], [2, 3], [6]) : 0.9307662351
161 : ([1, 4, 5], [2], [3], [6]) : 0.9048215619
162 : ([1, 2, 3], [4, 5], [6]) : 0.9316735248
163 : ([1], [2, 3], [4, 5], [6]) : 0.9292234043
164 : ([1, 3], [2], [4, 5], [6]) : 0.9023834499
165 : ([1, 2], [3], [4, 5], [6]) : 0.9020581928
166 : ([1], [2], [3], [4, 5], [6]) : 0.9012969404
167 : ([1, 2, 3, 5], [4], [6]) : 0.9271102507
168 : ([1, 4], [2, 3, 5], [6]) : 0.9209824199
169 : ([1], [2, 3, 5], [4], [6]) : 0.9206654455
170 : ([1, 3, 5], [2, 4], [6]) : 0.9037634671
171 : ([1, 3, 5], [2], [4], [6]) : 0.9023322710
172 : ([1, 2, 4], [3, 5], [6]) : 0.9057465668
173 : ([1], [2, 4], [3, 5], [6]) : 0.9006689041
174 : ([1, 4], [2], [3, 5], [6]) : 0.9009761203
175 : ([1, 2], [3, 5], [4], [6]) : 0.9013169903
176 : ([1], [2], [3, 5], [4], [6]) : 0.8993961869
177 : ([1, 2, 5], [3, 4], [6]) : 0.9031653036
178 : ([1, 2, 5], [3], [4], [6]) : 0.9023398779
179 : ([1, 3, 4], [2, 5], [6]) : 0.9007485560
180 : ([1], [2, 5], [3, 4], [6]) : 0.8982428139
181 : ([1, 4], [2, 5], [3], [6]) : 0.8990976477
182 : ([1, 3], [2, 5], [4], [6]) : 0.8983706379
183 : ([1], [2, 5], [3], [4], [6]) : 0.8973910733
184 : ([1, 5], [2, 3, 4], [6]) : 0.9229904117
185 : ([1, 5], [2], [3, 4], [6]) : 0.8996840743
186 : ([1, 5], [2, 4], [3], [6]) : 0.9002511944
187 : ([1, 5], [2, 3], [4], [6]) : 0.9209636069
188 : ([1, 5], [2], [3], [4], [6]) : 0.8989060492
189 : ([1, 2, 3, 4], [5], [6]) : 0.9274092461
190 : ([1], [2, 3, 4], [5], [6]) : 0.9218657430
191 : ([1, 3, 4], [2], [5], [6]) : 0.9002086080
192 : ([1, 2], [3, 4], [5], [6]) : 0.8994436486
193 : ([1], [2], [3, 4], [5], [6]) : 0.8976391874
194 : ([1, 2, 4], [3], [5], [6]) : 0.9035859954
195 : ([1, 3], [2, 4], [5], [6]) : 0.8993885401
196 : ([1], [2, 4], [3], [5], [6]) : 0.8980272771
197 : ([1, 4], [2, 3], [5], [6]) : 0.9202791979
198 : ([1, 4], [2], [3], [5], [6]) : 0.8985231710
199 : ([1, 2, 3], [4], [5], [6]) : 0.9247646018
200 : ([1], [2, 3], [4], [5], [6]) : 0.9198920606
201 : ([1, 3], [2], [4], [5], [6]) : 0.8978790787
202 : ([1, 2], [3], [4], [5], [6]) : 0.8986651115
203 : ([1], [2], [3], [4], [5], [6]) : 0.8967528681
