=== Bootstrap seed: 77 ===
1 : ([1, 2, 3, 4, 5, 6],) : 0.9597098679
2 : ([1], [2, 3, 4, 5, 6]) : 0.9528296471
3 : ([1, 3, 4, 5, 6], [2]) : 0.9277325341
4 : ([1, 2], [3, 4, 5, 6]) : 0.9245666297
5 : ([1], [2], [3, 4, 5, 6]) : 0.9234665383
6 : ([1, 2, 4, 5, 6], [3]) : 0.9313117161
7 : ([1, 3], [2, 4, 5, 6]) : 0.9243216881
8 : ([1], [2, 4, 5, 6], [3]) : 0.9232854667
9 : ([1, 4, 5, 6], [2, 3]) : 0.9500232125
10 : ([1, 4, 5, 6], [2], [3]) : 0.9236418254
11 : ([1, 2, 3], [4, 5, 6]) : 0.9496706072
12 : ([1], [2, 3], [4, 5, 6]) : 0.9480644670
13 : ([1, 3], [2], [4, 5, 6]) : 0.9213065611
14 : ([1, 2], [3], [4, 5, 6]) : 0.9214180665
15 : ([1], [2], [3], [4, 5, 6]) : 0.9201034213
16 : ([1, 2, 3, 5, 6], [4]) : 0.9311660474
17 : ([1, 4], [2, 3, 5, 6]) : 0.9260587558
18 : ([1], [2, 3, 5, 6], [4]) : 0.9251200601
19 : ([1, 3, 5, 6], [2, 4]) : 0.9026448485
20 : ([1, 3, 5, 6], [2], [4]) : 0.9004329263
21 : ([1, 2, 4], [3, 5, 6]) : 0.9041427162
22 : ([1], [2, 4], [3, 5, 6]) : 0.9005414485
23 : ([1, 4], [2], [3, 5, 6]) : 0.8981023974
24 : ([1, 2], [3, 5, 6], [4]) : 0.8997789852
25 : ([1], [2], [3, 5, 6], [4]) : 0.8975927326
26 : ([1, 2, 5, 6], [3, 4]) : 0.9045091509
27 : ([1, 2, 5, 6], [3], [4]) : 0.9020785830
28 : ([1, 3, 4], [2, 5, 6]) : 0.8993198027
29 : ([1], [2, 5, 6], [3, 4]) : 0.8981015531
30 : ([1, 4], [2, 5, 6], [3]) : 0.8969264928
31 : ([1, 3], [2, 5, 6], [4]) : 0.8960571563
32 : ([1], [2, 5, 6], [3], [4]) : 0.8958412130
33 : ([1, 5, 6], [2, 3, 4]) : 0.9289999374
34 : ([1, 5, 6], [2], [3, 4]) : 0.8983952453
35 : ([1, 5, 6], [2, 4], [3]) : 0.8993578004
36 : ([1, 5, 6], [2, 3], [4]) : 0.9230375293
37 : ([1, 5, 6], [2], [3], [4]) : 0.8959474008
38 : ([1, 2, 3, 4], [5, 6]) : 0.9318724516
39 : ([1], [2, 3, 4], [5, 6]) : 0.9287652029
40 : ([1, 3, 4], [2], [5, 6]) : 0.8976845061
41 : ([1, 2], [3, 4], [5, 6]) : 0.8994960366
42 : ([1], [2], [3, 4], [5, 6]) : 0.8966299862
43 : ([1, 2, 4], [3], [5, 6]) : 0.9027506447
44 : ([1, 3], [2, 4], [5, 6]) : 0.8976500933
45 : ([1], [2, 4], [3], [5, 6]) : 0.8976325568
46 : ([1, 4], [2, 3], [5, 6]) : 0.9234622516
47 : ([1, 4], [2], [3], [5, 6]) : 0.8953091249
48 : ([1, 2, 3], [4], [5, 6]) : 0.9262946141
49 : ([1], [2, 3], [4], [5, 6]) : 0.9224090302
50 : ([1, 3], [2], [4], [5, 6]) : 0.8947236193
51 : ([1, 2], [3], [4], [5, 6]) : 0.8973729553
52 : ([1], [2], [3], [4], [5, 6]) : 0.8945142433
53 : ([1, 2, 3, 4, 6], [5]) : 0.9379020075
54 : ([1, 5], [2, 3, 4, 6]) : 0.9338313202
55 : ([1], [2, 3, 4, 6], [5]) : 0.9333791321
56 : ([1, 3, 4, 6], [2, 5]) : 0.9055708560
57 : ([1, 3, 4, 6], [2], [5]) : 0.9048506683
58 : ([1, 2, 5], [3, 4, 6]) : 0.9065611476
59 : ([1], [2, 5], [3, 4, 6]) : 0.9027818430
60 : ([1, 5], [2], [3, 4, 6]) : 0.9023347055
61 : ([1, 2], [3, 4, 6], [5]) : 0.9050598753
62 : ([1], [2], [3, 4, 6], [5]) : 0.9020809851
63 : ([1, 2, 4, 6], [3, 5]) : 0.9090982152
64 : ([1, 2, 4, 6], [3], [5]) : 0.9087057645
65 : ([1, 3, 5], [2, 4, 6]) : 0.9046061451
66 : ([1], [2, 4, 6], [3, 5]) : 0.9038853684
67 : ([1, 5], [2, 4, 6], [3]) : 0.9029917551
68 : ([1, 3], [2, 4, 6], [5]) : 0.9030294700
69 : ([1], [2, 4, 6], [3], [5]) : 0.9026971217
70 : ([1, 4, 6], [2, 3, 5]) : 0.9278767230
71 : ([1, 4, 6], [2], [3, 5]) : 0.9006712450
72 : ([1, 4, 6], [2, 5], [3]) : 0.9002667369
73 : ([1, 4, 6], [2, 3], [5]) : 0.9270010875
74 : ([1, 4, 6], [2], [3], [5]) : 0.8993503915
75 : ([1, 2, 3, 5], [4, 6]) : 0.9318872602
76 : ([1], [2, 3, 5], [4, 6]) : 0.9260050218
77 : ([1, 3, 5], [2], [4, 6]) : 0.9015384526
78 : ([1, 2], [3, 5], [4, 6]) : 0.9029107110
79 : ([1], [2], [3, 5], [4, 6]) : 0.9002818757
80 : ([1, 2, 5], [3], [4, 6]) : 0.9033169325
81 : ([1, 3], [2, 5], [4, 6]) : 0.9005849022
82 : ([1], [2, 5], [3], [4, 6]) : 0.8995379834
83 : ([1, 5], [2, 3], [4, 6]) : 0.9262051101
84 : ([1, 5], [2], [3], [4, 6]) : 0.8991878086
85 : ([1, 2, 3], [4, 6], [5]) : 0.9300970311
86 : ([1], [2, 3], [4, 6], [5]) : 0.9251743540
87 : ([1, 3], [2], [4, 6], [5]) : 0.8998928087
88 : ([1, 2], [3], [4, 6], [5]) : 0.9019105961
89 : ([1], [2], [3], [4, 6], [5]) : 0.8989348608
90 : ([1, 2, 3, 6], [4, 5]) : 0.9330067481
91 : ([1, 2, 3, 6], [4], [5]) : 0.9231174901
92 : ([1, 4, 5], [2, 3, 6]) : 0.9300504184
93 : ([1], [2, 3, 6], [4, 5]) : 0.9276675569
94 : ([1, 5], [2, 3, 6], [4]) : 0.9170649044
95 : ([1, 4], [2, 3, 6], [5]) : 0.9175836219
96 : ([1], [2, 3, 6], [4], [5]) : 0.9155539563
97 : ([1, 3, 6], [2, 4, 5]) : 0.9035474158
98 : ([1, 3, 6], [2], [4, 5]) : 0.8992589984
99 : ([1, 3, 6], [2, 5], [4]) : 0.8914365263
100 : ([1, 3, 6], [2, 4], [5]) : 0.8941669530
101 : ([1, 3, 6], [2], [4], [5]) : 0.8909448756
102 : ([1, 2, 4, 5], [3, 6]) : 0.9058388352
103 : ([1], [2, 4, 5], [3, 6]) : 0.9014142832
104 : ([1, 4, 5], [2], [3, 6]) : 0.8980374198
105 : ([1, 2], [3, 6], [4, 5]) : 0.8976182929
106 : ([1], [2], [3, 6], [4, 5]) : 0.8962880902
107 : ([1, 2, 5], [3, 6], [4]) : 0.8927925990
108 : ([1, 4], [2, 5], [3, 6]) : 0.8896750023
109 : ([1], [2, 5], [3, 6], [4]) : 0.8886877081
110 : ([1, 5], [2, 4], [3, 6]) : 0.8935372055
111 : ([1, 5], [2], [3, 6], [4]) : 0.8887085189
112 : ([1, 2, 4], [3, 6], [5]) : 0.8976942564
113 : ([1], [2, 4], [3, 6], [5]) : 0.8930234434
114 : ([1, 4], [2], [3, 6], [5]) : 0.8890845125
115 : ([1, 2], [3, 6], [4], [5]) : 0.8914343639
116 : ([1], [2], [3, 6], [4], [5]) : 0.8882807522
117 : ([1, 2, 6], [3, 4, 5]) : 0.9031490453
118 : ([1, 2, 6], [3], [4, 5]) : 0.8996904626
119 : ([1, 2, 6], [3, 5], [4]) : 0.8953757002
120 : ([1, 2, 6], [3, 4], [5]) : 0.8958707193
121 : ([1, 2, 6], [3], [4], [5]) : 0.8935777820
122 : ([1, 3, 4, 5], [2, 6]) : 0.9030642231
123 : ([1], [2, 6], [3, 4, 5]) : 0.9000258847
124 : ([1, 4, 5], [2, 6], [3]) : 0.8980854376
125 : ([1, 3], [2, 6], [4, 5]) : 0.8973185947
126 : ([1], [2, 6], [3], [4, 5]) : 0.8962134616
127 : ([1, 3, 5], [2, 6], [4]) : 0.8921151891
128 : ([1, 4], [2, 6], [3, 5]) : 0.8914506111
129 : ([1], [2, 6], [3, 5], [4]) : 0.8907153887
130 : ([1, 5], [2, 6], [3, 4]) : 0.8911504327
131 : ([1, 5], [2, 6], [3], [4]) : 0.8888657063
132 : ([1, 3, 4], [2, 6], [5]) : 0.8920750903
133 : ([1], [2, 6], [3, 4], [5]) : 0.8906697137
134 : ([1, 4], [2, 6], [3], [5]) : 0.8892223063
135 : ([1, 3], [2, 6], [4], [5]) : 0.8892380932
136 : ([1], [2, 6], [3], [4], [5]) : 0.8884131436
137 : ([1, 6], [2, 3, 4, 5]) : 0.9328076710
138 : ([1, 6], [2], [3, 4, 5]) : 0.8992585335
139 : ([1, 6], [2, 4, 5], [3]) : 0.9007164016
140 : ([1, 6], [2, 3], [4, 5]) : 0.9268738741
141 : ([1, 6], [2], [3], [4, 5]) : 0.8956097642
142 : ([1, 6], [2, 3, 5], [4]) : 0.9162340780
143 : ([1, 6], [2, 4], [3, 5]) : 0.8935409864
144 : ([1, 6], [2], [3, 5], [4]) : 0.8897073391
145 : ([1, 6], [2, 5], [3, 4]) : 0.8908283234
146 : ([1, 6], [2, 5], [3], [4]) : 0.8881959227
147 : ([1, 6], [2, 3, 4], [5]) : 0.9224956534
148 : ([1, 6], [2], [3, 4], [5]) : 0.8899418820
149 : ([1, 6], [2, 4], [3], [5]) : 0.8918598065
150 : ([1, 6], [2, 3], [4], [5]) : 0.9145752256
151 : ([1, 6], [2], [3], [4], [5]) : 0.8875448878
152 : ([1, 2, 3, 4, 5], [6]) : 0.9378418161
153 : ([1], [2, 3, 4, 5], [6]) : 0.9325749848
154 : ([1, 3, 4, 5], [2], [6]) : 0.9020831410
155 : ([1, 2], [3, 4, 5], [6]) : 0.9004804743
156 : ([1], [2], [3, 4, 5], [6]) : 0.8989730180
157 : ([1, 2, 4, 5], [3], [6]) : 0.9055082937
158 : ([1, 3], [2, 4, 5], [6]) : 0.9012660070
159 : ([1], [2, 4, 5], [3], [6]) : 0.9005037470
160 : ([1, 4, 5], [2, 3], [6]) : 0.9286271402
161 : ([1, 4, 5], [2], [3], [6]) : 0.8973631146
162 : ([1, 2, 3], [4, 5], [6]) : 0.9299536744
163 : ([1], [2, 3], [4, 5], [6]) : 0.9263948023
164 : ([1, 3], [2], [4, 5], [6]) : 0.8963093699
165 : ([1, 2], [3], [4, 5], [6]) : 0.8970296207
166 : ([1], [2], [3], [4, 5], [6]) : 0.8952634247
167 : ([1, 2, 3, 5], [4], [6]) : 0.9228079628
168 : ([1, 4], [2, 3, 5], [6]) : 0.9180216158
169 : ([1], [2, 3, 5], [4], [6]) : 0.9160900218
170 : ([1, 3, 5], [2, 4], [6]) : 0.8941983289
171 : ([1, 3, 5], [2], [4], [6]) : 0.8910136668
172 : ([1, 2, 4], [3, 5], [6]) : 0.8981179123
173 : ([1], [2, 4], [3, 5], [6]) : 0.8935260130
174 : ([1, 4], [2], [3, 5], [6]) : 0.8904633085
175 : ([1, 2], [3, 5], [4], [6]) : 0.8928247252
176 : ([1], [2], [3, 5], [4], [6]) : 0.8896797266
177 : ([1, 2, 5], [3, 4], [6]) : 0.8950867450
178 : ([1, 2, 5], [3], [4], [6]) : 0.8926854709
179 : ([1, 3, 4], [2, 5], [6]) : 0.8923903263
180 : ([1], [2, 5], [3, 4], [6]) : 0.8907860129
181 : ([1, 4], [2, 5], [3], [6]) : 0.8892228158
182 : ([1, 3], [2, 5], [4], [6]) : 0.8889872621
183 : ([1], [2, 5], [3], [4], [6]) : 0.8881631136
184 : ([1, 5], [2, 3, 4], [6]) : 0.9228288443
185 : ([1, 5], [2], [3, 4], [6]) : 0.8905242837
186 : ([1, 5], [2, 4], [3], [6]) : 0.8924231226
187 : ([1, 5], [2, 3], [4], [6]) : 0.9154644019
188 : ([1, 5], [2], [3], [4], [6]) : 0.8880479871
189 : ([1, 2, 3, 4], [5], [6]) : 0.9268502685
190 : ([1], [2, 3, 4], [5], [6]) : 0.9224990133
191 : ([1, 3, 4], [2], [5], [6]) : 0.8912643708
192 : ([1, 2], [3, 4], [5], [6]) : 0.8933462158
193 : ([1], [2], [3, 4], [5], [6]) : 0.8899206407
194 : ([1, 2, 4], [3], [5], [6]) : 0.8972674743
195 : ([1, 3], [2, 4], [5], [6]) : 0.8919038943
196 : ([1], [2, 4], [3], [5], [6]) : 0.8918387610
197 : ([1, 4], [2, 3], [5], [6]) : 0.9165895379
198 : ([1, 4], [2], [3], [5], [6]) : 0.8883890753
199 : ([1, 2, 3], [4], [5], [6]) : 0.9203022090
200 : ([1], [2, 3], [4], [5], [6]) : 0.9144659745
201 : ([1, 3], [2], [4], [5], [6]) : 0.8882970436
202 : ([1, 2], [3], [4], [5], [6]) : 0.8910867974
203 : ([1], [2], [3], [4], [5], [6]) : 0.8875390909
