=== Bootstrap seed: 33 ===
1 : ([1, 2, 3, 4, 5, 6],) : 0.9665022009
2 : ([1], [2, 3, 4, 5, 6]) : 0.9591587733
3 : ([1, 3, 4, 5, 6], [2]) : 0.9369693228
4 : ([1, 2], [3, 4, 5, 6]) : 0.9316219066
5 : ([1], [2], [3, 4, 5, 6]) : 0.9299156183
6 : ([1, 2, 4, 5, 6], [3]) : 0.9347929508
7 : ([1, 3], [2, 4, 5, 6]) : 0.9295281644
8 : ([1], [2, 4, 5, 6], [3]) : 0.9270861334
9 : ([1, 4, 5, 6], [2, 3]) : 0.9565140919
10 : ([1, 4, 5, 6], [2], [3]) : 0.9282967770
11 : ([1, 2, 3], [4, 5, 6]) : 0.9567964274
12 : ([1], [2, 3], [4, 5, 6]) : 0.9547085292
13 : ([1, 3], [2], [4, 5, 6]) : 0.9273367498
14 : ([1, 2], [3], [4, 5, 6]) : 0.9259260470
15 : ([1], [2], [3], [4, 5, 6]) : 0.9248243546
16 : ([1, 2, 3, 5, 6], [4]) : 0.9441296874
17 : ([1, 4], [2, 3, 5, 6]) : 0.9371767579
18 : ([1], [2, 3, 5, 6], [4]) : 0.9371630068
19 : ([1, 3, 5, 6], [2, 4]) : 0.9184338559
20 : ([1, 3, 5, 6], [2], [4]) : 0.9176869231
21 : ([1, 2, 4], [3, 5, 6]) : 0.9135672988
22 : ([1], [2, 4], [3, 5, 6]) : 0.9100760966
23 : ([1, 4], [2], [3, 5, 6]) : 0.9103524928
24 : ([1, 2], [3, 5, 6], [4]) : 0.9113204192
25 : ([1], [2], [3, 5, 6], [4]) : 0.9093090006
26 : ([1, 2, 5, 6], [3, 4]) : 0.9128336712
27 : ([1, 2, 5, 6], [3], [4]) : 0.9127342945
28 : ([1, 3, 4], [2, 5, 6]) : 0.9113179831
29 : ([1], [2, 5, 6], [3, 4]) : 0.9065793614
30 : ([1, 4], [2, 5, 6], [3]) : 0.9077843724
31 : ([1, 3], [2, 5, 6], [4]) : 0.9101973096
32 : ([1], [2, 5, 6], [3], [4]) : 0.9066013537
33 : ([1, 5, 6], [2, 3, 4]) : 0.9364935850
34 : ([1, 5, 6], [2], [3, 4]) : 0.9078732673
35 : ([1, 5, 6], [2, 4], [3]) : 0.9088980773
36 : ([1, 5, 6], [2, 3], [4]) : 0.9342840673
37 : ([1, 5, 6], [2], [3], [4]) : 0.9077770485
38 : ([1, 2, 3, 4], [5, 6]) : 0.9397545874
39 : ([1], [2, 3, 4], [5, 6]) : 0.9357833895
40 : ([1, 3, 4], [2], [5, 6]) : 0.9092555090
41 : ([1, 2], [3, 4], [5, 6]) : 0.9064627950
42 : ([1], [2], [3, 4], [5, 6]) : 0.9048433866
43 : ([1, 2, 4], [3], [5, 6]) : 0.9089390439
44 : ([1, 3], [2, 4], [5, 6]) : 0.9091060866
45 : ([1], [2, 4], [3], [5, 6]) : 0.9057744521
46 : ([1, 4], [2, 3], [5, 6]) : 0.9334909352
47 : ([1, 4], [2], [3], [5, 6]) : 0.9060351263
48 : ([1, 2, 3], [4], [5, 6]) : 0.9372496477
49 : ([1], [2, 3], [4], [5, 6]) : 0.9334252609
50 : ([1, 3], [2], [4], [5, 6]) : 0.9082223466
51 : ([1, 2], [3], [4], [5, 6]) : 0.9064354926
52 : ([1], [2], [3], [4], [5, 6]) : 0.9048515483
53 : ([1, 2, 3, 4, 6], [5]) : 0.9406224393
54 : ([1, 5], [2, 3, 4, 6]) : 0.9367669744
55 : ([1], [2, 3, 4, 6], [5]) : 0.9364247086
56 : ([1, 3, 4, 6], [2, 5]) : 0.9152064445
57 : ([1, 3, 4, 6], [2], [5]) : 0.9150189194
58 : ([1, 2, 5], [3, 4, 6]) : 0.9124350322
59 : ([1], [2, 5], [3, 4, 6]) : 0.9064380701
60 : ([1, 5], [2], [3, 4, 6]) : 0.9065009553
61 : ([1, 2], [3, 4, 6], [5]) : 0.9087492097
62 : ([1], [2], [3, 4, 6], [5]) : 0.9063913239
63 : ([1, 2, 4, 6], [3, 5]) : 0.9120704859
64 : ([1, 2, 4, 6], [3], [5]) : 0.9114896989
65 : ([1, 3, 5], [2, 4, 6]) : 0.9103954492
66 : ([1], [2, 4, 6], [3, 5]) : 0.9069164922
67 : ([1, 5], [2, 4, 6], [3]) : 0.9060289144
68 : ([1, 3], [2, 4, 6], [5]) : 0.9086867489
69 : ([1], [2, 4, 6], [3], [5]) : 0.9058886852
70 : ([1, 4, 6], [2, 3, 5]) : 0.9323016711
71 : ([1, 4, 6], [2], [3, 5]) : 0.9063139028
72 : ([1, 4, 6], [2, 5], [3]) : 0.9059898935
73 : ([1, 4, 6], [2, 3], [5]) : 0.9313936016
74 : ([1, 4, 6], [2], [3], [5]) : 0.9058854892
75 : ([1, 2, 3, 5], [4, 6]) : 0.9374245878
76 : ([1], [2, 3, 5], [4, 6]) : 0.9316996925
77 : ([1, 3, 5], [2], [4, 6]) : 0.9064209022
78 : ([1, 2], [3, 5], [4, 6]) : 0.9052626809
79 : ([1], [2], [3, 5], [4, 6]) : 0.9031001017
80 : ([1, 2, 5], [3], [4, 6]) : 0.9080388264
81 : ([1, 3], [2, 5], [4, 6]) : 0.9050103005
82 : ([1], [2, 5], [3], [4, 6]) : 0.9023476632
83 : ([1, 5], [2, 3], [4, 6]) : 0.9311722679
84 : ([1, 5], [2], [3], [4, 6]) : 0.9023810043
85 : ([1, 2, 3], [4, 6], [5]) : 0.9345152563
86 : ([1], [2, 3], [4, 6], [5]) : 0.9307250255
87 : ([1, 3], [2], [4, 6], [5]) : 0.9048022371
88 : ([1, 2], [3], [4, 6], [5]) : 0.9039882470
89 : ([1], [2], [3], [4, 6], [5]) : 0.9022727623
90 : ([1, 2, 3, 6], [4, 5]) : 0.9437860852
91 : ([1, 2, 3, 6], [4], [5]) : 0.9321185480
92 : ([1, 4, 5], [2, 3, 6]) : 0.9414728713
93 : ([1], [2, 3, 6], [4, 5]) : 0.9394013666
94 : ([1, 5], [2, 3, 6], [4]) : 0.9266714541
95 : ([1, 4], [2, 3, 6], [5]) : 0.9262959420
96 : ([1], [2, 3, 6], [4], [5]) : 0.9262008393
97 : ([1, 3, 6], [2, 4, 5]) : 0.9202437153
98 : ([1, 3, 6], [2], [4, 5]) : 0.9186450562
99 : ([1, 3, 6], [2, 5], [4]) : 0.9080426400
100 : ([1, 3, 6], [2, 4], [5]) : 0.9086876605
101 : ([1, 3, 6], [2], [4], [5]) : 0.9075959618
102 : ([1, 2, 4, 5], [3, 6]) : 0.9201888187
103 : ([1], [2, 4, 5], [3, 6]) : 0.9124707459
104 : ([1, 4, 5], [2], [3, 6]) : 0.9133030426
105 : ([1, 2], [3, 6], [4, 5]) : 0.9121917186
106 : ([1], [2], [3, 6], [4, 5]) : 0.9107573330
107 : ([1, 2, 5], [3, 6], [4]) : 0.9057516123
108 : ([1, 4], [2, 5], [3, 6]) : 0.9000511398
109 : ([1], [2, 5], [3, 6], [4]) : 0.8991663061
110 : ([1, 5], [2, 4], [3, 6]) : 0.9005545950
111 : ([1, 5], [2], [3, 6], [4]) : 0.8993300944
112 : ([1, 2, 4], [3, 6], [5]) : 0.9041698689
113 : ([1], [2, 4], [3, 6], [5]) : 0.9002479341
114 : ([1, 4], [2], [3, 6], [5]) : 0.8999039845
115 : ([1, 2], [3, 6], [4], [5]) : 0.9019002801
116 : ([1], [2], [3, 6], [4], [5]) : 0.8991029470
117 : ([1, 2, 6], [3, 4, 5]) : 0.9142140340
118 : ([1, 2, 6], [3], [4, 5]) : 0.9117429456
119 : ([1, 2, 6], [3, 5], [4]) : 0.9013070724
120 : ([1, 2, 6], [3, 4], [5]) : 0.9009342955
121 : ([1, 2, 6], [3], [4], [5]) : 0.9009992955
122 : ([1, 3, 4, 5], [2, 6]) : 0.9171240104
123 : ([1], [2, 6], [3, 4, 5]) : 0.9114053049
124 : ([1, 4, 5], [2, 6], [3]) : 0.9112742278
125 : ([1, 3], [2, 6], [4, 5]) : 0.9122436187
126 : ([1], [2, 6], [3], [4, 5]) : 0.9089916665
127 : ([1, 3, 5], [2, 6], [4]) : 0.9017238688
128 : ([1, 4], [2, 6], [3, 5]) : 0.8982725197
129 : ([1], [2, 6], [3, 5], [4]) : 0.8975010148
130 : ([1, 5], [2, 6], [3, 4]) : 0.8972029043
131 : ([1, 5], [2, 6], [3], [4]) : 0.8972267025
132 : ([1, 3, 4], [2, 6], [5]) : 0.9008840102
133 : ([1], [2, 6], [3, 4], [5]) : 0.8970637346
134 : ([1, 4], [2, 6], [3], [5]) : 0.8979220907
135 : ([1, 3], [2, 6], [4], [5]) : 0.9000447717
136 : ([1], [2, 6], [3], [4], [5]) : 0.8970858720
137 : ([1, 6], [2, 3, 4, 5]) : 0.9425000399
138 : ([1, 6], [2], [3, 4, 5]) : 0.9124083161
139 : ([1, 6], [2, 4, 5], [3]) : 0.9121800559
140 : ([1, 6], [2, 3], [4, 5]) : 0.9376330336
141 : ([1, 6], [2], [3], [4, 5]) : 0.9101335369
142 : ([1, 6], [2, 3, 5], [4]) : 0.9246720700
143 : ([1, 6], [2, 4], [3, 5]) : 0.8995316571
144 : ([1, 6], [2], [3, 5], [4]) : 0.8980893779
145 : ([1, 6], [2, 5], [3, 4]) : 0.8980915658
146 : ([1, 6], [2, 5], [3], [4]) : 0.8980945211
147 : ([1, 6], [2, 3, 4], [5]) : 0.9266993261
148 : ([1, 6], [2], [3, 4], [5]) : 0.8979274300
149 : ([1, 6], [2, 4], [3], [5]) : 0.8993333782
150 : ([1, 6], [2, 3], [4], [5]) : 0.9234532813
151 : ([1, 6], [2], [3], [4], [5]) : 0.8979047892
152 : ([1, 2, 3, 4, 5], [6]) : 0.9487004428
153 : ([1], [2, 3, 4, 5], [6]) : 0.9419919651
154 : ([1, 3, 4, 5], [2], [6]) : 0.9157199707
155 : ([1, 2], [3, 4, 5], [6]) : 0.9111202244
156 : ([1], [2], [3, 4, 5], [6]) : 0.9100159462
157 : ([1, 2, 4, 5], [3], [6]) : 0.9165495653
158 : ([1, 3], [2, 4, 5], [6]) : 0.9121681495
159 : ([1], [2, 4, 5], [3], [6]) : 0.9093886592
160 : ([1, 4, 5], [2, 3], [6]) : 0.9393951668
161 : ([1, 4, 5], [2], [3], [6]) : 0.9100191574
162 : ([1, 2, 3], [4, 5], [6]) : 0.9400059225
163 : ([1], [2, 3], [4, 5], [6]) : 0.9372591562
164 : ([1, 3], [2], [4, 5], [6]) : 0.9106180715
165 : ([1, 2], [3], [4, 5], [6]) : 0.9084415533
166 : ([1], [2], [3], [4, 5], [6]) : 0.9075815610
167 : ([1, 2, 3, 5], [4], [6]) : 0.9311514864
168 : ([1, 4], [2, 3, 5], [6]) : 0.9244432910
169 : ([1], [2, 3, 5], [4], [6]) : 0.9243950030
170 : ([1, 3, 5], [2, 4], [6]) : 0.9011807774
171 : ([1, 3, 5], [2], [4], [6]) : 0.8997342780
172 : ([1, 2, 4], [3, 5], [6]) : 0.9003637303
173 : ([1], [2, 4], [3, 5], [6]) : 0.8968834212
174 : ([1, 4], [2], [3, 5], [6]) : 0.8963819118
175 : ([1, 2], [3, 5], [4], [6]) : 0.8980684203
176 : ([1], [2], [3, 5], [4], [6]) : 0.8955472278
177 : ([1, 2, 5], [3, 4], [6]) : 0.9011415871
178 : ([1, 2, 5], [3], [4], [6]) : 0.9012212041
179 : ([1, 3, 4], [2, 5], [6]) : 0.8994170392
180 : ([1], [2, 5], [3, 4], [6]) : 0.8952577780
181 : ([1, 4], [2, 5], [3], [6]) : 0.8963343806
182 : ([1, 3], [2, 5], [4], [6]) : 0.8984499011
183 : ([1], [2, 5], [3], [4], [6]) : 0.8953069052
184 : ([1, 5], [2, 3, 4], [6]) : 0.9268412729
185 : ([1, 5], [2], [3, 4], [6]) : 0.8952334412
186 : ([1, 5], [2, 4], [3], [6]) : 0.8966311747
187 : ([1, 5], [2, 3], [4], [6]) : 0.9236698599
188 : ([1, 5], [2], [3], [4], [6]) : 0.8952724780
189 : ([1, 2, 3, 4], [5], [6]) : 0.9307701381
190 : ([1], [2, 3, 4], [5], [6]) : 0.9263520423
191 : ([1, 3, 4], [2], [5], [6]) : 0.8989249958
192 : ([1, 2], [3, 4], [5], [6]) : 0.8971812392
193 : ([1], [2], [3, 4], [5], [6]) : 0.8951188470
194 : ([1, 2, 4], [3], [5], [6]) : 0.8997100785
195 : ([1, 3], [2, 4], [5], [6]) : 0.8994436077
196 : ([1], [2, 4], [3], [5], [6]) : 0.8964475691
197 : ([1, 4], [2, 3], [5], [6]) : 0.9232539501
198 : ([1, 4], [2], [3], [5], [6]) : 0.8960546996
199 : ([1, 2, 3], [4], [5], [6]) : 0.9277916886
200 : ([1], [2, 3], [4], [5], [6]) : 0.9231189996
201 : ([1, 3], [2], [4], [5], [6]) : 0.8980444656
202 : ([1, 2], [3], [4], [5], [6]) : 0.8972868458
203 : ([1], [2], [3], [4], [5], [6]) : 0.8951480000
