=== Bootstrap seed: 84 ===
1 : ([1, 2, 3, 4, 5, 6],) : 0.9582006339
2 : ([1], [2, 3, 4, 5, 6]) : 0.9528353790
3 : ([1, 3, 4, 5, 6], [2]) : 0.9144974483
4 : ([1, 2], [3, 4, 5, 6]) : 0.9138053697
5 : ([1], [2], [3, 4, 5, 6]) : 0.9083799710
6 : ([1, 2, 4, 5, 6], [3]) : 0.9218583352
7 : ([1, 3], [2, 4, 5, 6]) : 0.9106432541
8 : ([1], [2, 4, 5, 6], [3]) : 0.9098162174
9 : ([1, 4, 5, 6], [2, 3]) : 0.9490444684
10 : ([1, 4, 5, 6], [2], [3]) : 0.9067042448
11 : ([1, 2, 3], [4, 5, 6]) : 0.9510327618
12 : ([1], [2, 3], [4, 5, 6]) : 0.9481565358
13 : ([1, 3], [2], [4, 5, 6]) : 0.9055147385
14 : ([1, 2], [3], [4, 5, 6]) : 0.9100139563
15 : ([1], [2], [3], [4, 5, 6]) : 0.9043448844
16 : ([1, 2, 3, 5, 6], [4]) : 0.9391925593
17 : ([1, 4], [2, 3, 5, 6]) : 0.9343047805
18 : ([1], [2, 3, 5, 6], [4]) : 0.9338826056
19 : ([1, 3, 5, 6], [2, 4]) : 0.8993794551
20 : ([1, 3, 5, 6], [2], [4]) : 0.8965574688
21 : ([1, 2, 4], [3, 5, 6]) : 0.9028491798
22 : ([1], [2, 4], [3, 5, 6]) : 0.8939082486
23 : ([1, 4], [2], [3, 5, 6]) : 0.8909209291
24 : ([1, 2], [3, 5, 6], [4]) : 0.8978417092
25 : ([1], [2], [3, 5, 6], [4]) : 0.8909300430
26 : ([1, 2, 5, 6], [3, 4]) : 0.9029677020
27 : ([1, 2, 5, 6], [3], [4]) : 0.9026651912
28 : ([1, 3, 4], [2, 5, 6]) : 0.8909632360
29 : ([1], [2, 5, 6], [3, 4]) : 0.8897845469
30 : ([1, 4], [2, 5, 6], [3]) : 0.8894643497
31 : ([1, 3], [2, 5, 6], [4]) : 0.8898059105
32 : ([1], [2, 5, 6], [3], [4]) : 0.8894156244
33 : ([1, 5, 6], [2, 3, 4]) : 0.9343995088
34 : ([1, 5, 6], [2], [3, 4]) : 0.8922642970
35 : ([1, 5, 6], [2, 4], [3]) : 0.8945096761
36 : ([1, 5, 6], [2, 3], [4]) : 0.9311050944
37 : ([1, 5, 6], [2], [3], [4]) : 0.8919941622
38 : ([1, 2, 3, 4], [5, 6]) : 0.9375294769
39 : ([1], [2, 3, 4], [5, 6]) : 0.9334097428
40 : ([1, 3, 4], [2], [5, 6]) : 0.8894184655
41 : ([1, 2], [3, 4], [5, 6]) : 0.8951792387
42 : ([1], [2], [3, 4], [5, 6]) : 0.8880751755
43 : ([1, 2, 4], [3], [5, 6]) : 0.8998452797
44 : ([1, 3], [2, 4], [5, 6]) : 0.8909987172
45 : ([1], [2, 4], [3], [5, 6]) : 0.8905613612
46 : ([1, 4], [2, 3], [5, 6]) : 0.9306800847
47 : ([1, 4], [2], [3], [5, 6]) : 0.8878184918
48 : ([1, 2, 3], [4], [5, 6]) : 0.9338982357
49 : ([1], [2, 3], [4], [5, 6]) : 0.9302337287
50 : ([1, 3], [2], [4], [5, 6]) : 0.8883495922
51 : ([1, 2], [3], [4], [5, 6]) : 0.8949194820
52 : ([1], [2], [3], [4], [5, 6]) : 0.8878037882
53 : ([1, 2, 3, 4, 6], [5]) : 0.9375368768
54 : ([1, 5], [2, 3, 4, 6]) : 0.9314392602
55 : ([1], [2, 3, 4, 6], [5]) : 0.9310167751
56 : ([1, 3, 4, 6], [2, 5]) : 0.8941174405
57 : ([1, 3, 4, 6], [2], [5]) : 0.8937533231
58 : ([1, 2, 5], [3, 4, 6]) : 0.9018786633
59 : ([1], [2, 5], [3, 4, 6]) : 0.8914443650
60 : ([1, 5], [2], [3, 4, 6]) : 0.8929748420
61 : ([1, 2], [3, 4, 6], [5]) : 0.8991183537
62 : ([1], [2], [3, 4, 6], [5]) : 0.8908640247
63 : ([1, 2, 4, 6], [3, 5]) : 0.9046197771
64 : ([1, 2, 4, 6], [3], [5]) : 0.9029147397
65 : ([1, 3, 5], [2, 4, 6]) : 0.8969503175
66 : ([1], [2, 4, 6], [3, 5]) : 0.8941018837
67 : ([1, 5], [2, 4, 6], [3]) : 0.8940866128
68 : ([1, 3], [2, 4, 6], [5]) : 0.8922680216
69 : ([1], [2, 4, 6], [3], [5]) : 0.8917244154
70 : ([1, 4, 6], [2, 3, 5]) : 0.9314346510
71 : ([1, 4, 6], [2], [3, 5]) : 0.8902365067
72 : ([1, 4, 6], [2, 5], [3]) : 0.8880624351
73 : ([1, 4, 6], [2, 3], [5]) : 0.9279853583
74 : ([1, 4, 6], [2], [3], [5]) : 0.8878565304
75 : ([1, 2, 3, 5], [4, 6]) : 0.9349455421
76 : ([1], [2, 3, 5], [4, 6]) : 0.9303052266
77 : ([1, 3, 5], [2], [4, 6]) : 0.8923523408
78 : ([1, 2], [3, 5], [4, 6]) : 0.8973451324
79 : ([1], [2], [3, 5], [4, 6]) : 0.8895281589
80 : ([1, 2, 5], [3], [4, 6]) : 0.8987736376
81 : ([1, 3], [2, 5], [4, 6]) : 0.8880969707
82 : ([1], [2, 5], [3], [4, 6]) : 0.8876257896
83 : ([1, 5], [2, 3], [4, 6]) : 0.9273522095
84 : ([1, 5], [2], [3], [4, 6]) : 0.8896870472
85 : ([1, 2, 3], [4, 6], [5]) : 0.9319291390
86 : ([1], [2, 3], [4, 6], [5]) : 0.9270540809
87 : ([1, 3], [2], [4, 6], [5]) : 0.8878300785
88 : ([1, 2], [3], [4, 6], [5]) : 0.8956905821
89 : ([1], [2], [3], [4, 6], [5]) : 0.8873210081
90 : ([1, 2, 3, 6], [4, 5]) : 0.9383465744
91 : ([1, 2, 3, 6], [4], [5]) : 0.9274127287
92 : ([1, 4, 5], [2, 3, 6]) : 0.9351568208
93 : ([1], [2, 3, 6], [4, 5]) : 0.9340750539
94 : ([1, 5], [2, 3, 6], [4]) : 0.9227361821
95 : ([1, 4], [2, 3, 6], [5]) : 0.9225476341
96 : ([1], [2, 3, 6], [4], [5]) : 0.9219795741
97 : ([1, 3, 6], [2, 4, 5]) : 0.8967552622
98 : ([1, 3, 6], [2], [4, 5]) : 0.8934417102
99 : ([1, 3, 6], [2, 5], [4]) : 0.8840223921
100 : ([1, 3, 6], [2, 4], [5]) : 0.8864237496
101 : ([1, 3, 6], [2], [4], [5]) : 0.8839610347
102 : ([1, 2, 4, 5], [3, 6]) : 0.9067795334
103 : ([1], [2, 4, 5], [3, 6]) : 0.8939553727
104 : ([1, 4, 5], [2], [3, 6]) : 0.8936576301
105 : ([1, 2], [3, 6], [4, 5]) : 0.8962342275
106 : ([1], [2], [3, 6], [4, 5]) : 0.8902687905
107 : ([1, 2, 5], [3, 6], [4]) : 0.8933868279
108 : ([1, 4], [2, 5], [3, 6]) : 0.8815763044
109 : ([1], [2, 5], [3, 6], [4]) : 0.8814824380
110 : ([1, 5], [2, 4], [3, 6]) : 0.8869969602
111 : ([1, 5], [2], [3, 6], [4]) : 0.8846484361
112 : ([1, 2, 4], [3, 6], [5]) : 0.8944509099
113 : ([1], [2, 4], [3, 6], [5]) : 0.8836658692
114 : ([1, 4], [2], [3, 6], [5]) : 0.8812925844
115 : ([1, 2], [3, 6], [4], [5]) : 0.8893807898
116 : ([1], [2], [3, 6], [4], [5]) : 0.8812147101
117 : ([1, 2, 6], [3, 4, 5]) : 0.8987120865
118 : ([1, 2, 6], [3], [4, 5]) : 0.8962969954
119 : ([1, 2, 6], [3, 5], [4]) : 0.8913781484
120 : ([1, 2, 6], [3, 4], [5]) : 0.8906830401
121 : ([1, 2, 6], [3], [4], [5]) : 0.8896816970
122 : ([1, 3, 4, 5], [2, 6]) : 0.8971011919
123 : ([1], [2, 6], [3, 4, 5]) : 0.8912322540
124 : ([1, 4, 5], [2, 6], [3]) : 0.8925926042
125 : ([1, 3], [2, 6], [4, 5]) : 0.8904728956
126 : ([1], [2, 6], [3], [4, 5]) : 0.8888558514
127 : ([1, 3, 5], [2, 6], [4]) : 0.8864250037
128 : ([1, 4], [2, 6], [3, 5]) : 0.8822313990
129 : ([1], [2, 6], [3, 5], [4]) : 0.8821594277
130 : ([1, 5], [2, 6], [3, 4]) : 0.8848926472
131 : ([1, 5], [2, 6], [3], [4]) : 0.8839936752
132 : ([1, 3, 4], [2, 6], [5]) : 0.8825650596
133 : ([1], [2, 6], [3, 4], [5]) : 0.8811694415
134 : ([1, 4], [2, 6], [3], [5]) : 0.8802198444
135 : ([1, 3], [2, 6], [4], [5]) : 0.8808542881
136 : ([1], [2, 6], [3], [4], [5]) : 0.8801640491
137 : ([1, 6], [2, 3, 4, 5]) : 0.9379925068
138 : ([1, 6], [2], [3, 4, 5]) : 0.8913791172
139 : ([1, 6], [2, 4, 5], [3]) : 0.8925662865
140 : ([1, 6], [2, 3], [4, 5]) : 0.9329462029
141 : ([1, 6], [2], [3], [4, 5]) : 0.8888089674
142 : ([1, 6], [2, 3, 5], [4]) : 0.9241048274
143 : ([1, 6], [2, 4], [3, 5]) : 0.8853485897
144 : ([1, 6], [2], [3, 5], [4]) : 0.8826103279
145 : ([1, 6], [2, 5], [3, 4]) : 0.8817326560
146 : ([1, 6], [2, 5], [3], [4]) : 0.8805851672
147 : ([1, 6], [2, 3, 4], [5]) : 0.9242570714
148 : ([1, 6], [2], [3, 4], [5]) : 0.8815597761
149 : ([1, 6], [2, 4], [3], [5]) : 0.8828817296
150 : ([1, 6], [2, 3], [4], [5]) : 0.9208042356
151 : ([1, 6], [2], [3], [4], [5]) : 0.8804671619
152 : ([1, 2, 3, 4, 5], [6]) : 0.9433362905
153 : ([1], [2, 3, 4, 5], [6]) : 0.9377311308
154 : ([1, 3, 4, 5], [2], [6]) : 0.8964000223
155 : ([1, 2], [3, 4, 5], [6]) : 0.8967576059
156 : ([1], [2], [3, 4, 5], [6]) : 0.8905874733
157 : ([1, 2, 4, 5], [3], [6]) : 0.9055176109
158 : ([1, 3], [2, 4, 5], [6]) : 0.8931730848
159 : ([1], [2, 4, 5], [3], [6]) : 0.8919173089
160 : ([1, 4, 5], [2, 3], [6]) : 0.9340868724
161 : ([1, 4, 5], [2], [3], [6]) : 0.8917929499
162 : ([1, 2, 3], [4, 5], [6]) : 0.9366246610
163 : ([1], [2, 3], [4, 5], [6]) : 0.9328733290
164 : ([1, 3], [2], [4, 5], [6]) : 0.8899745351
165 : ([1, 2], [3], [4, 5], [6]) : 0.8944650916
166 : ([1], [2], [3], [4, 5], [6]) : 0.8882745835
167 : ([1, 2, 3, 5], [4], [6]) : 0.9292353176
168 : ([1, 4], [2, 3, 5], [6]) : 0.9246246957
169 : ([1], [2, 3, 5], [4], [6]) : 0.9239540285
170 : ([1, 3, 5], [2, 4], [6]) : 0.8879889492
171 : ([1, 3, 5], [2], [4], [6]) : 0.8853500230
172 : ([1, 2, 4], [3, 5], [6]) : 0.8943868840
173 : ([1], [2, 4], [3, 5], [6]) : 0.8839622702
174 : ([1, 4], [2], [3, 5], [6]) : 0.8813662642
175 : ([1, 2], [3, 5], [4], [6]) : 0.8892243089
176 : ([1], [2], [3, 5], [4], [6]) : 0.8812692204
177 : ([1, 2, 5], [3, 4], [6]) : 0.8929541762
178 : ([1, 2, 5], [3], [4], [6]) : 0.8921764101
179 : ([1, 3, 4], [2, 5], [6]) : 0.8822135190
180 : ([1], [2, 5], [3, 4], [6]) : 0.8807126869
181 : ([1, 4], [2, 5], [3], [6]) : 0.8797724984
182 : ([1, 3], [2, 5], [4], [6]) : 0.8803400142
183 : ([1], [2, 5], [3], [4], [6]) : 0.8796836683
184 : ([1, 5], [2, 3, 4], [6]) : 0.9247782635
185 : ([1, 5], [2], [3, 4], [6]) : 0.8838145820
186 : ([1, 5], [2, 4], [3], [6]) : 0.8852185936
187 : ([1, 5], [2, 3], [4], [6]) : 0.9214494677
188 : ([1, 5], [2], [3], [4], [6]) : 0.8829820616
189 : ([1, 2, 3, 4], [5], [6]) : 0.9295253745
190 : ([1], [2, 3, 4], [5], [6]) : 0.9239560183
191 : ([1, 3, 4], [2], [5], [6]) : 0.8818797665
192 : ([1, 2], [3, 4], [5], [6]) : 0.8886461459
193 : ([1], [2], [3, 4], [5], [6]) : 0.8803954190
194 : ([1, 2, 4], [3], [5], [6]) : 0.8927316397
195 : ([1, 3], [2, 4], [5], [6]) : 0.8824209968
196 : ([1], [2, 4], [3], [5], [6]) : 0.8817868160
197 : ([1, 4], [2, 3], [5], [6]) : 0.9213138639
198 : ([1, 4], [2], [3], [5], [6]) : 0.8795016232
199 : ([1, 2, 3], [4], [5], [6]) : 0.9256212991
200 : ([1], [2, 3], [4], [5], [6]) : 0.9207113287
201 : ([1, 3], [2], [4], [5], [6]) : 0.8801349132
202 : ([1, 2], [3], [4], [5], [6]) : 0.8877592296
203 : ([1], [2], [3], [4], [5], [6]) : 0.8794290429
