=== Bootstrap seed: 59 ===
1 : ([1, 2, 3, 4, 5, 6],) : 0.9673142665
2 : ([1], [2, 3, 4, 5, 6]) : 0.9588410598
3 : ([1, 3, 4, 5, 6], [2]) : 0.9277621193
4 : ([1, 2], [3, 4, 5, 6]) : 0.9232634948
5 : ([1], [2], [3, 4, 5, 6]) : 0.9221542283
6 : ([1, 2, 4, 5, 6], [3]) : 0.9314141490
7 : ([1, 3], [2, 4, 5, 6]) : 0.9274136617
8 : ([1], [2, 4, 5, 6], [3]) : 0.9268233700
9 : ([1, 4, 5, 6], [2, 3]) : 0.9551651831
10 : ([1, 4, 5, 6], [2], [3]) : 0.9209982930
11 : ([1, 2, 3], [4, 5, 6]) : 0.9573473530
12 : ([1], [2, 3], [4, 5, 6]) : 0.9543068566
13 : ([1, 3], [2], [4, 5, 6]) : 0.9189282152
14 : ([1, 2], [3], [4, 5, 6]) : 0.9192748592
15 : ([1], [2], [3], [4, 5, 6]) : 0.9182344598
16 : ([1, 2, 3, 5, 6], [4]) : 0.9412989633
17 : ([1, 4], [2, 3, 5, 6]) : 0.9336544635
18 : ([1], [2, 3, 5, 6], [4]) : 0.9328263241
19 : ([1, 3, 5, 6], [2, 4]) : 0.9013328037
20 : ([1, 3, 5, 6], [2], [4]) : 0.9013595242
21 : ([1, 2, 4], [3, 5, 6]) : 0.9006877546
22 : ([1], [2, 4], [3, 5, 6]) : 0.8960916439
23 : ([1, 4], [2], [3, 5, 6]) : 0.8983877953
24 : ([1, 2], [3, 5, 6], [4]) : 0.8985043764
25 : ([1], [2], [3, 5, 6], [4]) : 0.8961164137
26 : ([1, 2, 5, 6], [3, 4]) : 0.9048267967
27 : ([1, 2, 5, 6], [3], [4]) : 0.9036133853
28 : ([1, 3, 4], [2, 5, 6]) : 0.9037044466
29 : ([1], [2, 5, 6], [3, 4]) : 0.9006900192
30 : ([1, 4], [2, 5, 6], [3]) : 0.9007961395
31 : ([1, 3], [2, 5, 6], [4]) : 0.9005135185
32 : ([1], [2, 5, 6], [3], [4]) : 0.8992845071
33 : ([1, 5, 6], [2, 3, 4]) : 0.9316150463
34 : ([1, 5, 6], [2], [3, 4]) : 0.8963689471
35 : ([1, 5, 6], [2, 4], [3]) : 0.8954889411
36 : ([1, 5, 6], [2, 3], [4]) : 0.9302077851
37 : ([1, 5, 6], [2], [3], [4]) : 0.8954786793
38 : ([1, 2, 3, 4], [5, 6]) : 0.9359460119
39 : ([1], [2, 3, 4], [5, 6]) : 0.9303638971
40 : ([1, 3, 4], [2], [5, 6]) : 0.8986903380
41 : ([1, 2], [3, 4], [5, 6]) : 0.8973011390
42 : ([1], [2], [3, 4], [5, 6]) : 0.8950151176
43 : ([1, 2, 4], [3], [5, 6]) : 0.8985262075
44 : ([1, 3], [2, 4], [5, 6]) : 0.8956689452
45 : ([1], [2, 4], [3], [5, 6]) : 0.8940369809
46 : ([1, 4], [2, 3], [5, 6]) : 0.9297696930
47 : ([1, 4], [2], [3], [5, 6]) : 0.8959816145
48 : ([1, 2, 3], [4], [5, 6]) : 0.9342445329
49 : ([1], [2, 3], [4], [5, 6]) : 0.9292143877
50 : ([1, 3], [2], [4], [5, 6]) : 0.8955506232
51 : ([1, 2], [3], [4], [5, 6]) : 0.8963434486
52 : ([1], [2], [3], [4], [5, 6]) : 0.8940217287
53 : ([1, 2, 3, 4, 6], [5]) : 0.9392553874
54 : ([1, 5], [2, 3, 4, 6]) : 0.9316348983
55 : ([1], [2, 3, 4, 6], [5]) : 0.9310565932
56 : ([1, 3, 4, 6], [2, 5]) : 0.9066229759
57 : ([1, 3, 4, 6], [2], [5]) : 0.9035695720
58 : ([1, 2, 5], [3, 4, 6]) : 0.9049908566
59 : ([1], [2, 5], [3, 4, 6]) : 0.9005730012
60 : ([1, 5], [2], [3, 4, 6]) : 0.8983859893
61 : ([1, 2], [3, 4, 6], [5]) : 0.9001351861
62 : ([1], [2], [3, 4, 6], [5]) : 0.8974964270
63 : ([1, 2, 4, 6], [3, 5]) : 0.9064546445
64 : ([1, 2, 4, 6], [3], [5]) : 0.9056172130
65 : ([1, 3, 5], [2, 4, 6]) : 0.9030329238
66 : ([1], [2, 4, 6], [3, 5]) : 0.9007946740
67 : ([1, 5], [2, 4, 6], [3]) : 0.9008262895
68 : ([1, 3], [2, 4, 6], [5]) : 0.9014866314
69 : ([1], [2, 4, 6], [3], [5]) : 0.9000510930
70 : ([1, 4, 6], [2, 3, 5]) : 0.9346424958
71 : ([1, 4, 6], [2], [3, 5]) : 0.8967154513
72 : ([1, 4, 6], [2, 5], [3]) : 0.9000460936
73 : ([1, 4, 6], [2, 3], [5]) : 0.9302507746
74 : ([1, 4, 6], [2], [3], [5]) : 0.8962386983
75 : ([1, 2, 3, 5], [4, 6]) : 0.9375308924
76 : ([1], [2, 3, 5], [4, 6]) : 0.9321772713
77 : ([1, 3, 5], [2], [4, 6]) : 0.8966630005
78 : ([1, 2], [3, 5], [4, 6]) : 0.8971339934
79 : ([1], [2], [3, 5], [4, 6]) : 0.8943517897
80 : ([1, 2, 5], [3], [4, 6]) : 0.9017496506
81 : ([1, 3], [2, 5], [4, 6]) : 0.8988918814
82 : ([1], [2, 5], [3], [4, 6]) : 0.8976386408
83 : ([1, 5], [2, 3], [4, 6]) : 0.9292897056
84 : ([1, 5], [2], [3], [4, 6]) : 0.8948820982
85 : ([1, 2, 3], [4, 6], [5]) : 0.9329997588
86 : ([1], [2, 3], [4, 6], [5]) : 0.9287608287
87 : ([1, 3], [2], [4, 6], [5]) : 0.8951617374
88 : ([1, 2], [3], [4, 6], [5]) : 0.8966744076
89 : ([1], [2], [3], [4, 6], [5]) : 0.8940029154
90 : ([1, 2, 3, 6], [4, 5]) : 0.9419295835
91 : ([1, 2, 3, 6], [4], [5]) : 0.9282009217
92 : ([1, 4, 5], [2, 3, 6]) : 0.9376445000
93 : ([1], [2, 3, 6], [4, 5]) : 0.9359840439
94 : ([1, 5], [2, 3, 6], [4]) : 0.9226185516
95 : ([1, 4], [2, 3, 6], [5]) : 0.9223916046
96 : ([1], [2, 3, 6], [4], [5]) : 0.9216392156
97 : ([1, 3, 6], [2, 4, 5]) : 0.9079507199
98 : ([1, 3, 6], [2], [4, 5]) : 0.9036383335
99 : ([1, 3, 6], [2, 5], [4]) : 0.8939609279
100 : ([1, 3, 6], [2, 4], [5]) : 0.8920465539
101 : ([1, 3, 6], [2], [4], [5]) : 0.8919078624
102 : ([1, 2, 4, 5], [3, 6]) : 0.9100868029
103 : ([1], [2, 4, 5], [3, 6]) : 0.9037441166
104 : ([1, 4, 5], [2], [3, 6]) : 0.9025634488
105 : ([1, 2], [3, 6], [4, 5]) : 0.8997721297
106 : ([1], [2], [3, 6], [4, 5]) : 0.8984320802
107 : ([1, 2, 5], [3, 6], [4]) : 0.8954899663
108 : ([1, 4], [2, 5], [3, 6]) : 0.8922909647
109 : ([1], [2, 5], [3, 6], [4]) : 0.8906090222
110 : ([1, 5], [2, 4], [3, 6]) : 0.8895898186
111 : ([1, 5], [2], [3, 6], [4]) : 0.8893237031
112 : ([1, 2, 4], [3, 6], [5]) : 0.8929500023
113 : ([1], [2, 4], [3, 6], [5]) : 0.8881664398
114 : ([1, 4], [2], [3, 6], [5]) : 0.8897105070
115 : ([1, 2], [3, 6], [4], [5]) : 0.8906855888
116 : ([1], [2], [3, 6], [4], [5]) : 0.8879292713
117 : ([1, 2, 6], [3, 4, 5]) : 0.9021981662
118 : ([1, 2, 6], [3], [4, 5]) : 0.9003709642
119 : ([1, 2, 6], [3, 5], [4]) : 0.8920779099
120 : ([1, 2, 6], [3, 4], [5]) : 0.8927349612
121 : ([1, 2, 6], [3], [4], [5]) : 0.8916089751
122 : ([1, 3, 4, 5], [2, 6]) : 0.9055885606
123 : ([1], [2, 6], [3, 4, 5]) : 0.8992472546
124 : ([1, 4, 5], [2, 6], [3]) : 0.9011139689
125 : ([1, 3], [2, 6], [4, 5]) : 0.8980784876
126 : ([1], [2, 6], [3], [4, 5]) : 0.8971499170
127 : ([1, 3, 5], [2, 6], [4]) : 0.8909178716
128 : ([1, 4], [2, 6], [3, 5]) : 0.8895424977
129 : ([1], [2, 6], [3, 5], [4]) : 0.8880163362
130 : ([1, 5], [2, 6], [3, 4]) : 0.8900995251
131 : ([1, 5], [2, 6], [3], [4]) : 0.8891233420
132 : ([1, 3, 4], [2, 6], [5]) : 0.8924923239
133 : ([1], [2, 6], [3, 4], [5]) : 0.8887762828
134 : ([1, 4], [2, 6], [3], [5]) : 0.8891789245
135 : ([1, 3], [2, 6], [4], [5]) : 0.8891323326
136 : ([1], [2, 6], [3], [4], [5]) : 0.8876973543
137 : ([1, 6], [2, 3, 4, 5]) : 0.9406818054
138 : ([1, 6], [2], [3, 4, 5]) : 0.8984600775
139 : ([1, 6], [2, 4, 5], [3]) : 0.9023605575
140 : ([1, 6], [2, 3], [4, 5]) : 0.9357035333
141 : ([1, 6], [2], [3], [4, 5]) : 0.8962170809
142 : ([1, 6], [2, 3, 5], [4]) : 0.9245958005
143 : ([1, 6], [2, 4], [3, 5]) : 0.8863438660
144 : ([1, 6], [2], [3, 5], [4]) : 0.8861987073
145 : ([1, 6], [2, 5], [3, 4]) : 0.8907459150
146 : ([1, 6], [2, 5], [3], [4]) : 0.8893332263
147 : ([1, 6], [2, 3, 4], [5]) : 0.9230478761
148 : ([1, 6], [2], [3, 4], [5]) : 0.8871033887
149 : ([1, 6], [2, 4], [3], [5]) : 0.8861137501
150 : ([1, 6], [2, 3], [4], [5]) : 0.9216422657
151 : ([1, 6], [2], [3], [4], [5]) : 0.8859529733
152 : ([1, 2, 3, 4, 5], [6]) : 0.9467486401
153 : ([1], [2, 3, 4, 5], [6]) : 0.9401882636
154 : ([1, 3, 4, 5], [2], [6]) : 0.9042169227
155 : ([1, 2], [3, 4, 5], [6]) : 0.8990048840
156 : ([1], [2], [3, 4, 5], [6]) : 0.8977553008
157 : ([1, 2, 4, 5], [3], [6]) : 0.9080985249
158 : ([1, 3], [2, 4, 5], [6]) : 0.9027307567
159 : ([1], [2, 4, 5], [3], [6]) : 0.9018719116
160 : ([1, 4, 5], [2, 3], [6]) : 0.9368148388
161 : ([1, 4, 5], [2], [3], [6]) : 0.8994801450
162 : ([1, 2, 3], [4, 5], [6]) : 0.9385427841
163 : ([1], [2, 3], [4, 5], [6]) : 0.9351732843
164 : ([1, 3], [2], [4, 5], [6]) : 0.8963684350
165 : ([1, 2], [3], [4, 5], [6]) : 0.8968483991
166 : ([1], [2], [3], [4, 5], [6]) : 0.8954909477
167 : ([1, 2, 3, 5], [4], [6]) : 0.9307672026
168 : ([1, 4], [2, 3, 5], [6]) : 0.9251662548
169 : ([1], [2, 3, 5], [4], [6]) : 0.9241583527
170 : ([1, 3, 5], [2, 4], [6]) : 0.8890271230
171 : ([1, 3, 5], [2], [4], [6]) : 0.8888406226
172 : ([1, 2, 4], [3, 5], [6]) : 0.8909568722
173 : ([1], [2, 4], [3, 5], [6]) : 0.8861122517
174 : ([1, 4], [2], [3, 5], [6]) : 0.8876431934
175 : ([1, 2], [3, 5], [4], [6]) : 0.8888255347
176 : ([1], [2], [3, 5], [4], [6]) : 0.8859258977
177 : ([1, 2, 5], [3, 4], [6]) : 0.8952632469
178 : ([1, 2, 5], [3], [4], [6]) : 0.8938789228
179 : ([1, 3, 4], [2, 5], [6]) : 0.8944677834
180 : ([1], [2, 5], [3, 4], [6]) : 0.8906323426
181 : ([1, 4], [2, 5], [3], [6]) : 0.8907664899
182 : ([1, 3], [2, 5], [4], [6]) : 0.8903839467
183 : ([1], [2, 5], [3], [4], [6]) : 0.8891803346
184 : ([1, 5], [2, 3, 4], [6]) : 0.9238124591
185 : ([1, 5], [2], [3, 4], [6]) : 0.8882486550
186 : ([1, 5], [2, 4], [3], [6]) : 0.8874338600
187 : ([1, 5], [2, 3], [4], [6]) : 0.9223557116
188 : ([1, 5], [2], [3], [4], [6]) : 0.8871888050
189 : ([1, 2, 3, 4], [5], [6]) : 0.9285500024
190 : ([1], [2, 3, 4], [5], [6]) : 0.9225871508
191 : ([1, 3, 4], [2], [5], [6]) : 0.8908130363
192 : ([1, 2], [3, 4], [5], [6]) : 0.8896004396
193 : ([1], [2], [3, 4], [5], [6]) : 0.8868743136
194 : ([1, 2, 4], [3], [5], [6]) : 0.8906448899
195 : ([1, 3], [2, 4], [5], [6]) : 0.8873533043
196 : ([1], [2, 4], [3], [5], [6]) : 0.8859055276
197 : ([1, 4], [2, 3], [5], [6]) : 0.9220046491
198 : ([1, 4], [2], [3], [5], [6]) : 0.8873511595
199 : ([1, 2, 3], [4], [5], [6]) : 0.9260017370
200 : ([1], [2, 3], [4], [5], [6]) : 0.9213476867
201 : ([1, 3], [2], [4], [5], [6]) : 0.8870597525
202 : ([1, 2], [3], [4], [5], [6]) : 0.8884654772
203 : ([1], [2], [3], [4], [5], [6]) : 0.8857024407
