=== Bootstrap seed: 12 ===
1 : ([1, 2, 3, 4, 5, 6],) : 0.9623176378
2 : ([1], [2, 3, 4, 5, 6]) : 0.9556773866
3 : ([1, 3, 4, 5, 6], [2]) : 0.9330303001
4 : ([1, 2], [3, 4, 5, 6]) : 0.9255974182
5 : ([1], [2], [3, 4, 5, 6]) : 0.9241785245
6 : ([1, 2, 4, 5, 6], [3]) : 0.9350866468
7 : ([1, 3], [2, 4, 5, 6]) : 0.9272932653
8 : ([1], [2, 4, 5, 6], [3]) : 0.9264657282
9 : ([1, 4, 5, 6], [2, 3]) : 0.9547036750
10 : ([1, 4, 5, 6], [2], [3]) : 0.9268063771
11 : ([1, 2, 3], [4, 5, 6]) : 0.9551503100
12 : ([1], [2, 3], [4, 5, 6]) : 0.9534745107
13 : ([1, 3], [2], [4, 5, 6]) : 0.9231378432
14 : ([1, 2], [3], [4, 5, 6]) : 0.9222557657
15 : ([1], [2], [3], [4, 5, 6]) : 0.9208680480
16 : ([1, 2, 3, 5, 6], [4]) : 0.9365069660
17 : ([1, 4], [2, 3, 5, 6]) : 0.9329126953
18 : ([1], [2, 3, 5, 6], [4]) : 0.9293050481
19 : ([1, 3, 5, 6], [2, 4]) : 0.9063277128
20 : ([1, 3, 5, 6], [2], [4]) : 0.9044862272
21 : ([1, 2, 4], [3, 5, 6]) : 0.9111033949
22 : ([1], [2, 4], [3, 5, 6]) : 0.9019873548
23 : ([1, 4], [2], [3, 5, 6]) : 0.9034793312
24 : ([1, 2], [3, 5, 6], [4]) : 0.9009509763
25 : ([1], [2], [3, 5, 6], [4]) : 0.8983585992
26 : ([1, 2, 5, 6], [3, 4]) : 0.9059716176
27 : ([1, 2, 5, 6], [3], [4]) : 0.9047218307
28 : ([1, 3, 4], [2, 5, 6]) : 0.9071685319
29 : ([1], [2, 5, 6], [3, 4]) : 0.9017902915
30 : ([1, 4], [2, 5, 6], [3]) : 0.9043582666
31 : ([1, 3], [2, 5, 6], [4]) : 0.9022193868
32 : ([1], [2, 5, 6], [3], [4]) : 0.9002349137
33 : ([1, 5, 6], [2, 3, 4]) : 0.9296883820
34 : ([1, 5, 6], [2], [3, 4]) : 0.8995667755
35 : ([1, 5, 6], [2, 4], [3]) : 0.9009426430
36 : ([1, 5, 6], [2, 3], [4]) : 0.9269736202
37 : ([1, 5, 6], [2], [3], [4]) : 0.8979685550
38 : ([1, 2, 3, 4], [5, 6]) : 0.9362484606
39 : ([1], [2, 3, 4], [5, 6]) : 0.9293941197
40 : ([1, 3, 4], [2], [5, 6]) : 0.9045239490
41 : ([1, 2], [3, 4], [5, 6]) : 0.9003408632
42 : ([1], [2], [3, 4], [5, 6]) : 0.8981434836
43 : ([1, 2, 4], [3], [5, 6]) : 0.9084105521
44 : ([1, 3], [2, 4], [5, 6]) : 0.9016532824
45 : ([1], [2, 4], [3], [5, 6]) : 0.8996933120
46 : ([1, 4], [2, 3], [5, 6]) : 0.9300639563
47 : ([1, 4], [2], [3], [5, 6]) : 0.9008401714
48 : ([1, 2, 3], [4], [5, 6]) : 0.9299966022
49 : ([1], [2, 3], [4], [5, 6]) : 0.9267222108
50 : ([1, 3], [2], [4], [5, 6]) : 0.8994421357
51 : ([1, 2], [3], [4], [5, 6]) : 0.8987906282
52 : ([1], [2], [3], [4], [5, 6]) : 0.8964756496
53 : ([1, 2, 3, 4, 6], [5]) : 0.9321624288
54 : ([1, 5], [2, 3, 4, 6]) : 0.9243482789
55 : ([1], [2, 3, 4, 6], [5]) : 0.9240555972
56 : ([1, 3, 4, 6], [2, 5]) : 0.9050999424
57 : ([1, 3, 4, 6], [2], [5]) : 0.9032722084
58 : ([1, 2, 5], [3, 4, 6]) : 0.9033025448
59 : ([1], [2, 5], [3, 4, 6]) : 0.8975552557
60 : ([1, 5], [2], [3, 4, 6]) : 0.8954989442
61 : ([1, 2], [3, 4, 6], [5]) : 0.8994612314
62 : ([1], [2], [3, 4, 6], [5]) : 0.8948989197
63 : ([1, 2, 4, 6], [3, 5]) : 0.9091835887
64 : ([1, 2, 4, 6], [3], [5]) : 0.9067614325
65 : ([1, 3, 5], [2, 4, 6]) : 0.9010183251
66 : ([1], [2, 4, 6], [3, 5]) : 0.8994670649
67 : ([1, 5], [2, 4, 6], [3]) : 0.8973796372
68 : ([1, 3], [2, 4, 6], [5]) : 0.8980560899
69 : ([1], [2, 4, 6], [3], [5]) : 0.8969271500
70 : ([1, 4, 6], [2, 3, 5]) : 0.9273886751
71 : ([1, 4, 6], [2], [3, 5]) : 0.9006108520
72 : ([1, 4, 6], [2, 5], [3]) : 0.8992645358
73 : ([1, 4, 6], [2, 3], [5]) : 0.9230811869
74 : ([1, 4, 6], [2], [3], [5]) : 0.8969914795
75 : ([1, 2, 3, 5], [4, 6]) : 0.9285472404
76 : ([1], [2, 3, 5], [4, 6]) : 0.9236379935
77 : ([1, 3, 5], [2], [4, 6]) : 0.8975911449
78 : ([1, 2], [3, 5], [4, 6]) : 0.8980919464
79 : ([1], [2], [3, 5], [4, 6]) : 0.8944573365
80 : ([1, 2, 5], [3], [4, 6]) : 0.9001645239
81 : ([1, 3], [2, 5], [4, 6]) : 0.8960825677
82 : ([1], [2, 5], [3], [4, 6]) : 0.8943130195
83 : ([1, 5], [2, 3], [4, 6]) : 0.9202645247
84 : ([1, 5], [2], [3], [4, 6]) : 0.8923254680
85 : ([1, 2, 3], [4, 6], [5]) : 0.9246775980
86 : ([1], [2, 3], [4, 6], [5]) : 0.9200300259
87 : ([1, 3], [2], [4, 6], [5]) : 0.8942744042
88 : ([1, 2], [3], [4, 6], [5]) : 0.8960216372
89 : ([1], [2], [3], [4, 6], [5]) : 0.8918152768
90 : ([1, 2, 3, 6], [4, 5]) : 0.9342476764
91 : ([1, 2, 3, 6], [4], [5]) : 0.9211099509
92 : ([1, 4, 5], [2, 3, 6]) : 0.9312784150
93 : ([1], [2, 3, 6], [4, 5]) : 0.9284712683
94 : ([1, 5], [2, 3, 6], [4]) : 0.9151413014
95 : ([1, 4], [2, 3, 6], [5]) : 0.9182056966
96 : ([1], [2, 3, 6], [4], [5]) : 0.9149279512
97 : ([1, 3, 6], [2, 4, 5]) : 0.9098054790
98 : ([1, 3, 6], [2], [4, 5]) : 0.9054600545
99 : ([1, 3, 6], [2, 5], [4]) : 0.8936341927
100 : ([1, 3, 6], [2, 4], [5]) : 0.8939581342
101 : ([1, 3, 6], [2], [4], [5]) : 0.8919329427
102 : ([1, 2, 4, 5], [3, 6]) : 0.9154152543
103 : ([1], [2, 4, 5], [3, 6]) : 0.9057171223
104 : ([1, 4, 5], [2], [3, 6]) : 0.9050003021
105 : ([1, 2], [3, 6], [4, 5]) : 0.9016904744
106 : ([1], [2], [3, 6], [4, 5]) : 0.8983424024
107 : ([1, 2, 5], [3, 6], [4]) : 0.8946592493
108 : ([1, 4], [2, 5], [3, 6]) : 0.8927741657
109 : ([1], [2, 5], [3, 6], [4]) : 0.8885504529
110 : ([1, 5], [2, 4], [3, 6]) : 0.8900649357
111 : ([1, 5], [2], [3, 6], [4]) : 0.8861425440
112 : ([1, 2, 4], [3, 6], [5]) : 0.9000835056
113 : ([1], [2, 4], [3, 6], [5]) : 0.8893709905
114 : ([1, 4], [2], [3, 6], [5]) : 0.8899971496
115 : ([1, 2], [3, 6], [4], [5]) : 0.8901809160
116 : ([1], [2], [3, 6], [4], [5]) : 0.8856031358
117 : ([1, 2, 6], [3, 4, 5]) : 0.9065695644
118 : ([1, 2, 6], [3], [4, 5]) : 0.9040900491
119 : ([1, 2, 6], [3, 5], [4]) : 0.8933303019
120 : ([1, 2, 6], [3, 4], [5]) : 0.8933286565
121 : ([1, 2, 6], [3], [4], [5]) : 0.8914478430
122 : ([1, 3, 4, 5], [2, 6]) : 0.9115716022
123 : ([1], [2, 6], [3, 4, 5]) : 0.9035103778
124 : ([1, 4, 5], [2, 6], [3]) : 0.9071875772
125 : ([1, 3], [2, 6], [4, 5]) : 0.9034220883
126 : ([1], [2, 6], [3], [4, 5]) : 0.9005673863
127 : ([1, 3, 5], [2, 6], [4]) : 0.8921954200
128 : ([1, 4], [2, 6], [3, 5]) : 0.8938337610
129 : ([1], [2, 6], [3, 5], [4]) : 0.8892598001
130 : ([1, 5], [2, 6], [3, 4]) : 0.8898287269
131 : ([1, 5], [2, 6], [3], [4]) : 0.8876264361
132 : ([1, 3, 4], [2, 6], [5]) : 0.8948854679
133 : ([1], [2, 6], [3, 4], [5]) : 0.8892589062
134 : ([1, 4], [2, 6], [3], [5]) : 0.8912270316
135 : ([1, 3], [2, 6], [4], [5]) : 0.8898014502
136 : ([1], [2, 6], [3], [4], [5]) : 0.8871973089
137 : ([1, 6], [2, 3, 4, 5]) : 0.9335541168
138 : ([1, 6], [2], [3, 4, 5]) : 0.9031470922
139 : ([1, 6], [2, 4, 5], [3]) : 0.9062715348
140 : ([1, 6], [2, 3], [4, 5]) : 0.9277832382
141 : ([1, 6], [2], [3], [4, 5]) : 0.9000980654
142 : ([1, 6], [2, 3, 5], [4]) : 0.9180757170
143 : ([1, 6], [2, 4], [3, 5]) : 0.8929393077
144 : ([1, 6], [2], [3, 5], [4]) : 0.8895808368
145 : ([1, 6], [2, 5], [3, 4]) : 0.8912547155
146 : ([1, 6], [2, 5], [3], [4]) : 0.8895473028
147 : ([1, 6], [2, 3, 4], [5]) : 0.9171242475
148 : ([1, 6], [2], [3, 4], [5]) : 0.8887866391
149 : ([1, 6], [2, 4], [3], [5]) : 0.8902474753
150 : ([1, 6], [2, 3], [4], [5]) : 0.9142372662
151 : ([1, 6], [2], [3], [4], [5]) : 0.8870710359
152 : ([1, 2, 3, 4, 5], [6]) : 0.9393564069
153 : ([1], [2, 3, 4, 5], [6]) : 0.9330023049
154 : ([1, 3, 4, 5], [2], [6]) : 0.9094949858
155 : ([1, 2], [3, 4, 5], [6]) : 0.9030524492
156 : ([1], [2], [3, 4, 5], [6]) : 0.9008058926
157 : ([1, 2, 4, 5], [3], [6]) : 0.9148203111
158 : ([1, 3], [2, 4, 5], [6]) : 0.9061985926
159 : ([1], [2, 4, 5], [3], [6]) : 0.9047585245
160 : ([1, 4, 5], [2, 3], [6]) : 0.9298082946
161 : ([1, 4, 5], [2], [3], [6]) : 0.9044148446
162 : ([1, 2, 3], [4, 5], [6]) : 0.9315867241
163 : ([1], [2, 3], [4, 5], [6]) : 0.9267230804
164 : ([1, 3], [2], [4, 5], [6]) : 0.9010647871
165 : ([1, 2], [3], [4, 5], [6]) : 0.9004478736
166 : ([1], [2], [3], [4, 5], [6]) : 0.8976052614
167 : ([1, 2, 3, 5], [4], [6]) : 0.9229914451
168 : ([1, 4], [2, 3, 5], [6]) : 0.9207687986
169 : ([1], [2, 3, 5], [4], [6]) : 0.9172430361
170 : ([1, 3, 5], [2, 4], [6]) : 0.8935044542
171 : ([1, 3, 5], [2], [4], [6]) : 0.8908849924
172 : ([1, 2, 4], [3, 5], [6]) : 0.9004678613
173 : ([1], [2, 4], [3, 5], [6]) : 0.8910468705
174 : ([1, 4], [2], [3, 5], [6]) : 0.8918181337
175 : ([1, 2], [3, 5], [4], [6]) : 0.8908054799
176 : ([1], [2], [3, 5], [4], [6]) : 0.8871411443
177 : ([1, 2, 5], [3, 4], [6]) : 0.8954239537
178 : ([1, 2, 5], [3], [4], [6]) : 0.8938411516
179 : ([1, 3, 4], [2, 5], [6]) : 0.8950191881
180 : ([1], [2, 5], [3, 4], [6]) : 0.8896080524
181 : ([1, 4], [2, 5], [3], [6]) : 0.8916421879
182 : ([1, 3], [2, 5], [4], [6]) : 0.8899664262
183 : ([1], [2, 5], [3], [4], [6]) : 0.8876996457
184 : ([1, 5], [2, 3, 4], [6]) : 0.9172088097
185 : ([1, 5], [2], [3, 4], [6]) : 0.8876007910
186 : ([1, 5], [2, 4], [3], [6]) : 0.8894268975
187 : ([1, 5], [2, 3], [4], [6]) : 0.9137564928
188 : ([1, 5], [2], [3], [4], [6]) : 0.8855448100
189 : ([1, 2, 3, 4], [5], [6]) : 0.9250164942
190 : ([1], [2, 3, 4], [5], [6]) : 0.9166125800
191 : ([1, 3, 4], [2], [5], [6]) : 0.8930407358
192 : ([1, 2], [3, 4], [5], [6]) : 0.8906879022
193 : ([1], [2], [3, 4], [5], [6]) : 0.8868173599
194 : ([1, 2, 4], [3], [5], [6]) : 0.8985194933
195 : ([1, 3], [2, 4], [5], [6]) : 0.8905333625
196 : ([1], [2, 4], [3], [5], [6]) : 0.8886036336
197 : ([1, 4], [2, 3], [5], [6]) : 0.9166344918
198 : ([1, 4], [2], [3], [5], [6]) : 0.8889956685
199 : ([1, 2, 3], [4], [5], [6]) : 0.9186289305
200 : ([1], [2, 3], [4], [5], [6]) : 0.9134040478
201 : ([1, 3], [2], [4], [5], [6]) : 0.8880237024
202 : ([1, 2], [3], [4], [5], [6]) : 0.8889247327
203 : ([1], [2], [3], [4], [5], [6]) : 0.8848942842
