=== Bootstrap seed: 45 ===
1 : ([1, 2, 3, 4, 5, 6],) : 0.9617530295
2 : ([1], [2, 3, 4, 5, 6]) : 0.9569977668
3 : ([1, 3, 4, 5, 6], [2]) : 0.9290056328
4 : ([1, 2], [3, 4, 5, 6]) : 0.9211835170
5 : ([1], [2], [3, 4, 5, 6]) : 0.9208531111
6 : ([1, 2, 4, 5, 6], [3]) : 0.9289359001
7 : ([1, 3], [2, 4, 5, 6]) : 0.9232006003
8 : ([1], [2, 4, 5, 6], [3]) : 0.9226442349
9 : ([1, 4, 5, 6], [2, 3]) : 0.9546775141
10 : ([1, 4, 5, 6], [2], [3]) : 0.9223231324
11 : ([1, 2, 3], [4, 5, 6]) : 0.9539371712
12 : ([1], [2, 3], [4, 5, 6]) : 0.9525845304
13 : ([1, 3], [2], [4, 5, 6]) : 0.9177040229
14 : ([1, 2], [3], [4, 5, 6]) : 0.9176497872
15 : ([1], [2], [3], [4, 5, 6]) : 0.9172249674
16 : ([1, 2, 3, 5, 6], [4]) : 0.9383094114
17 : ([1, 4], [2, 3, 5, 6]) : 0.9339066892
18 : ([1], [2, 3, 5, 6], [4]) : 0.9337874266
19 : ([1, 3, 5, 6], [2, 4]) : 0.9070836363
20 : ([1, 3, 5, 6], [2], [4]) : 0.9044868673
21 : ([1, 2, 4], [3, 5, 6]) : 0.9037787210
22 : ([1], [2, 4], [3, 5, 6]) : 0.9015727986
23 : ([1, 4], [2], [3, 5, 6]) : 0.8992543986
24 : ([1, 2], [3, 5, 6], [4]) : 0.8990170342
25 : ([1], [2], [3, 5, 6], [4]) : 0.8982673477
26 : ([1, 2, 5, 6], [3, 4]) : 0.9033844109
27 : ([1, 2, 5, 6], [3], [4]) : 0.9033250396
28 : ([1, 3, 4], [2, 5, 6]) : 0.8999545391
29 : ([1], [2, 5, 6], [3, 4]) : 0.8983338591
30 : ([1, 4], [2, 5, 6], [3]) : 0.8988984165
31 : ([1, 3], [2, 5, 6], [4]) : 0.8989290554
32 : ([1], [2, 5, 6], [3], [4]) : 0.8982728584
33 : ([1, 5, 6], [2, 3, 4]) : 0.9302231216
34 : ([1, 5, 6], [2], [3, 4]) : 0.8978434118
35 : ([1, 5, 6], [2, 4], [3]) : 0.9006356322
36 : ([1, 5, 6], [2, 3], [4]) : 0.9288520514
37 : ([1, 5, 6], [2], [3], [4]) : 0.8976832103
38 : ([1, 2, 3, 4], [5, 6]) : 0.9323791316
39 : ([1], [2, 3, 4], [5, 6]) : 0.9303023390
40 : ([1, 3, 4], [2], [5, 6]) : 0.8961484497
41 : ([1, 2], [3, 4], [5, 6]) : 0.8946896489
42 : ([1], [2], [3, 4], [5, 6]) : 0.8940412509
43 : ([1, 2, 4], [3], [5, 6]) : 0.8996351396
44 : ([1, 3], [2, 4], [5, 6]) : 0.8985486236
45 : ([1], [2, 4], [3], [5, 6]) : 0.8975314566
46 : ([1, 4], [2, 3], [5, 6]) : 0.9287633645
47 : ([1, 4], [2], [3], [5, 6]) : 0.8951050472
48 : ([1, 2, 3], [4], [5, 6]) : 0.9307868760
49 : ([1], [2, 3], [4], [5, 6]) : 0.9286967955
50 : ([1, 3], [2], [4], [5, 6]) : 0.8947664307
51 : ([1, 2], [3], [4], [5, 6]) : 0.8947055507
52 : ([1], [2], [3], [4], [5, 6]) : 0.8940518997
53 : ([1, 2, 3, 4, 6], [5]) : 0.9406455193
54 : ([1, 5], [2, 3, 4, 6]) : 0.9366282530
55 : ([1], [2, 3, 4, 6], [5]) : 0.9363940624
56 : ([1, 3, 4, 6], [2, 5]) : 0.9108944360
57 : ([1, 3, 4, 6], [2], [5]) : 0.9100328727
58 : ([1, 2, 5], [3, 4, 6]) : 0.9095775317
59 : ([1], [2, 5], [3, 4, 6]) : 0.9060517279
60 : ([1, 5], [2], [3, 4, 6]) : 0.9059873940
61 : ([1, 2], [3, 4, 6], [5]) : 0.9071147863
62 : ([1], [2], [3, 4, 6], [5]) : 0.9049136330
63 : ([1, 2, 4, 6], [3, 5]) : 0.9107451210
64 : ([1, 2, 4, 6], [3], [5]) : 0.9101770334
65 : ([1, 3, 5], [2, 4, 6]) : 0.9083589013
66 : ([1], [2, 4, 6], [3, 5]) : 0.9056755309
67 : ([1, 5], [2, 4, 6], [3]) : 0.9058131238
68 : ([1, 3], [2, 4, 6], [5]) : 0.9057263671
69 : ([1], [2, 4, 6], [3], [5]) : 0.9049569453
70 : ([1, 4, 6], [2, 3, 5]) : 0.9331336386
71 : ([1, 4, 6], [2], [3, 5]) : 0.9039496755
72 : ([1, 4, 6], [2, 5], [3]) : 0.9045081674
73 : ([1, 4, 6], [2, 3], [5]) : 0.9313929068
74 : ([1, 4, 6], [2], [3], [5]) : 0.9032467283
75 : ([1, 2, 3, 5], [4, 6]) : 0.9374560903
76 : ([1], [2, 3, 5], [4, 6]) : 0.9330171466
77 : ([1, 3, 5], [2], [4, 6]) : 0.9031606165
78 : ([1, 2], [3, 5], [4, 6]) : 0.9040743521
79 : ([1], [2], [3, 5], [4, 6]) : 0.9015452802
80 : ([1, 2, 5], [3], [4, 6]) : 0.9058003518
81 : ([1, 3], [2, 5], [4, 6]) : 0.9023834803
82 : ([1], [2, 5], [3], [4, 6]) : 0.9021022399
83 : ([1, 5], [2, 3], [4, 6]) : 0.9322151868
84 : ([1, 5], [2], [3], [4, 6]) : 0.9016126638
85 : ([1, 2, 3], [4, 6], [5]) : 0.9352100132
86 : ([1], [2, 3], [4, 6], [5]) : 0.9314565641
87 : ([1, 3], [2], [4, 6], [5]) : 0.9011814385
88 : ([1, 2], [3], [4, 6], [5]) : 0.9034468795
89 : ([1], [2], [3], [4, 6], [5]) : 0.9007697888
90 : ([1, 2, 3, 6], [4, 5]) : 0.9418644563
91 : ([1, 2, 3, 6], [4], [5]) : 0.9314052491
92 : ([1, 4, 5], [2, 3, 6]) : 0.9395562040
93 : ([1], [2, 3, 6], [4, 5]) : 0.9376306419
94 : ([1, 5], [2, 3, 6], [4]) : 0.9257307806
95 : ([1, 4], [2, 3, 6], [5]) : 0.9254984281
96 : ([1], [2, 3, 6], [4], [5]) : 0.9254641317
97 : ([1, 3, 6], [2, 4, 5]) : 0.9098992043
98 : ([1, 3, 6], [2], [4, 5]) : 0.9054761959
99 : ([1, 3, 6], [2, 5], [4]) : 0.8978148287
100 : ([1, 3, 6], [2, 4], [5]) : 0.8998063482
101 : ([1, 3, 6], [2], [4], [5]) : 0.8969201574
102 : ([1, 2, 4, 5], [3, 6]) : 0.9128354287
103 : ([1], [2, 4, 5], [3, 6]) : 0.9069722602
104 : ([1, 4, 5], [2], [3, 6]) : 0.9061645208
105 : ([1, 2], [3, 6], [4, 5]) : 0.9016303055
106 : ([1], [2], [3, 6], [4, 5]) : 0.9010953926
107 : ([1, 2, 5], [3, 6], [4]) : 0.8978459398
108 : ([1, 4], [2, 5], [3, 6]) : 0.8947369298
109 : ([1], [2, 5], [3, 6], [4]) : 0.8942425460
110 : ([1, 5], [2, 4], [3, 6]) : 0.8978349572
111 : ([1, 5], [2], [3, 6], [4]) : 0.8945509702
112 : ([1, 2, 4], [3, 6], [5]) : 0.8989355227
113 : ([1], [2, 4], [3, 6], [5]) : 0.8961792086
114 : ([1, 4], [2], [3, 6], [5]) : 0.8934079310
115 : ([1, 2], [3, 6], [4], [5]) : 0.8946151755
116 : ([1], [2], [3, 6], [4], [5]) : 0.8928835594
117 : ([1, 2, 6], [3, 4, 5]) : 0.9042543175
118 : ([1, 2, 6], [3], [4, 5]) : 0.9031391300
119 : ([1, 2, 6], [3, 5], [4]) : 0.8957459076
120 : ([1, 2, 6], [3, 4], [5]) : 0.8954896884
121 : ([1, 2, 6], [3], [4], [5]) : 0.8954555948
122 : ([1, 3, 4, 5], [2, 6]) : 0.9086488269
123 : ([1], [2, 6], [3, 4, 5]) : 0.9007880023
124 : ([1, 4, 5], [2, 6], [3]) : 0.9053330090
125 : ([1, 3], [2, 6], [4, 5]) : 0.9006791439
126 : ([1], [2, 6], [3], [4, 5]) : 0.8996387227
127 : ([1, 3, 5], [2, 6], [4]) : 0.8943046411
128 : ([1, 4], [2, 6], [3, 5]) : 0.8918976580
129 : ([1], [2, 6], [3, 5], [4]) : 0.8912796774
130 : ([1, 5], [2, 6], [3, 4]) : 0.8929392656
131 : ([1, 5], [2, 6], [3], [4]) : 0.8927148009
132 : ([1, 3, 4], [2, 6], [5]) : 0.8923866397
133 : ([1], [2, 6], [3, 4], [5]) : 0.8908665336
134 : ([1, 4], [2, 6], [3], [5]) : 0.8914121412
135 : ([1, 3], [2, 6], [4], [5]) : 0.8916605083
136 : ([1], [2, 6], [3], [4], [5]) : 0.8908267850
137 : ([1, 6], [2, 3, 4, 5]) : 0.9394335280
138 : ([1, 6], [2], [3, 4, 5]) : 0.9007313133
139 : ([1, 6], [2, 4, 5], [3]) : 0.9050107846
140 : ([1, 6], [2, 3], [4, 5]) : 0.9352224316
141 : ([1, 6], [2], [3], [4, 5]) : 0.8994664765
142 : ([1, 6], [2, 3, 5], [4]) : 0.9238286823
143 : ([1, 6], [2, 4], [3, 5]) : 0.8939452349
144 : ([1, 6], [2], [3, 5], [4]) : 0.8907127477
145 : ([1, 6], [2, 5], [3, 4]) : 0.8917857177
146 : ([1, 6], [2, 5], [3], [4]) : 0.8917167921
147 : ([1, 6], [2, 3, 4], [5]) : 0.9240178896
148 : ([1, 6], [2], [3, 4], [5]) : 0.8903703040
149 : ([1, 6], [2, 4], [3], [5]) : 0.8934493922
150 : ([1, 6], [2, 3], [4], [5]) : 0.9220693716
151 : ([1, 6], [2], [3], [4], [5]) : 0.8902434791
152 : ([1, 2, 3, 4, 5], [6]) : 0.9440976816
153 : ([1], [2, 3, 4, 5], [6]) : 0.9394322607
154 : ([1, 3, 4, 5], [2], [6]) : 0.9064436863
155 : ([1, 2], [3, 4, 5], [6]) : 0.8992204243
156 : ([1], [2], [3, 4, 5], [6]) : 0.8990581462
157 : ([1, 2, 4, 5], [3], [6]) : 0.9100814878
158 : ([1, 3], [2, 4, 5], [6]) : 0.9051834775
159 : ([1], [2, 4, 5], [3], [6]) : 0.9040803744
160 : ([1, 4, 5], [2, 3], [6]) : 0.9372196807
161 : ([1, 4, 5], [2], [3], [6]) : 0.9031547937
162 : ([1, 2, 3], [4, 5], [6]) : 0.9374658708
163 : ([1], [2, 3], [4, 5], [6]) : 0.9352925490
164 : ([1, 3], [2], [4, 5], [6]) : 0.8989028580
165 : ([1, 2], [3], [4, 5], [6]) : 0.8981091303
166 : ([1], [2], [3], [4, 5], [6]) : 0.8978088825
167 : ([1, 2, 3, 5], [4], [6]) : 0.9279275508
168 : ([1, 4], [2, 3, 5], [6]) : 0.9240076432
169 : ([1], [2, 3, 5], [4], [6]) : 0.9236982779
170 : ([1, 3, 5], [2, 4], [6]) : 0.8961845406
171 : ([1, 3, 5], [2], [4], [6]) : 0.8920874617
172 : ([1, 2, 4], [3, 5], [6]) : 0.8954556413
173 : ([1], [2, 4], [3, 5], [6]) : 0.8926672559
174 : ([1, 4], [2], [3, 5], [6]) : 0.8900179945
175 : ([1, 2], [3, 5], [4], [6]) : 0.8907835821
176 : ([1], [2], [3, 5], [4], [6]) : 0.8892733680
177 : ([1, 2, 5], [3, 4], [6]) : 0.8942449939
178 : ([1, 2, 5], [3], [4], [6]) : 0.8940288279
179 : ([1, 3, 4], [2, 5], [6]) : 0.8919598355
180 : ([1], [2, 5], [3, 4], [6]) : 0.8903653379
181 : ([1, 4], [2, 5], [3], [6]) : 0.8910057734
182 : ([1, 3], [2, 5], [4], [6]) : 0.8908987730
183 : ([1], [2, 5], [3], [4], [6]) : 0.8903081065
184 : ([1, 5], [2, 3, 4], [6]) : 0.9241915798
185 : ([1, 5], [2], [3, 4], [6]) : 0.8908998937
186 : ([1, 5], [2, 4], [3], [6]) : 0.8939321709
187 : ([1, 5], [2, 3], [4], [6]) : 0.9225017695
188 : ([1, 5], [2], [3], [4], [6]) : 0.8906204508
189 : ([1, 2, 3, 4], [5], [6]) : 0.9275281560
190 : ([1], [2, 3, 4], [5], [6]) : 0.9239556396
191 : ([1, 3, 4], [2], [5], [6]) : 0.8904489895
192 : ([1, 2], [3, 4], [5], [6]) : 0.8903677481
193 : ([1], [2], [3, 4], [5], [6]) : 0.8887322630
194 : ([1, 2, 4], [3], [5], [6]) : 0.8949416670
195 : ([1, 3], [2, 4], [5], [6]) : 0.8932230643
196 : ([1], [2, 4], [3], [5], [6]) : 0.8920719902
197 : ([1, 4], [2, 3], [5], [6]) : 0.9221848088
198 : ([1, 4], [2], [3], [5], [6]) : 0.8893996955
199 : ([1, 2, 3], [4], [5], [6]) : 0.9257615595
200 : ([1], [2, 3], [4], [5], [6]) : 0.9220785025
201 : ([1, 3], [2], [4], [5], [6]) : 0.8894863345
202 : ([1, 2], [3], [4], [5], [6]) : 0.8903654371
203 : ([1], [2], [3], [4], [5], [6]) : 0.8886899685
