=== Bootstrap seed: 67 ===
1 : ([1, 2, 3, 4, 5, 6],) : 0.9693949386
2 : ([1], [2, 3, 4, 5, 6]) : 0.9624073111
3 : ([1, 3, 4, 5, 6], [2]) : 0.9314213974
4 : ([1, 2], [3, 4, 5, 6]) : 0.9263458915
5 : ([1], [2], [3, 4, 5, 6]) : 0.9244248874
6 : ([1, 2, 4, 5, 6], [3]) : 0.9319574134
7 : ([1, 3], [2, 4, 5, 6]) : 0.9250083475
8 : ([1], [2, 4, 5, 6], [3]) : 0.9250130885
9 : ([1, 4, 5, 6], [2, 3]) : 0.9608333243
10 : ([1, 4, 5, 6], [2], [3]) : 0.9250915547
11 : ([1, 2, 3], [4, 5, 6]) : 0.9622339468
12 : ([1], [2, 3], [4, 5, 6]) : 0.9592034895
13 : ([1, 3], [2], [4, 5, 6]) : 0.9218231639
14 : ([1, 2], [3], [4, 5, 6]) : 0.9238933627
15 : ([1], [2], [3], [4, 5, 6]) : 0.9218178648
16 : ([1, 2, 3, 5, 6], [4]) : 0.9445939670
17 : ([1, 4], [2, 3, 5, 6]) : 0.9400886339
18 : ([1], [2, 3, 5, 6], [4]) : 0.9396186268
19 : ([1, 3, 5, 6], [2, 4]) : 0.9046296017
20 : ([1, 3, 5, 6], [2], [4]) : 0.9037915164
21 : ([1, 2, 4], [3, 5, 6]) : 0.9077441649
22 : ([1], [2, 4], [3, 5, 6]) : 0.9011688984
23 : ([1, 4], [2], [3, 5, 6]) : 0.9036583486
24 : ([1, 2], [3, 5, 6], [4]) : 0.9027877517
25 : ([1], [2], [3, 5, 6], [4]) : 0.9002072320
26 : ([1, 2, 5, 6], [3, 4]) : 0.9053995755
27 : ([1, 2, 5, 6], [3], [4]) : 0.9040973518
28 : ([1, 3, 4], [2, 5, 6]) : 0.9064962569
29 : ([1], [2, 5, 6], [3, 4]) : 0.9022716331
30 : ([1, 4], [2, 5, 6], [3]) : 0.9040659774
31 : ([1, 3], [2, 5, 6], [4]) : 0.9009836699
32 : ([1], [2, 5, 6], [3], [4]) : 0.9006500772
33 : ([1, 5, 6], [2, 3, 4]) : 0.9394998260
34 : ([1, 5, 6], [2], [3, 4]) : 0.9008554257
35 : ([1, 5, 6], [2, 4], [3]) : 0.9002786564
36 : ([1, 5, 6], [2, 3], [4]) : 0.9381426817
37 : ([1, 5, 6], [2], [3], [4]) : 0.8993978466
38 : ([1, 2, 3, 4], [5, 6]) : 0.9436003556
39 : ([1], [2, 3, 4], [5, 6]) : 0.9391481299
40 : ([1, 3, 4], [2], [5, 6]) : 0.9041045160
41 : ([1, 2], [3, 4], [5, 6]) : 0.9023047443
42 : ([1], [2], [3, 4], [5, 6]) : 0.8999426478
43 : ([1, 2, 4], [3], [5, 6]) : 0.9059188079
44 : ([1, 3], [2, 4], [5, 6]) : 0.8996498293
45 : ([1], [2, 4], [3], [5, 6]) : 0.8993491369
46 : ([1, 4], [2, 3], [5, 6]) : 0.9383700115
47 : ([1, 4], [2], [3], [5, 6]) : 0.9016905443
48 : ([1, 2, 3], [4], [5, 6]) : 0.9413215027
49 : ([1], [2, 3], [4], [5, 6]) : 0.9375966377
50 : ([1, 3], [2], [4], [5, 6]) : 0.8986635536
51 : ([1, 2], [3], [4], [5, 6]) : 0.9010762740
52 : ([1], [2], [3], [4], [5, 6]) : 0.8984016963
53 : ([1, 2, 3, 4, 6], [5]) : 0.9484447645
54 : ([1, 5], [2, 3, 4, 6]) : 0.9452456745
55 : ([1], [2, 3, 4, 6], [5]) : 0.9450364005
56 : ([1, 3, 4, 6], [2, 5]) : 0.9146933680
57 : ([1, 3, 4, 6], [2], [5]) : 0.9145918668
58 : ([1, 2, 5], [3, 4, 6]) : 0.9105071892
59 : ([1], [2, 5], [3, 4, 6]) : 0.9080631756
60 : ([1, 5], [2], [3, 4, 6]) : 0.9080039914
61 : ([1, 2], [3, 4, 6], [5]) : 0.9098434852
62 : ([1], [2], [3, 4, 6], [5]) : 0.9078103554
63 : ([1, 2, 4, 6], [3, 5]) : 0.9157268926
64 : ([1, 2, 4, 6], [3], [5]) : 0.9150529864
65 : ([1, 3, 5], [2, 4, 6]) : 0.9090176924
66 : ([1], [2, 4, 6], [3, 5]) : 0.9087141094
67 : ([1, 5], [2, 4, 6], [3]) : 0.9086221106
68 : ([1, 3], [2, 4, 6], [5]) : 0.9082504229
69 : ([1], [2, 4, 6], [3], [5]) : 0.9083566853
70 : ([1, 4, 6], [2, 3, 5]) : 0.9423205901
71 : ([1, 4, 6], [2], [3, 5]) : 0.9076871272
72 : ([1, 4, 6], [2, 5], [3]) : 0.9075118741
73 : ([1, 4, 6], [2, 3], [5]) : 0.9405020316
74 : ([1, 4, 6], [2], [3], [5]) : 0.9071672597
75 : ([1, 2, 3, 5], [4, 6]) : 0.9461347421
76 : ([1], [2, 3, 5], [4, 6]) : 0.9419663657
77 : ([1, 3, 5], [2], [4, 6]) : 0.9052931047
78 : ([1, 2], [3, 5], [4, 6]) : 0.9072322486
79 : ([1], [2], [3, 5], [4, 6]) : 0.9046892231
80 : ([1, 2, 5], [3], [4, 6]) : 0.9076480466
81 : ([1, 3], [2, 5], [4, 6]) : 0.9047663346
82 : ([1], [2, 5], [3], [4, 6]) : 0.9047240051
83 : ([1, 5], [2, 3], [4, 6]) : 0.9403124937
84 : ([1, 5], [2], [3], [4, 6]) : 0.9045346213
85 : ([1, 2, 3], [4, 6], [5]) : 0.9435069694
86 : ([1], [2, 3], [4, 6], [5]) : 0.9401223144
87 : ([1, 3], [2], [4, 6], [5]) : 0.9043683153
88 : ([1, 2], [3], [4, 6], [5]) : 0.9068008040
89 : ([1], [2], [3], [4, 6], [5]) : 0.9043480935
90 : ([1, 2, 3, 6], [4, 5]) : 0.9441760682
91 : ([1, 2, 3, 6], [4], [5]) : 0.9339930120
92 : ([1, 4, 5], [2, 3, 6]) : 0.9404709142
93 : ([1], [2, 3, 6], [4, 5]) : 0.9396637059
94 : ([1, 5], [2, 3, 6], [4]) : 0.9301632433
95 : ([1, 4], [2, 3, 6], [5]) : 0.9308900907
96 : ([1], [2, 3, 6], [4], [5]) : 0.9299933975
97 : ([1, 3, 6], [2, 4, 5]) : 0.9054047991
98 : ([1, 3, 6], [2], [4, 5]) : 0.9045241391
99 : ([1, 3, 6], [2, 5], [4]) : 0.8954049302
100 : ([1, 3, 6], [2, 4], [5]) : 0.8961580500
101 : ([1, 3, 6], [2], [4], [5]) : 0.8951869087
102 : ([1, 2, 4, 5], [3, 6]) : 0.9098397768
103 : ([1], [2, 4, 5], [3, 6]) : 0.9027716050
104 : ([1, 4, 5], [2], [3, 6]) : 0.9055169222
105 : ([1, 2], [3, 6], [4, 5]) : 0.9039124835
106 : ([1], [2], [3, 6], [4, 5]) : 0.9015374557
107 : ([1, 2, 5], [3, 6], [4]) : 0.8968136587
108 : ([1, 4], [2, 5], [3, 6]) : 0.8966055875
109 : ([1], [2, 5], [3, 6], [4]) : 0.8930507094
110 : ([1, 5], [2, 4], [3, 6]) : 0.8942736248
111 : ([1, 5], [2], [3, 6], [4]) : 0.8931869214
112 : ([1, 2, 4], [3, 6], [5]) : 0.9009256124
113 : ([1], [2, 4], [3, 6], [5]) : 0.8937729499
114 : ([1, 4], [2], [3, 6], [5]) : 0.8963586571
115 : ([1, 2], [3, 6], [4], [5]) : 0.8955944768
116 : ([1], [2], [3, 6], [4], [5]) : 0.8927437543
117 : ([1, 2, 6], [3, 4, 5]) : 0.9066490698
118 : ([1, 2, 6], [3], [4, 5]) : 0.9031923942
119 : ([1, 2, 6], [3, 5], [4]) : 0.8966097842
120 : ([1, 2, 6], [3, 4], [5]) : 0.8972202912
121 : ([1, 2, 6], [3], [4], [5]) : 0.8953041868
122 : ([1, 3, 4, 5], [2, 6]) : 0.9093066741
123 : ([1], [2, 6], [3, 4, 5]) : 0.9039867053
124 : ([1, 4, 5], [2, 6], [3]) : 0.9043204842
125 : ([1, 3], [2, 6], [4, 5]) : 0.9006707981
126 : ([1], [2, 6], [3], [4, 5]) : 0.9003652780
127 : ([1, 3, 5], [2, 6], [4]) : 0.8945533041
128 : ([1, 4], [2, 6], [3, 5]) : 0.8965543817
129 : ([1], [2, 6], [3, 5], [4]) : 0.8934367946
130 : ([1, 5], [2, 6], [3, 4]) : 0.8950340587
131 : ([1, 5], [2, 6], [3], [4]) : 0.8928404874
132 : ([1, 3, 4], [2, 6], [5]) : 0.8984447771
133 : ([1], [2, 6], [3, 4], [5]) : 0.8944992911
134 : ([1, 4], [2, 6], [3], [5]) : 0.8955479232
135 : ([1, 3], [2, 6], [4], [5]) : 0.8923546956
136 : ([1], [2, 6], [3], [4], [5]) : 0.8922521716
137 : ([1, 6], [2, 3, 4, 5]) : 0.9437172861
138 : ([1, 6], [2], [3, 4, 5]) : 0.9040104854
139 : ([1, 6], [2, 4, 5], [3]) : 0.9014464239
140 : ([1, 6], [2, 3], [4, 5]) : 0.9389353325
141 : ([1, 6], [2], [3], [4, 5]) : 0.9004452223
142 : ([1, 6], [2, 3, 5], [4]) : 0.9322749187
143 : ([1, 6], [2, 4], [3, 5]) : 0.8937035623
144 : ([1, 6], [2], [3, 5], [4]) : 0.8928546803
145 : ([1, 6], [2, 5], [3, 4]) : 0.8941400282
146 : ([1, 6], [2, 5], [3], [4]) : 0.8920675546
147 : ([1, 6], [2, 3, 4], [5]) : 0.9314283907
148 : ([1, 6], [2], [3, 4], [5]) : 0.8938304843
149 : ([1, 6], [2, 4], [3], [5]) : 0.8925423441
150 : ([1, 6], [2, 3], [4], [5]) : 0.9292294195
151 : ([1, 6], [2], [3], [4], [5]) : 0.8916830295
152 : ([1, 2, 3, 4, 5], [6]) : 0.9492433253
153 : ([1], [2, 3, 4, 5], [6]) : 0.9434144412
154 : ([1, 3, 4, 5], [2], [6]) : 0.9084426018
155 : ([1, 2], [3, 4, 5], [6]) : 0.9052286415
156 : ([1], [2], [3, 4, 5], [6]) : 0.9030735670
157 : ([1, 2, 4, 5], [3], [6]) : 0.9080085785
158 : ([1, 3], [2, 4, 5], [6]) : 0.9009318150
159 : ([1], [2, 4, 5], [3], [6]) : 0.9007297655
160 : ([1, 4, 5], [2, 3], [6]) : 0.9390368067
161 : ([1, 4, 5], [2], [3], [6]) : 0.9031883182
162 : ([1, 2, 3], [4, 5], [6]) : 0.9425574068
163 : ([1], [2, 3], [4, 5], [6]) : 0.9384594940
164 : ([1, 3], [2], [4, 5], [6]) : 0.8997810831
165 : ([1, 2], [3], [4, 5], [6]) : 0.9019213408
166 : ([1], [2], [3], [4, 5], [6]) : 0.8995516952
167 : ([1, 2, 3, 5], [4], [6]) : 0.9371736294
168 : ([1, 4], [2, 3, 5], [6]) : 0.9328393387
169 : ([1], [2, 3, 5], [4], [6]) : 0.9322831536
170 : ([1, 3, 5], [2, 4], [6]) : 0.8943839317
171 : ([1, 3, 5], [2], [4], [6]) : 0.8935324339
172 : ([1, 2, 4], [3, 5], [6]) : 0.9004266630
173 : ([1], [2, 4], [3, 5], [6]) : 0.8933243594
174 : ([1, 4], [2], [3, 5], [6]) : 0.8955312879
175 : ([1, 2], [3, 5], [4], [6]) : 0.8954161597
176 : ([1], [2], [3, 5], [4], [6]) : 0.8923443251
177 : ([1, 2, 5], [3, 4], [6]) : 0.8973467950
178 : ([1, 2, 5], [3], [4], [6]) : 0.8956394658
179 : ([1, 3, 4], [2, 5], [6]) : 0.8976881737
180 : ([1], [2, 5], [3, 4], [6]) : 0.8936955901
181 : ([1, 4], [2, 5], [3], [6]) : 0.8948890633
182 : ([1, 3], [2, 5], [4], [6]) : 0.8916746709
183 : ([1], [2, 5], [3], [4], [6]) : 0.8915931884
184 : ([1, 5], [2, 3, 4], [6]) : 0.9315865116
185 : ([1, 5], [2], [3, 4], [6]) : 0.8938076410
186 : ([1, 5], [2, 4], [3], [6]) : 0.8927687422
187 : ([1, 5], [2, 3], [4], [6]) : 0.9293003699
188 : ([1, 5], [2], [3], [4], [6]) : 0.8916839913
189 : ([1, 2, 3, 4], [5], [6]) : 0.9363693476
190 : ([1], [2, 3, 4], [5], [6]) : 0.9314631489
191 : ([1, 3, 4], [2], [5], [6]) : 0.8973804296
192 : ([1, 2], [3, 4], [5], [6]) : 0.8959860079
193 : ([1], [2], [3, 4], [5], [6]) : 0.8933645975
194 : ([1, 2, 4], [3], [5], [6]) : 0.8993074560
195 : ([1, 3], [2, 4], [5], [6]) : 0.8922616934
196 : ([1], [2, 4], [3], [5], [6]) : 0.8921818981
197 : ([1, 4], [2, 3], [5], [6]) : 0.9299344965
198 : ([1, 4], [2], [3], [5], [6]) : 0.8944902663
199 : ([1, 2, 3], [4], [5], [6]) : 0.9332793394
200 : ([1], [2, 3], [4], [5], [6]) : 0.9291637001
201 : ([1, 3], [2], [4], [5], [6]) : 0.8912708400
202 : ([1, 2], [3], [4], [5], [6]) : 0.8941842772
203 : ([1], [2], [3], [4], [5], [6]) : 0.8911965009
