=== Bootstrap seed: 41 ===
1 : ([1, 2, 3, 4, 5, 6],) : 0.9631081426
2 : ([1], [2, 3, 4, 5, 6]) : 0.9590881105
3 : ([1, 3, 4, 5, 6], [2]) : 0.9304748522
4 : ([1, 2], [3, 4, 5, 6]) : 0.9266897279
5 : ([1], [2], [3, 4, 5, 6]) : 0.9267182160
6 : ([1, 2, 4, 5, 6], [3]) : 0.9280488916
7 : ([1, 3], [2, 4, 5, 6]) : 0.9265732923
8 : ([1], [2, 4, 5, 6], [3]) : 0.9258776016
9 : ([1, 4, 5, 6], [2, 3]) : 0.9585152986
10 : ([1, 4, 5, 6], [2], [3]) : 0.9249027915
11 : ([1, 2, 3], [4, 5, 6]) : 0.9584947494
12 : ([1], [2, 3], [4, 5, 6]) : 0.9569095668
13 : ([1, 3], [2], [4, 5, 6]) : 0.9244870471
14 : ([1, 2], [3], [4, 5, 6]) : 0.9239935906
15 : ([1], [2], [3], [4, 5, 6]) : 0.9239387951
16 : ([1, 2, 3, 5, 6], [4]) : 0.9383995990
17 : ([1, 4], [2, 3, 5, 6]) : 0.9356531952
18 : ([1], [2, 3, 5, 6], [4]) : 0.9351875294
19 : ([1, 3, 5, 6], [2, 4]) : 0.9091204941
20 : ([1, 3, 5, 6], [2], [4]) : 0.9086495293
21 : ([1, 2, 4], [3, 5, 6]) : 0.9060707402
22 : ([1], [2, 4], [3, 5, 6]) : 0.9058391177
23 : ([1, 4], [2], [3, 5, 6]) : 0.9055118050
24 : ([1, 2], [3, 5, 6], [4]) : 0.9057176162
25 : ([1], [2], [3, 5, 6], [4]) : 0.9054987975
26 : ([1, 2, 5, 6], [3, 4]) : 0.9081001282
27 : ([1, 2, 5, 6], [3], [4]) : 0.9071041148
28 : ([1, 3, 4], [2, 5, 6]) : 0.9065256325
29 : ([1], [2, 5, 6], [3, 4]) : 0.9057683832
30 : ([1, 4], [2, 5, 6], [3]) : 0.9047527368
31 : ([1, 3], [2, 5, 6], [4]) : 0.9050935928
32 : ([1], [2, 5, 6], [3], [4]) : 0.9046406017
33 : ([1, 5, 6], [2, 3, 4]) : 0.9354854044
34 : ([1, 5, 6], [2], [3, 4]) : 0.9062191452
35 : ([1, 5, 6], [2, 4], [3]) : 0.9056802186
36 : ([1, 5, 6], [2, 3], [4]) : 0.9338502698
37 : ([1, 5, 6], [2], [3], [4]) : 0.9052483837
38 : ([1, 2, 3, 4], [5, 6]) : 0.9379047436
39 : ([1], [2, 3, 4], [5, 6]) : 0.9351917764
40 : ([1, 3, 4], [2], [5, 6]) : 0.9061488005
41 : ([1, 2], [3, 4], [5, 6]) : 0.9057813767
42 : ([1], [2], [3, 4], [5, 6]) : 0.9054275572
43 : ([1, 2, 4], [3], [5, 6]) : 0.9048306302
44 : ([1, 3], [2, 4], [5, 6]) : 0.9050745826
45 : ([1], [2, 4], [3], [5, 6]) : 0.9045126949
46 : ([1, 4], [2, 3], [5, 6]) : 0.9343389694
47 : ([1, 4], [2], [3], [5, 6]) : 0.9042434399
48 : ([1, 2, 3], [4], [5, 6]) : 0.9360141439
49 : ([1], [2, 3], [4], [5, 6]) : 0.9335202221
50 : ([1, 3], [2], [4], [5, 6]) : 0.9046995278
51 : ([1, 2], [3], [4], [5, 6]) : 0.9044780546
52 : ([1], [2], [3], [4], [5, 6]) : 0.9041655818
53 : ([1, 2, 3, 4, 6], [5]) : 0.9395964841
54 : ([1, 5], [2, 3, 4, 6]) : 0.9350970735
55 : ([1], [2, 3, 4, 6], [5]) : 0.9347611223
56 : ([1, 3, 4, 6], [2, 5]) : 0.9086433638
57 : ([1, 3, 4, 6], [2], [5]) : 0.9078580863
58 : ([1, 2, 5], [3, 4, 6]) : 0.9068526278
59 : ([1], [2, 5], [3, 4, 6]) : 0.9039304224
60 : ([1, 5], [2], [3, 4, 6]) : 0.9040379629
61 : ([1, 2], [3, 4, 6], [5]) : 0.9045127716
62 : ([1], [2], [3, 4, 6], [5]) : 0.9036039753
63 : ([1, 2, 4, 6], [3, 5]) : 0.9065111014
64 : ([1, 2, 4, 6], [3], [5]) : 0.9059226285
65 : ([1, 3, 5], [2, 4, 6]) : 0.9069263821
66 : ([1], [2, 4, 6], [3, 5]) : 0.9039583879
67 : ([1, 5], [2, 4, 6], [3]) : 0.9038420266
68 : ([1, 3], [2, 4, 6], [5]) : 0.9050193535
69 : ([1], [2, 4, 6], [3], [5]) : 0.9032671604
70 : ([1, 4, 6], [2, 3, 5]) : 0.9343229181
71 : ([1, 4, 6], [2], [3, 5]) : 0.9039047706
72 : ([1, 4, 6], [2, 5], [3]) : 0.9034817285
73 : ([1, 4, 6], [2, 3], [5]) : 0.9334075183
74 : ([1, 4, 6], [2], [3], [5]) : 0.9029486495
75 : ([1, 2, 3, 5], [4, 6]) : 0.9372380609
76 : ([1], [2, 3, 5], [4, 6]) : 0.9335527724
77 : ([1, 3, 5], [2], [4, 6]) : 0.9057668961
78 : ([1, 2], [3, 5], [4, 6]) : 0.9038794195
79 : ([1], [2], [3, 5], [4, 6]) : 0.9029771792
80 : ([1, 2, 5], [3], [4, 6]) : 0.9056603780
81 : ([1, 3], [2, 5], [4, 6]) : 0.9046937921
82 : ([1], [2, 5], [3], [4, 6]) : 0.9025309708
83 : ([1, 5], [2, 3], [4, 6]) : 0.9331709283
84 : ([1, 5], [2], [3], [4, 6]) : 0.9026449263
85 : ([1, 2, 3], [4, 6], [5]) : 0.9360113687
86 : ([1], [2, 3], [4, 6], [5]) : 0.9326745321
87 : ([1, 3], [2], [4, 6], [5]) : 0.9039083409
88 : ([1, 2], [3], [4, 6], [5]) : 0.9031972301
89 : ([1], [2], [3], [4, 6], [5]) : 0.9021218299
90 : ([1, 2, 3, 6], [4, 5]) : 0.9427316062
91 : ([1, 2, 3, 6], [4], [5]) : 0.9280755591
92 : ([1, 4, 5], [2, 3, 6]) : 0.9413488202
93 : ([1], [2, 3, 6], [4, 5]) : 0.9399545378
94 : ([1, 5], [2, 3, 6], [4]) : 0.9245130746
95 : ([1, 4], [2, 3, 6], [5]) : 0.9245776887
96 : ([1], [2, 3, 6], [4], [5]) : 0.9239338151
97 : ([1, 3, 6], [2, 4, 5]) : 0.9073727037
98 : ([1, 3, 6], [2], [4, 5]) : 0.9062943484
99 : ([1, 3, 6], [2, 5], [4]) : 0.8958722341
100 : ([1, 3, 6], [2, 4], [5]) : 0.8959287578
101 : ([1, 3, 6], [2], [4], [5]) : 0.8956033109
102 : ([1, 2, 4, 5], [3, 6]) : 0.9073958918
103 : ([1], [2, 4, 5], [3, 6]) : 0.9052558857
104 : ([1, 4, 5], [2], [3, 6]) : 0.9049732284
105 : ([1, 2], [3, 6], [4, 5]) : 0.9045648835
106 : ([1], [2], [3, 6], [4, 5]) : 0.9044882261
107 : ([1, 2, 5], [3, 6], [4]) : 0.8959341155
108 : ([1, 4], [2, 5], [3, 6]) : 0.8931467386
109 : ([1], [2, 5], [3, 6], [4]) : 0.8931213496
110 : ([1, 5], [2, 4], [3, 6]) : 0.8941727509
111 : ([1, 5], [2], [3, 6], [4]) : 0.8936674862
112 : ([1, 2, 4], [3, 6], [5]) : 0.8940131296
113 : ([1], [2, 4], [3, 6], [5]) : 0.8932996098
114 : ([1, 4], [2], [3, 6], [5]) : 0.8929422735
115 : ([1, 2], [3, 6], [4], [5]) : 0.8935759383
116 : ([1], [2], [3, 6], [4], [5]) : 0.8929454900
117 : ([1, 2, 6], [3, 4, 5]) : 0.9078792130
118 : ([1, 2, 6], [3], [4, 5]) : 0.9055406914
119 : ([1, 2, 6], [3, 5], [4]) : 0.8956607637
120 : ([1, 2, 6], [3, 4], [5]) : 0.8968308519
121 : ([1, 2, 6], [3], [4], [5]) : 0.8952561753
122 : ([1, 3, 4, 5], [2, 6]) : 0.9080265116
123 : ([1], [2, 6], [3, 4, 5]) : 0.9064834600
124 : ([1, 4, 5], [2, 6], [3]) : 0.9044057567
125 : ([1, 3], [2, 6], [4, 5]) : 0.9041268621
126 : ([1], [2, 6], [3], [4, 5]) : 0.9039990539
127 : ([1, 3, 5], [2, 6], [4]) : 0.8950234727
128 : ([1, 4], [2, 6], [3, 5]) : 0.8932800176
129 : ([1], [2, 6], [3, 5], [4]) : 0.8931865732
130 : ([1, 5], [2, 6], [3, 4]) : 0.8947235413
131 : ([1, 5], [2, 6], [3], [4]) : 0.8932270404
132 : ([1, 3, 4], [2, 6], [5]) : 0.8951010568
133 : ([1], [2, 6], [3, 4], [5]) : 0.8942024045
134 : ([1, 4], [2, 6], [3], [5]) : 0.8926249054
135 : ([1, 3], [2, 6], [4], [5]) : 0.8932352136
136 : ([1], [2, 6], [3], [4], [5]) : 0.8925719293
137 : ([1, 6], [2, 3, 4, 5]) : 0.9400068382
138 : ([1, 6], [2], [3, 4, 5]) : 0.9065363929
139 : ([1, 6], [2, 4, 5], [3]) : 0.9051354481
140 : ([1, 6], [2, 3], [4, 5]) : 0.9390915651
141 : ([1, 6], [2], [3], [4, 5]) : 0.9041387557
142 : ([1, 6], [2, 3, 5], [4]) : 0.9236451968
143 : ([1, 6], [2, 4], [3, 5]) : 0.8940109405
144 : ([1, 6], [2], [3, 5], [4]) : 0.8936701649
145 : ([1, 6], [2, 5], [3, 4]) : 0.8946471307
146 : ([1, 6], [2, 5], [3], [4]) : 0.8932826229
147 : ([1, 6], [2, 3, 4], [5]) : 0.9246371839
148 : ([1, 6], [2], [3, 4], [5]) : 0.8944584820
149 : ([1, 6], [2, 4], [3], [5]) : 0.8934136091
150 : ([1, 6], [2, 3], [4], [5]) : 0.9226784823
151 : ([1, 6], [2], [3], [4], [5]) : 0.8930777209
152 : ([1, 2, 3, 4, 5], [6]) : 0.9432409771
153 : ([1], [2, 3, 4, 5], [6]) : 0.9397394226
154 : ([1, 3, 4, 5], [2], [6]) : 0.9079218337
155 : ([1, 2], [3, 4, 5], [6]) : 0.9064194736
156 : ([1], [2], [3, 4, 5], [6]) : 0.9061762542
157 : ([1, 2, 4, 5], [3], [6]) : 0.9070587215
158 : ([1, 3], [2, 4, 5], [6]) : 0.9051475143
159 : ([1], [2, 4, 5], [3], [6]) : 0.9046107192
160 : ([1, 4, 5], [2, 3], [6]) : 0.9400831771
161 : ([1, 4, 5], [2], [3], [6]) : 0.9042053686
162 : ([1, 2, 3], [4, 5], [6]) : 0.9404695211
163 : ([1], [2, 3], [4, 5], [6]) : 0.9388017445
164 : ([1, 3], [2], [4, 5], [6]) : 0.9039671110
165 : ([1, 2], [3], [4, 5], [6]) : 0.9040007790
166 : ([1], [2], [3], [4, 5], [6]) : 0.9037107306
167 : ([1, 2, 3, 5], [4], [6]) : 0.9270013934
168 : ([1, 4], [2, 3, 5], [6]) : 0.9244007357
169 : ([1], [2, 3, 5], [4], [6]) : 0.9236753828
170 : ([1, 3, 5], [2, 4], [6]) : 0.8955663988
171 : ([1, 3, 5], [2], [4], [6]) : 0.8949434239
172 : ([1, 2, 4], [3, 5], [6]) : 0.8941536350
173 : ([1], [2, 4], [3, 5], [6]) : 0.8932262668
174 : ([1, 4], [2], [3, 5], [6]) : 0.8930054347
175 : ([1, 2], [3, 5], [4], [6]) : 0.8936249524
176 : ([1], [2], [3, 5], [4], [6]) : 0.8928674279
177 : ([1, 2, 5], [3, 4], [6]) : 0.8971936665
178 : ([1, 2, 5], [3], [4], [6]) : 0.8956236141
179 : ([1, 3, 4], [2, 5], [6]) : 0.8952536838
180 : ([1], [2, 5], [3, 4], [6]) : 0.8939993723
181 : ([1, 4], [2, 5], [3], [6]) : 0.8925439802
182 : ([1, 3], [2, 5], [4], [6]) : 0.8933728466
183 : ([1], [2, 5], [3], [4], [6]) : 0.8924244348
184 : ([1, 5], [2, 3, 4], [6]) : 0.9249664564
185 : ([1, 5], [2], [3, 4], [6]) : 0.8944343052
186 : ([1, 5], [2, 4], [3], [6]) : 0.8935128817
187 : ([1, 5], [2, 3], [4], [6]) : 0.9230417241
188 : ([1, 5], [2], [3], [4], [6]) : 0.8929848823
189 : ([1, 2, 3, 4], [5], [6]) : 0.9282374710
190 : ([1], [2, 3, 4], [5], [6]) : 0.9246356935
191 : ([1, 3, 4], [2], [5], [6]) : 0.8949246911
192 : ([1, 2], [3, 4], [5], [6]) : 0.8948339412
193 : ([1], [2], [3, 4], [5], [6]) : 0.8938429854
194 : ([1, 2, 4], [3], [5], [6]) : 0.8936097813
195 : ([1, 3], [2, 4], [5], [6]) : 0.8935230081
196 : ([1], [2, 4], [3], [5], [6]) : 0.8926340354
197 : ([1, 4], [2, 3], [5], [6]) : 0.9234876523
198 : ([1, 4], [2], [3], [5], [6]) : 0.8923390326
199 : ([1, 2, 3], [4], [5], [6]) : 0.9256905009
200 : ([1], [2, 3], [4], [5], [6]) : 0.9226429826
201 : ([1, 3], [2], [4], [5], [6]) : 0.8930905548
202 : ([1, 2], [3], [4], [5], [6]) : 0.8931448725
203 : ([1], [2], [3], [4], [5], [6]) : 0.8922577458
