=== Bootstrap seed: 14 ===
1 : ([1, 2, 3, 4, 5, 6],) : 0.9614937645
2 : ([1], [2, 3, 4, 5, 6]) : 0.9564653866
3 : ([1, 3, 4, 5, 6], [2]) : 0.9283657050
4 : ([1, 2], [3, 4, 5, 6]) : 0.9232334970
5 : ([1], [2], [3, 4, 5, 6]) : 0.9212940312
6 : ([1, 2, 4, 5, 6], [3]) : 0.9305377341
7 : ([1, 3], [2, 4, 5, 6]) : 0.9215806424
8 : ([1], [2, 4, 5, 6], [3]) : 0.9205981190
9 : ([1, 4, 5, 6], [2, 3]) : 0.9558480573
10 : ([1, 4, 5, 6], [2], [3]) : 0.9221824733
11 : ([1, 2, 3], [4, 5, 6]) : 0.9568273519
12 : ([1], [2, 3], [4, 5, 6]) : 0.9545499164
13 : ([1, 3], [2], [4, 5, 6]) : 0.9199042040
14 : ([1, 2], [3], [4, 5, 6]) : 0.9202316973
15 : ([1], [2], [3], [4, 5, 6]) : 0.9179762675
16 : ([1, 2, 3, 5, 6], [4]) : 0.9380130442
17 : ([1, 4], [2, 3, 5, 6]) : 0.9313984613
18 : ([1], [2, 3, 5, 6], [4]) : 0.9307513165
19 : ([1, 3, 5, 6], [2, 4]) : 0.9020305369
20 : ([1, 3, 5, 6], [2], [4]) : 0.9004738343
21 : ([1, 2, 4], [3, 5, 6]) : 0.9046646442
22 : ([1], [2, 4], [3, 5, 6]) : 0.8968545696
23 : ([1, 4], [2], [3, 5, 6]) : 0.8965726995
24 : ([1, 2], [3, 5, 6], [4]) : 0.8981758288
25 : ([1], [2], [3, 5, 6], [4]) : 0.8940729696
26 : ([1, 2, 5, 6], [3, 4]) : 0.9031878917
27 : ([1, 2, 5, 6], [3], [4]) : 0.9031136981
28 : ([1, 3, 4], [2, 5, 6]) : 0.8995175607
29 : ([1], [2, 5, 6], [3, 4]) : 0.8949194468
30 : ([1, 4], [2, 5, 6], [3]) : 0.8977874055
31 : ([1, 3], [2, 5, 6], [4]) : 0.8974865778
32 : ([1], [2, 5, 6], [3], [4]) : 0.8947629009
33 : ([1, 5, 6], [2, 3, 4]) : 0.9312762292
34 : ([1, 5, 6], [2], [3, 4]) : 0.8946877129
35 : ([1, 5, 6], [2, 4], [3]) : 0.8971907023
36 : ([1, 5, 6], [2, 3], [4]) : 0.9279726533
37 : ([1, 5, 6], [2], [3], [4]) : 0.8943713205
38 : ([1, 2, 3, 4], [5, 6]) : 0.9349915730
39 : ([1], [2, 3, 4], [5, 6]) : 0.9309250175
40 : ([1, 3, 4], [2], [5, 6]) : 0.8968908403
41 : ([1, 2], [3, 4], [5, 6]) : 0.8964757954
42 : ([1], [2], [3, 4], [5, 6]) : 0.8924129612
43 : ([1, 2, 4], [3], [5, 6]) : 0.9027862860
44 : ([1, 3], [2, 4], [5, 6]) : 0.8967204382
45 : ([1], [2, 4], [3], [5, 6]) : 0.8948063267
46 : ([1, 4], [2, 3], [5, 6]) : 0.9277284758
47 : ([1, 4], [2], [3], [5, 6]) : 0.8944620161
48 : ([1, 2, 3], [4], [5, 6]) : 0.9320134392
49 : ([1], [2, 3], [4], [5, 6]) : 0.9273344216
50 : ([1, 3], [2], [4], [5, 6]) : 0.8948998466
51 : ([1, 2], [3], [4], [5, 6]) : 0.8960363478
52 : ([1], [2], [3], [4], [5, 6]) : 0.8919669838
53 : ([1, 2, 3, 4, 6], [5]) : 0.9434363770
54 : ([1, 5], [2, 3, 4, 6]) : 0.9354585679
55 : ([1], [2, 3, 4, 6], [5]) : 0.9353609451
56 : ([1, 3, 4, 6], [2, 5]) : 0.9048385601
57 : ([1, 3, 4, 6], [2], [5]) : 0.9043129748
58 : ([1, 2, 5], [3, 4, 6]) : 0.9065653022
59 : ([1], [2, 5], [3, 4, 6]) : 0.8987650321
60 : ([1, 5], [2], [3, 4, 6]) : 0.8986762565
61 : ([1, 2], [3, 4, 6], [5]) : 0.9038095636
62 : ([1], [2], [3, 4, 6], [5]) : 0.8974554325
63 : ([1, 2, 4, 6], [3, 5]) : 0.9136380344
64 : ([1, 2, 4, 6], [3], [5]) : 0.9119661147
65 : ([1, 3, 5], [2, 4, 6]) : 0.9046736173
66 : ([1], [2, 4, 6], [3, 5]) : 0.9024516612
67 : ([1, 5], [2, 4, 6], [3]) : 0.9010031970
68 : ([1, 3], [2, 4, 6], [5]) : 0.9005070326
69 : ([1], [2, 4, 6], [3], [5]) : 0.8998052982
70 : ([1, 4, 6], [2, 3, 5]) : 0.9329127865
71 : ([1, 4, 6], [2], [3, 5]) : 0.9004718784
72 : ([1, 4, 6], [2, 5], [3]) : 0.8998079531
73 : ([1, 4, 6], [2, 3], [5]) : 0.9313544629
74 : ([1, 4, 6], [2], [3], [5]) : 0.8985857352
75 : ([1, 2, 3, 5], [4, 6]) : 0.9394945638
76 : ([1], [2, 3, 5], [4, 6]) : 0.9323277727
77 : ([1, 3, 5], [2], [4, 6]) : 0.9002424297
78 : ([1, 2], [3, 5], [4, 6]) : 0.9029132750
79 : ([1], [2], [3, 5], [4, 6]) : 0.8966890390
80 : ([1, 2, 5], [3], [4, 6]) : 0.9041313115
81 : ([1, 3], [2, 5], [4, 6]) : 0.8974534554
82 : ([1], [2, 5], [3], [4, 6]) : 0.8961421239
83 : ([1, 5], [2, 3], [4, 6]) : 0.9304304147
84 : ([1, 5], [2], [3], [4, 6]) : 0.8958389861
85 : ([1, 2, 3], [4, 6], [5]) : 0.9374760875
86 : ([1], [2, 3], [4, 6], [5]) : 0.9303600508
87 : ([1, 3], [2], [4, 6], [5]) : 0.8960047298
88 : ([1, 2], [3], [4, 6], [5]) : 0.9010560887
89 : ([1], [2], [3], [4, 6], [5]) : 0.8944816437
90 : ([1, 2, 3, 6], [4, 5]) : 0.9401710422
91 : ([1, 2, 3, 6], [4], [5]) : 0.9303648089
92 : ([1, 4, 5], [2, 3, 6]) : 0.9340229399
93 : ([1], [2, 3, 6], [4, 5]) : 0.9334319948
94 : ([1, 5], [2, 3, 6], [4]) : 0.9202952453
95 : ([1, 4], [2, 3, 6], [5]) : 0.9206677957
96 : ([1], [2, 3, 6], [4], [5]) : 0.9201916332
97 : ([1, 3, 6], [2, 4, 5]) : 0.9035753207
98 : ([1, 3, 6], [2], [4, 5]) : 0.9019608477
99 : ([1, 3, 6], [2, 5], [4]) : 0.8905696237
100 : ([1, 3, 6], [2, 4], [5]) : 0.8913699325
101 : ([1, 3, 6], [2], [4], [5]) : 0.8891350019
102 : ([1, 2, 4, 5], [3, 6]) : 0.9065382401
103 : ([1], [2, 4, 5], [3, 6]) : 0.8987222895
104 : ([1, 4, 5], [2], [3, 6]) : 0.8997307217
105 : ([1, 2], [3, 6], [4, 5]) : 0.8978610775
106 : ([1], [2], [3, 6], [4, 5]) : 0.8954565059
107 : ([1, 2, 5], [3, 6], [4]) : 0.8924999513
108 : ([1, 4], [2, 5], [3, 6]) : 0.8872948223
109 : ([1], [2, 5], [3, 6], [4]) : 0.8847278675
110 : ([1, 5], [2, 4], [3, 6]) : 0.8879311457
111 : ([1, 5], [2], [3, 6], [4]) : 0.8850058352
112 : ([1, 2, 4], [3, 6], [5]) : 0.8953901633
113 : ([1], [2, 4], [3, 6], [5]) : 0.8861256562
114 : ([1, 4], [2], [3, 6], [5]) : 0.8853982877
115 : ([1, 2], [3, 6], [4], [5]) : 0.8886340968
116 : ([1], [2], [3, 6], [4], [5]) : 0.8828473542
117 : ([1, 2, 6], [3, 4, 5]) : 0.9027317000
118 : ([1, 2, 6], [3], [4, 5]) : 0.8999392767
119 : ([1, 2, 6], [3, 5], [4]) : 0.8933143885
120 : ([1, 2, 6], [3, 4], [5]) : 0.8915453983
121 : ([1, 2, 6], [3], [4], [5]) : 0.8911197939
122 : ([1, 3, 4, 5], [2, 6]) : 0.9050808040
123 : ([1], [2, 6], [3, 4, 5]) : 0.8983507115
124 : ([1, 4, 5], [2, 6], [3]) : 0.9006866695
125 : ([1, 3], [2, 6], [4, 5]) : 0.8988880354
126 : ([1], [2, 6], [3], [4, 5]) : 0.8962228914
127 : ([1, 3, 5], [2, 6], [4]) : 0.8901563211
128 : ([1, 4], [2, 6], [3, 5]) : 0.8887762889
129 : ([1], [2, 6], [3, 5], [4]) : 0.8861202277
130 : ([1, 5], [2, 6], [3, 4]) : 0.8860476323
131 : ([1, 5], [2, 6], [3], [4]) : 0.8856686004
132 : ([1, 3, 4], [2, 6], [5]) : 0.8885608355
133 : ([1], [2, 6], [3, 4], [5]) : 0.8842853243
134 : ([1, 4], [2, 6], [3], [5]) : 0.8863784002
135 : ([1, 3], [2, 6], [4], [5]) : 0.8862470666
136 : ([1], [2, 6], [3], [4], [5]) : 0.8837677371
137 : ([1, 6], [2, 3, 4, 5]) : 0.9344146304
138 : ([1, 6], [2], [3, 4, 5]) : 0.8979761738
139 : ([1, 6], [2, 4, 5], [3]) : 0.8988577773
140 : ([1, 6], [2, 3], [4, 5]) : 0.9310222812
141 : ([1, 6], [2], [3], [4, 5]) : 0.8956986395
142 : ([1, 6], [2, 3, 5], [4]) : 0.9200342186
143 : ([1, 6], [2, 4], [3, 5]) : 0.8890499284
144 : ([1, 6], [2], [3, 5], [4]) : 0.8854540627
145 : ([1, 6], [2, 5], [3, 4]) : 0.8854933553
146 : ([1, 6], [2, 5], [3], [4]) : 0.8851113315
147 : ([1, 6], [2, 3, 4], [5]) : 0.9219678512
148 : ([1, 6], [2], [3, 4], [5]) : 0.8839389009
149 : ([1, 6], [2, 4], [3], [5]) : 0.8869001543
150 : ([1, 6], [2, 3], [4], [5]) : 0.9178212737
151 : ([1, 6], [2], [3], [4], [5]) : 0.8832551414
152 : ([1, 2, 3, 4, 5], [6]) : 0.9398662792
153 : ([1], [2, 3, 4, 5], [6]) : 0.9344926310
154 : ([1, 3, 4, 5], [2], [6]) : 0.9035503631
155 : ([1, 2], [3, 4, 5], [6]) : 0.8991425904
156 : ([1], [2], [3, 4, 5], [6]) : 0.8966642049
157 : ([1, 2, 4, 5], [3], [6]) : 0.9060069275
158 : ([1, 3], [2, 4, 5], [6]) : 0.8998193489
159 : ([1], [2, 4, 5], [3], [6]) : 0.8978771409
160 : ([1, 4, 5], [2, 3], [6]) : 0.9314548054
161 : ([1, 4, 5], [2], [3], [6]) : 0.8987668843
162 : ([1, 2, 3], [4, 5], [6]) : 0.9352842601
163 : ([1], [2, 3], [4, 5], [6]) : 0.9309443441
164 : ([1, 3], [2], [4, 5], [6]) : 0.8975071993
165 : ([1, 2], [3], [4, 5], [6]) : 0.8969781634
166 : ([1], [2], [3], [4, 5], [6]) : 0.8946104906
167 : ([1, 2, 3, 5], [4], [6]) : 0.9267595415
168 : ([1, 4], [2, 3, 5], [6]) : 0.9200501755
169 : ([1], [2, 3, 5], [4], [6]) : 0.9197592610
170 : ([1, 3, 5], [2, 4], [6]) : 0.8907693781
171 : ([1, 3, 5], [2], [4], [6]) : 0.8884591359
172 : ([1, 2, 4], [3, 5], [6]) : 0.8960287942
173 : ([1], [2, 4], [3, 5], [6]) : 0.8874822503
174 : ([1, 4], [2], [3, 5], [6]) : 0.8864231405
175 : ([1, 2], [3, 5], [4], [6]) : 0.8892802187
176 : ([1], [2], [3, 5], [4], [6]) : 0.8839749816
177 : ([1, 2, 5], [3, 4], [6]) : 0.8916528735
178 : ([1, 2, 5], [3], [4], [6]) : 0.8913758472
179 : ([1, 3, 4], [2, 5], [6]) : 0.8884460621
180 : ([1], [2, 5], [3, 4], [6]) : 0.8841855223
181 : ([1, 4], [2, 5], [3], [6]) : 0.8861419610
182 : ([1, 3], [2, 5], [4], [6]) : 0.8863431575
183 : ([1], [2, 5], [3], [4], [6]) : 0.8836999026
184 : ([1, 5], [2, 3, 4], [6]) : 0.9218225733
185 : ([1, 5], [2], [3, 4], [6]) : 0.8843177025
186 : ([1, 5], [2, 4], [3], [6]) : 0.8868347498
187 : ([1, 5], [2, 3], [4], [6]) : 0.9174707779
188 : ([1, 5], [2], [3], [4], [6]) : 0.8837041036
189 : ([1, 2, 3, 4], [5], [6]) : 0.9278703194
190 : ([1], [2, 3, 4], [5], [6]) : 0.9217637453
191 : ([1, 3, 4], [2], [5], [6]) : 0.8868216418
192 : ([1, 2], [3, 4], [5], [6]) : 0.8879847175
193 : ([1], [2], [3, 4], [5], [6]) : 0.8824364175
194 : ([1, 2, 4], [3], [5], [6]) : 0.8941985309
195 : ([1, 3], [2, 4], [5], [6]) : 0.8869430062
196 : ([1], [2, 4], [3], [5], [6]) : 0.8851178030
197 : ([1, 4], [2, 3], [5], [6]) : 0.9176000826
198 : ([1, 4], [2], [3], [5], [6]) : 0.8840388806
199 : ([1, 2, 3], [4], [5], [6]) : 0.9246008730
200 : ([1], [2, 3], [4], [5], [6]) : 0.9173664746
201 : ([1, 3], [2], [4], [5], [6]) : 0.8844313114
202 : ([1, 2], [3], [4], [5], [6]) : 0.8872839991
203 : ([1], [2], [3], [4], [5], [6]) : 0.8816365450
