=== Bootstrap seed: 46 ===
1 : ([1, 2, 3, 4, 5, 6],) : 0.9599966354
2 : ([1], [2, 3, 4, 5, 6]) : 0.9571119488
3 : ([1, 3, 4, 5, 6], [2]) : 0.9248408265
4 : ([1, 2], [3, 4, 5, 6]) : 0.9212454310
5 : ([1], [2], [3, 4, 5, 6]) : 0.9202117322
6 : ([1, 2, 4, 5, 6], [3]) : 0.9309710519
7 : ([1, 3], [2, 4, 5, 6]) : 0.9274054560
8 : ([1], [2, 4, 5, 6], [3]) : 0.9262919765
9 : ([1, 4, 5, 6], [2, 3]) : 0.9532745940
10 : ([1, 4, 5, 6], [2], [3]) : 0.9207916867
11 : ([1, 2, 3], [4, 5, 6]) : 0.9545696380
12 : ([1], [2, 3], [4, 5, 6]) : 0.9526031803
13 : ([1, 3], [2], [4, 5, 6]) : 0.9187835100
14 : ([1, 2], [3], [4, 5, 6]) : 0.9188145339
15 : ([1], [2], [3], [4, 5, 6]) : 0.9181262028
16 : ([1, 2, 3, 5, 6], [4]) : 0.9413718533
17 : ([1, 4], [2, 3, 5, 6]) : 0.9344055495
18 : ([1], [2, 3, 5, 6], [4]) : 0.9340345797
19 : ([1, 3, 5, 6], [2, 4]) : 0.9107188981
20 : ([1, 3, 5, 6], [2], [4]) : 0.9055494064
21 : ([1, 2, 4], [3, 5, 6]) : 0.9109469376
22 : ([1], [2, 4], [3, 5, 6]) : 0.9064965539
23 : ([1, 4], [2], [3, 5, 6]) : 0.9021765513
24 : ([1, 2], [3, 5, 6], [4]) : 0.9040370944
25 : ([1], [2], [3, 5, 6], [4]) : 0.9011616708
26 : ([1, 2, 5, 6], [3, 4]) : 0.9115518657
27 : ([1, 2, 5, 6], [3], [4]) : 0.9096816881
28 : ([1, 3, 4], [2, 5, 6]) : 0.9066118186
29 : ([1], [2, 5, 6], [3, 4]) : 0.9051965018
30 : ([1, 4], [2, 5, 6], [3]) : 0.9036678361
31 : ([1, 3], [2, 5, 6], [4]) : 0.9036069663
32 : ([1], [2, 5, 6], [3], [4]) : 0.9029225042
33 : ([1, 5, 6], [2, 3, 4]) : 0.9372378587
34 : ([1, 5, 6], [2], [3, 4]) : 0.9047396415
35 : ([1, 5, 6], [2, 4], [3]) : 0.9077026414
36 : ([1, 5, 6], [2, 3], [4]) : 0.9317902828
37 : ([1, 5, 6], [2], [3], [4]) : 0.9023228386
38 : ([1, 2, 3, 4], [5, 6]) : 0.9419573997
39 : ([1], [2, 3, 4], [5, 6]) : 0.9367020423
40 : ([1, 3, 4], [2], [5, 6]) : 0.9037557046
41 : ([1, 2], [3, 4], [5, 6]) : 0.9046338327
42 : ([1], [2], [3, 4], [5, 6]) : 0.9021430345
43 : ([1, 2, 4], [3], [5, 6]) : 0.9098023602
44 : ([1, 3], [2, 4], [5, 6]) : 0.9056500075
45 : ([1], [2, 4], [3], [5, 6]) : 0.9052576689
46 : ([1, 4], [2, 3], [5, 6]) : 0.9317112355
47 : ([1, 4], [2], [3], [5, 6]) : 0.9010391466
48 : ([1, 2, 3], [4], [5, 6]) : 0.9362216622
49 : ([1], [2, 3], [4], [5, 6]) : 0.9313944451
50 : ([1, 3], [2], [4], [5, 6]) : 0.9003828364
51 : ([1, 2], [3], [4], [5, 6]) : 0.9025547912
52 : ([1], [2], [3], [4], [5, 6]) : 0.8998431006
53 : ([1, 2, 3, 4, 6], [5]) : 0.9498141784
54 : ([1, 5], [2, 3, 4, 6]) : 0.9433220624
55 : ([1], [2, 3, 4, 6], [5]) : 0.9429488193
56 : ([1, 3, 4, 6], [2, 5]) : 0.9144710139
57 : ([1, 3, 4, 6], [2], [5]) : 0.9116968101
58 : ([1, 2, 5], [3, 4, 6]) : 0.9132202042
59 : ([1], [2, 5], [3, 4, 6]) : 0.9094582590
60 : ([1, 5], [2], [3, 4, 6]) : 0.9076174998
61 : ([1, 2], [3, 4, 6], [5]) : 0.9088114179
62 : ([1], [2], [3, 4, 6], [5]) : 0.9063523424
63 : ([1, 2, 4, 6], [3, 5]) : 0.9154417182
64 : ([1, 2, 4, 6], [3], [5]) : 0.9152637940
65 : ([1, 3, 5], [2, 4, 6]) : 0.9120765098
66 : ([1], [2, 4, 6], [3, 5]) : 0.9103068056
67 : ([1, 5], [2, 4, 6], [3]) : 0.9109521606
68 : ([1, 3], [2, 4, 6], [5]) : 0.9109297919
69 : ([1], [2, 4, 6], [3], [5]) : 0.9100071905
70 : ([1, 4, 6], [2, 3, 5]) : 0.9354119026
71 : ([1, 4, 6], [2], [3, 5]) : 0.9045741602
72 : ([1, 4, 6], [2, 5], [3]) : 0.9072203993
73 : ([1, 4, 6], [2, 3], [5]) : 0.9338414714
74 : ([1, 4, 6], [2], [3], [5]) : 0.9043044660
75 : ([1, 2, 3, 5], [4, 6]) : 0.9397158551
76 : ([1], [2, 3, 5], [4, 6]) : 0.9342808533
77 : ([1, 3, 5], [2], [4, 6]) : 0.9038537254
78 : ([1, 2], [3, 5], [4, 6]) : 0.9042259230
79 : ([1], [2], [3, 5], [4, 6]) : 0.9017287203
80 : ([1, 2, 5], [3], [4, 6]) : 0.9084212856
81 : ([1, 3], [2, 5], [4, 6]) : 0.9059639750
82 : ([1], [2, 5], [3], [4, 6]) : 0.9047031312
83 : ([1, 5], [2, 3], [4, 6]) : 0.9335284801
84 : ([1, 5], [2], [3], [4, 6]) : 0.9027050750
85 : ([1, 2, 3], [4, 6], [5]) : 0.9376369807
86 : ([1], [2, 3], [4, 6], [5]) : 0.9329046740
87 : ([1, 3], [2], [4, 6], [5]) : 0.9023970731
88 : ([1, 2], [3], [4, 6], [5]) : 0.9039838575
89 : ([1], [2], [3], [4, 6], [5]) : 0.9014918572
90 : ([1, 2, 3, 6], [4, 5]) : 0.9440891621
91 : ([1, 2, 3, 6], [4], [5]) : 0.9354663777
92 : ([1, 4, 5], [2, 3, 6]) : 0.9391905293
93 : ([1], [2, 3, 6], [4, 5]) : 0.9381534563
94 : ([1, 5], [2, 3, 6], [4]) : 0.9273457501
95 : ([1, 4], [2, 3, 6], [5]) : 0.9272914657
96 : ([1], [2, 3, 6], [4], [5]) : 0.9269452745
97 : ([1, 3, 6], [2, 4, 5]) : 0.9124437018
98 : ([1, 3, 6], [2], [4, 5]) : 0.9063833762
99 : ([1, 3, 6], [2, 5], [4]) : 0.9016948448
100 : ([1, 3, 6], [2, 4], [5]) : 0.9038977930
101 : ([1, 3, 6], [2], [4], [5]) : 0.8988695726
102 : ([1, 2, 4, 5], [3, 6]) : 0.9119767598
103 : ([1], [2, 4, 5], [3, 6]) : 0.9072351917
104 : ([1, 4, 5], [2], [3, 6]) : 0.9033950978
105 : ([1, 2], [3, 6], [4, 5]) : 0.9030680834
106 : ([1], [2], [3, 6], [4, 5]) : 0.9010602697
107 : ([1, 2, 5], [3, 6], [4]) : 0.9024040524
108 : ([1, 4], [2, 5], [3, 6]) : 0.8978300347
109 : ([1], [2, 5], [3, 6], [4]) : 0.8971631304
110 : ([1, 5], [2, 4], [3, 6]) : 0.9009760981
111 : ([1, 5], [2], [3, 6], [4]) : 0.8958430411
112 : ([1, 2, 4], [3, 6], [5]) : 0.9046074656
113 : ([1], [2, 4], [3, 6], [5]) : 0.8995199147
114 : ([1, 4], [2], [3, 6], [5]) : 0.8955170187
115 : ([1, 2], [3, 6], [4], [5]) : 0.8981307305
116 : ([1], [2], [3, 6], [4], [5]) : 0.8944737510
117 : ([1, 2, 6], [3, 4, 5]) : 0.9068254145
118 : ([1, 2, 6], [3], [4, 5]) : 0.9034946361
119 : ([1, 2, 6], [3, 5], [4]) : 0.8987450165
120 : ([1, 2, 6], [3, 4], [5]) : 0.9013300061
121 : ([1, 2, 6], [3], [4], [5]) : 0.8984659055
122 : ([1, 3, 4, 5], [2, 6]) : 0.9069776524
123 : ([1], [2, 6], [3, 4, 5]) : 0.9033103926
124 : ([1, 4, 5], [2, 6], [3]) : 0.9023230545
125 : ([1, 3], [2, 6], [4, 5]) : 0.9015385451
126 : ([1], [2, 6], [3], [4, 5]) : 0.8999925723
127 : ([1, 3, 5], [2, 6], [4]) : 0.8962031418
128 : ([1, 4], [2, 6], [3, 5]) : 0.8948115519
129 : ([1], [2, 6], [3, 5], [4]) : 0.8936156388
130 : ([1, 5], [2, 6], [3, 4]) : 0.8977991654
131 : ([1, 5], [2, 6], [3], [4]) : 0.8946221680
132 : ([1, 3, 4], [2, 6], [5]) : 0.8984813313
133 : ([1], [2, 6], [3, 4], [5]) : 0.8963023934
134 : ([1, 4], [2, 6], [3], [5]) : 0.8943814673
135 : ([1, 3], [2, 6], [4], [5]) : 0.8943242262
136 : ([1], [2, 6], [3], [4], [5]) : 0.8931956536
137 : ([1, 6], [2, 3, 4, 5]) : 0.9407051575
138 : ([1, 6], [2], [3, 4, 5]) : 0.9051174450
139 : ([1, 6], [2, 4, 5], [3]) : 0.9076672616
140 : ([1, 6], [2, 3], [4, 5]) : 0.9367805666
141 : ([1, 6], [2], [3], [4, 5]) : 0.9015031958
142 : ([1, 6], [2, 3, 5], [4]) : 0.9271445641
143 : ([1, 6], [2, 4], [3, 5]) : 0.9001990452
144 : ([1, 6], [2], [3, 5], [4]) : 0.8952197609
145 : ([1, 6], [2, 5], [3, 4]) : 0.9010813276
146 : ([1, 6], [2, 5], [3], [4]) : 0.8978890443
147 : ([1, 6], [2, 3, 4], [5]) : 0.9318993451
148 : ([1, 6], [2], [3, 4], [5]) : 0.8980973316
149 : ([1, 6], [2, 4], [3], [5]) : 0.8997021227
150 : ([1, 6], [2, 3], [4], [5]) : 0.9257250455
151 : ([1, 6], [2], [3], [4], [5]) : 0.8948361528
152 : ([1, 2, 3, 4, 5], [6]) : 0.9455662227
153 : ([1], [2, 3, 4, 5], [6]) : 0.9404803755
154 : ([1, 3, 4, 5], [2], [6]) : 0.9069238708
155 : ([1, 2], [3, 4, 5], [6]) : 0.9049709222
156 : ([1], [2], [3, 4, 5], [6]) : 0.9032509429
157 : ([1, 2, 4, 5], [3], [6]) : 0.9106951295
158 : ([1, 3], [2, 4, 5], [6]) : 0.9078140717
159 : ([1], [2, 4, 5], [3], [6]) : 0.9061459565
160 : ([1, 4, 5], [2, 3], [6]) : 0.9379965292
161 : ([1, 4, 5], [2], [3], [6]) : 0.9021901964
162 : ([1, 2, 3], [4, 5], [6]) : 0.9408183173
163 : ([1], [2, 3], [4, 5], [6]) : 0.9366572977
164 : ([1, 3], [2], [4, 5], [6]) : 0.9013696216
165 : ([1, 2], [3], [4, 5], [6]) : 0.9015986212
166 : ([1], [2], [3], [4, 5], [6]) : 0.8998463858
167 : ([1, 2, 3, 5], [4], [6]) : 0.9340527610
168 : ([1, 4], [2, 3, 5], [6]) : 0.9274178484
169 : ([1], [2, 3, 5], [4], [6]) : 0.9269886993
170 : ([1, 3, 5], [2, 4], [6]) : 0.9011857506
171 : ([1, 3, 5], [2], [4], [6]) : 0.8961618504
172 : ([1, 2, 4], [3, 5], [6]) : 0.9035534484
173 : ([1], [2, 4], [3, 5], [6]) : 0.8988107354
174 : ([1, 4], [2], [3, 5], [6]) : 0.8947771949
175 : ([1, 2], [3, 5], [4], [6]) : 0.8968618236
176 : ([1], [2], [3, 5], [4], [6]) : 0.8935751286
177 : ([1, 2, 5], [3, 4], [6]) : 0.9037796975
178 : ([1, 2, 5], [3], [4], [6]) : 0.9009883999
179 : ([1, 3, 4], [2, 5], [6]) : 0.9012280123
180 : ([1], [2, 5], [3, 4], [6]) : 0.8992125147
181 : ([1, 4], [2, 5], [3], [6]) : 0.8968361095
182 : ([1, 3], [2, 5], [4], [6]) : 0.8974231655
183 : ([1], [2, 5], [3], [4], [6]) : 0.8960487300
184 : ([1, 5], [2, 3, 4], [6]) : 0.9322257863
185 : ([1, 5], [2], [3, 4], [6]) : 0.8977977262
186 : ([1, 5], [2, 4], [3], [6]) : 0.8997757783
187 : ([1, 5], [2, 3], [4], [6]) : 0.9261114182
188 : ([1, 5], [2], [3], [4], [6]) : 0.8945795312
189 : ([1, 2, 3, 4], [5], [6]) : 0.9379407974
190 : ([1], [2, 3, 4], [5], [6]) : 0.9316425752
191 : ([1, 3, 4], [2], [5], [6]) : 0.8984766623
192 : ([1, 2], [3, 4], [5], [6]) : 0.8993933443
193 : ([1], [2], [3, 4], [5], [6]) : 0.8963218730
194 : ([1, 2, 4], [3], [5], [6]) : 0.9032444211
195 : ([1, 3], [2, 4], [5], [6]) : 0.8992794293
196 : ([1], [2, 4], [3], [5], [6]) : 0.8982851178
197 : ([1, 4], [2, 3], [5], [6]) : 0.9259203812
198 : ([1, 4], [2], [3], [5], [6]) : 0.8943676648
199 : ([1, 2, 3], [4], [5], [6]) : 0.9316668512
200 : ([1], [2, 3], [4], [5], [6]) : 0.9255822527
201 : ([1, 3], [2], [4], [5], [6]) : 0.8942860357
202 : ([1, 2], [3], [4], [5], [6]) : 0.8965498246
203 : ([1], [2], [3], [4], [5], [6]) : 0.8931754573
