=== Bootstrap seed: 26 ===
1 : ([1, 2, 3, 4, 5, 6],) : 0.9606183197
2 : ([1], [2, 3, 4, 5, 6]) : 0.9566841542
3 : ([1, 3, 4, 5, 6], [2]) : 0.9391472483
4 : ([1, 2], [3, 4, 5, 6]) : 0.9340946127
5 : ([1], [2], [3, 4, 5, 6]) : 0.9337467181
6 : ([1, 2, 4, 5, 6], [3]) : 0.9375459970
7 : ([1, 3], [2, 4, 5, 6]) : 0.9313771848
8 : ([1], [2, 4, 5, 6], [3]) : 0.9311677230
9 : ([1, 4, 5, 6], [2, 3]) : 0.9550161969
10 : ([1, 4, 5, 6], [2], [3]) : 0.9334864453
11 : ([1, 2, 3], [4, 5, 6]) : 0.9563794387
12 : ([1], [2, 3], [4, 5, 6]) : 0.9538361218
13 : ([1, 3], [2], [4, 5, 6]) : 0.9297221213
14 : ([1, 2], [3], [4, 5, 6]) : 0.9301883904
15 : ([1], [2], [3], [4, 5, 6]) : 0.9294864008
16 : ([1, 2, 3, 5, 6], [4]) : 0.9407418574
17 : ([1, 4], [2, 3, 5, 6]) : 0.9363095071
18 : ([1], [2, 3, 5, 6], [4]) : 0.9355096806
19 : ([1, 3, 5, 6], [2, 4]) : 0.9198152002
20 : ([1, 3, 5, 6], [2], [4]) : 0.9188897121
21 : ([1, 2, 4], [3, 5, 6]) : 0.9208172107
22 : ([1], [2, 4], [3, 5, 6]) : 0.9166672399
23 : ([1, 4], [2], [3, 5, 6]) : 0.9183037064
24 : ([1, 2], [3, 5, 6], [4]) : 0.9168382139
25 : ([1], [2], [3, 5, 6], [4]) : 0.9156670667
26 : ([1, 2, 5, 6], [3, 4]) : 0.9190747580
27 : ([1, 2, 5, 6], [3], [4]) : 0.9186852798
28 : ([1, 3, 4], [2, 5, 6]) : 0.9172431830
29 : ([1], [2, 5, 6], [3, 4]) : 0.9143207326
30 : ([1, 4], [2, 5, 6], [3]) : 0.9165790540
31 : ([1, 3], [2, 5, 6], [4]) : 0.9139505872
32 : ([1], [2, 5, 6], [3], [4]) : 0.9138801839
33 : ([1, 5, 6], [2, 3, 4]) : 0.9341659580
34 : ([1, 5, 6], [2], [3, 4]) : 0.9148504298
35 : ([1, 5, 6], [2, 4], [3]) : 0.9156186954
36 : ([1, 5, 6], [2, 3], [4]) : 0.9329251390
37 : ([1, 5, 6], [2], [3], [4]) : 0.9143331004
38 : ([1, 2, 3, 4], [5, 6]) : 0.9389114444
39 : ([1], [2, 3, 4], [5, 6]) : 0.9343240606
40 : ([1, 3, 4], [2], [5, 6]) : 0.9161551649
41 : ([1, 2], [3, 4], [5, 6]) : 0.9147345600
42 : ([1], [2], [3, 4], [5, 6]) : 0.9132229513
43 : ([1, 2, 4], [3], [5, 6]) : 0.9184168779
44 : ([1, 3], [2, 4], [5, 6]) : 0.9140915106
45 : ([1], [2, 4], [3], [5, 6]) : 0.9140189115
46 : ([1, 4], [2, 3], [5, 6]) : 0.9341292158
47 : ([1, 4], [2], [3], [5, 6]) : 0.9154013128
48 : ([1, 2, 3], [4], [5, 6]) : 0.9369617922
49 : ([1], [2, 3], [4], [5, 6]) : 0.9330534111
50 : ([1, 3], [2], [4], [5, 6]) : 0.9127797622
51 : ([1, 2], [3], [4], [5, 6]) : 0.9141829827
52 : ([1], [2], [3], [4], [5, 6]) : 0.9126861244
53 : ([1, 2, 3, 4, 6], [5]) : 0.9442704452
54 : ([1, 5], [2, 3, 4, 6]) : 0.9370315576
55 : ([1], [2, 3, 4, 6], [5]) : 0.9369898276
56 : ([1, 3, 4, 6], [2, 5]) : 0.9192085588
57 : ([1, 3, 4, 6], [2], [5]) : 0.9188987317
58 : ([1, 2, 5], [3, 4, 6]) : 0.9181328207
59 : ([1], [2, 5], [3, 4, 6]) : 0.9134974390
60 : ([1, 5], [2], [3, 4, 6]) : 0.9138674996
61 : ([1, 2], [3, 4, 6], [5]) : 0.9162568303
62 : ([1], [2], [3, 4, 6], [5]) : 0.9132360098
63 : ([1, 2, 4, 6], [3, 5]) : 0.9209781376
64 : ([1, 2, 4, 6], [3], [5]) : 0.9202792624
65 : ([1, 3, 5], [2, 4, 6]) : 0.9143868105
66 : ([1], [2, 4, 6], [3, 5]) : 0.9134129825
67 : ([1, 5], [2, 4, 6], [3]) : 0.9132384477
68 : ([1, 3], [2, 4, 6], [5]) : 0.9127449177
69 : ([1], [2, 4, 6], [3], [5]) : 0.9125287766
70 : ([1, 4, 6], [2, 3, 5]) : 0.9346728575
71 : ([1, 4, 6], [2], [3, 5]) : 0.9149793768
72 : ([1, 4, 6], [2, 5], [3]) : 0.9140081439
73 : ([1, 4, 6], [2, 3], [5]) : 0.9334741752
74 : ([1, 4, 6], [2], [3], [5]) : 0.9137248743
75 : ([1, 2, 3, 5], [4, 6]) : 0.9395369328
76 : ([1], [2, 3, 5], [4, 6]) : 0.9341229655
77 : ([1, 3, 5], [2], [4, 6]) : 0.9121863973
78 : ([1, 2], [3, 5], [4, 6]) : 0.9145153165
79 : ([1], [2], [3, 5], [4, 6]) : 0.9114951177
80 : ([1, 2, 5], [3], [4, 6]) : 0.9157407698
81 : ([1, 3], [2, 5], [4, 6]) : 0.9107656363
82 : ([1], [2, 5], [3], [4, 6]) : 0.9107164787
83 : ([1, 5], [2, 3], [4, 6]) : 0.9328165885
84 : ([1, 5], [2], [3], [4, 6]) : 0.9109781870
85 : ([1, 2, 3], [4, 6], [5]) : 0.9386079731
86 : ([1], [2, 3], [4, 6], [5]) : 0.9327904082
87 : ([1, 3], [2], [4, 6], [5]) : 0.9105307871
88 : ([1, 2], [3], [4, 6], [5]) : 0.9138729877
89 : ([1], [2], [3], [4, 6], [5]) : 0.9104161081
90 : ([1, 2, 3, 6], [4, 5]) : 0.9423819692
91 : ([1, 2, 3, 6], [4], [5]) : 0.9340598520
92 : ([1, 4, 5], [2, 3, 6]) : 0.9377526324
93 : ([1], [2, 3, 6], [4, 5]) : 0.9369127907
94 : ([1, 5], [2, 3, 6], [4]) : 0.9269834636
95 : ([1, 4], [2, 3, 6], [5]) : 0.9277391549
96 : ([1], [2, 3, 6], [4], [5]) : 0.9269129649
97 : ([1, 3, 6], [2, 4, 5]) : 0.9179311609
98 : ([1, 3, 6], [2], [4, 5]) : 0.9155534096
99 : ([1, 3, 6], [2, 5], [4]) : 0.9084933817
100 : ([1, 3, 6], [2, 4], [5]) : 0.9096470671
101 : ([1, 3, 6], [2], [4], [5]) : 0.9081688522
102 : ([1, 2, 4, 5], [3, 6]) : 0.9216196476
103 : ([1], [2, 4, 5], [3, 6]) : 0.9145288997
104 : ([1, 4, 5], [2], [3, 6]) : 0.9155685092
105 : ([1, 2], [3, 6], [4, 5]) : 0.9131576467
106 : ([1], [2], [3, 6], [4, 5]) : 0.9117443933
107 : ([1, 2, 5], [3, 6], [4]) : 0.9106086773
108 : ([1, 4], [2, 5], [3, 6]) : 0.9077741899
109 : ([1], [2, 5], [3, 6], [4]) : 0.9051398640
110 : ([1, 5], [2, 4], [3, 6]) : 0.9075379105
111 : ([1, 5], [2], [3, 6], [4]) : 0.9058267602
112 : ([1, 2, 4], [3, 6], [5]) : 0.9121329323
113 : ([1], [2, 4], [3, 6], [5]) : 0.9065346386
114 : ([1, 4], [2], [3, 6], [5]) : 0.9072314716
115 : ([1, 2], [3, 6], [4], [5]) : 0.9077998003
116 : ([1], [2], [3, 6], [4], [5]) : 0.9048329775
117 : ([1, 2, 6], [3, 4, 5]) : 0.9178138332
118 : ([1, 2, 6], [3], [4, 5]) : 0.9155450090
119 : ([1, 2, 6], [3, 5], [4]) : 0.9109360653
120 : ([1, 2, 6], [3, 4], [5]) : 0.9107494757
121 : ([1, 2, 6], [3], [4], [5]) : 0.9101830814
122 : ([1, 3, 4, 5], [2, 6]) : 0.9187018134
123 : ([1], [2, 6], [3, 4, 5]) : 0.9141456692
124 : ([1, 4, 5], [2, 6], [3]) : 0.9152957719
125 : ([1, 3], [2, 6], [4, 5]) : 0.9117502547
126 : ([1], [2, 6], [3], [4, 5]) : 0.9114518374
127 : ([1, 3, 5], [2, 6], [4]) : 0.9068220879
128 : ([1, 4], [2, 6], [3, 5]) : 0.9080710194
129 : ([1], [2, 6], [3, 5], [4]) : 0.9056707342
130 : ([1, 5], [2, 6], [3, 4]) : 0.9064324161
131 : ([1, 5], [2, 6], [3], [4]) : 0.9057542635
132 : ([1, 3, 4], [2, 6], [5]) : 0.9081570423
133 : ([1], [2, 6], [3, 4], [5]) : 0.9053488120
134 : ([1, 4], [2, 6], [3], [5]) : 0.9070469837
135 : ([1, 3], [2, 6], [4], [5]) : 0.9048336739
136 : ([1], [2, 6], [3], [4], [5]) : 0.9046975770
137 : ([1, 6], [2, 3, 4, 5]) : 0.9388159417
138 : ([1, 6], [2], [3, 4, 5]) : 0.9143199889
139 : ([1, 6], [2, 4, 5], [3]) : 0.9141543158
140 : ([1, 6], [2, 3], [4, 5]) : 0.9356628124
141 : ([1, 6], [2], [3], [4, 5]) : 0.9118721676
142 : ([1, 6], [2, 3, 5], [4]) : 0.9271969727
143 : ([1, 6], [2, 4], [3, 5]) : 0.9076055047
144 : ([1, 6], [2], [3, 5], [4]) : 0.9063966810
145 : ([1, 6], [2, 5], [3, 4]) : 0.9059842569
146 : ([1, 6], [2, 5], [3], [4]) : 0.9055209604
147 : ([1, 6], [2, 3, 4], [5]) : 0.9274166523
148 : ([1, 6], [2], [3, 4], [5]) : 0.9057836432
149 : ([1, 6], [2, 4], [3], [5]) : 0.9066313904
150 : ([1, 6], [2, 3], [4], [5]) : 0.9258793925
151 : ([1, 6], [2], [3], [4], [5]) : 0.9052998940
152 : ([1, 2, 3, 4, 5], [6]) : 0.9434984665
153 : ([1], [2, 3, 4, 5], [6]) : 0.9389209966
154 : ([1, 3, 4, 5], [2], [6]) : 0.9176930169
155 : ([1, 2], [3, 4, 5], [6]) : 0.9145067986
156 : ([1], [2], [3, 4, 5], [6]) : 0.9132711224
157 : ([1, 2, 4, 5], [3], [6]) : 0.9204756038
158 : ([1, 3], [2, 4, 5], [6]) : 0.9134152505
159 : ([1], [2, 4, 5], [3], [6]) : 0.9132395514
160 : ([1, 4, 5], [2, 3], [6]) : 0.9366326321
161 : ([1, 4, 5], [2], [3], [6]) : 0.9145638457
162 : ([1, 2, 3], [4, 5], [6]) : 0.9394283505
163 : ([1], [2, 3], [4, 5], [6]) : 0.9356580389
164 : ([1, 3], [2], [4, 5], [6]) : 0.9109262142
165 : ([1, 2], [3], [4, 5], [6]) : 0.9121896317
166 : ([1], [2], [3], [4, 5], [6]) : 0.9106814537
167 : ([1, 2, 3, 5], [4], [6]) : 0.9325737613
168 : ([1, 4], [2, 3, 5], [6]) : 0.9280733587
169 : ([1], [2, 3, 5], [4], [6]) : 0.9271942871
170 : ([1, 3, 5], [2, 4], [6]) : 0.9072259806
171 : ([1, 3, 5], [2], [4], [6]) : 0.9058714529
172 : ([1, 2, 4], [3, 5], [6]) : 0.9119216265
173 : ([1], [2, 4], [3, 5], [6]) : 0.9062613197
174 : ([1, 4], [2], [3, 5], [6]) : 0.9074769729
175 : ([1, 2], [3, 5], [4], [6]) : 0.9076682377
176 : ([1], [2], [3, 5], [4], [6]) : 0.9049414546
177 : ([1, 2, 5], [3, 4], [6]) : 0.9101612489
178 : ([1, 2, 5], [3], [4], [6]) : 0.9097684843
179 : ([1, 3, 4], [2, 5], [6]) : 0.9078630831
180 : ([1], [2, 5], [3, 4], [6]) : 0.9048569532
181 : ([1, 4], [2, 5], [3], [6]) : 0.9069382358
182 : ([1, 3], [2, 5], [4], [6]) : 0.9043391702
183 : ([1], [2, 5], [3], [4], [6]) : 0.9042841712
184 : ([1, 5], [2, 3, 4], [6]) : 0.9275059345
185 : ([1, 5], [2], [3, 4], [6]) : 0.9055399555
186 : ([1, 5], [2, 4], [3], [6]) : 0.9064070251
187 : ([1, 5], [2, 3], [4], [6]) : 0.9258619547
188 : ([1, 5], [2], [3], [4], [6]) : 0.9049233612
189 : ([1, 2, 3, 4], [5], [6]) : 0.9336813847
190 : ([1], [2, 3, 4], [5], [6]) : 0.9274851762
191 : ([1, 3, 4], [2], [5], [6]) : 0.9074600246
192 : ([1, 2], [3, 4], [5], [6]) : 0.9077061103
193 : ([1], [2], [3, 4], [5], [6]) : 0.9046006904
194 : ([1, 2, 4], [3], [5], [6]) : 0.9113640498
195 : ([1, 3], [2, 4], [5], [6]) : 0.9055051464
196 : ([1], [2, 4], [3], [5], [6]) : 0.9054422613
197 : ([1, 4], [2, 3], [5], [6]) : 0.9268628202
198 : ([1, 4], [2], [3], [5], [6]) : 0.9064903969
199 : ([1, 2, 3], [4], [5], [6]) : 0.9314191532
200 : ([1], [2, 3], [4], [5], [6]) : 0.9258719854
201 : ([1, 3], [2], [4], [5], [6]) : 0.9040906888
202 : ([1, 2], [3], [4], [5], [6]) : 0.9071181679
203 : ([1], [2], [3], [4], [5], [6]) : 0.9040055391
