=== Bootstrap seed: 51 ===
1 : ([1, 2, 3, 4, 5, 6],) : 0.9648580242
2 : ([1], [2, 3, 4, 5, 6]) : 0.9574962263
3 : ([1, 3, 4, 5, 6], [2]) : 0.9388568330
4 : ([1, 2], [3, 4, 5, 6]) : 0.9355944976
5 : ([1], [2], [3, 4, 5, 6]) : 0.9329709494
6 : ([1, 2, 4, 5, 6], [3]) : 0.9386349747
7 : ([1, 3], [2, 4, 5, 6]) : 0.9325887782
8 : ([1], [2, 4, 5, 6], [3]) : 0.9323994960
9 : ([1, 4, 5, 6], [2, 3]) : 0.9565840846
10 : ([1, 4, 5, 6], [2], [3]) : 0.9330061339
11 : ([1, 2, 3], [4, 5, 6]) : 0.9578416311
12 : ([1], [2, 3], [4, 5, 6]) : 0.9549243515
13 : ([1, 3], [2], [4, 5, 6]) : 0.9294597402
14 : ([1, 2], [3], [4, 5, 6]) : 0.9313619516
15 : ([1], [2], [3], [4, 5, 6]) : 0.9295727244
16 : ([1, 2, 3, 5, 6], [4]) : 0.9411825995
17 : ([1, 4], [2, 3, 5, 6]) : 0.9331201635
18 : ([1], [2, 3, 5, 6], [4]) : 0.9325907211
19 : ([1, 3, 5, 6], [2, 4]) : 0.9154847359
20 : ([1, 3, 5, 6], [2], [4]) : 0.9148003281
21 : ([1, 2, 4], [3, 5, 6]) : 0.9177017180
22 : ([1], [2, 4], [3, 5, 6]) : 0.9104065364
23 : ([1, 4], [2], [3, 5, 6]) : 0.9119783327
24 : ([1, 2], [3, 5, 6], [4]) : 0.9146493556
25 : ([1], [2], [3, 5, 6], [4]) : 0.9097841987
26 : ([1, 2, 5, 6], [3, 4]) : 0.9158725049
27 : ([1, 2, 5, 6], [3], [4]) : 0.9157731699
28 : ([1, 3, 4], [2, 5, 6]) : 0.9119501608
29 : ([1], [2, 5, 6], [3, 4]) : 0.9094519415
30 : ([1, 4], [2, 5, 6], [3]) : 0.9111308045
31 : ([1, 3], [2, 5, 6], [4]) : 0.9095134935
32 : ([1], [2, 5, 6], [3], [4]) : 0.9093321177
33 : ([1, 5, 6], [2, 3, 4]) : 0.9347990064
34 : ([1, 5, 6], [2], [3, 4]) : 0.9102988928
35 : ([1, 5, 6], [2, 4], [3]) : 0.9111589773
36 : ([1, 5, 6], [2, 3], [4]) : 0.9326092745
37 : ([1, 5, 6], [2], [3], [4]) : 0.9102186788
38 : ([1, 2, 3, 4], [5, 6]) : 0.9420555238
39 : ([1], [2, 3, 4], [5, 6]) : 0.9342315040
40 : ([1, 3, 4], [2], [5, 6]) : 0.9108005569
41 : ([1, 2], [3, 4], [5, 6]) : 0.9122136138
42 : ([1], [2], [3, 4], [5, 6]) : 0.9081936568
43 : ([1, 2, 4], [3], [5, 6]) : 0.9154963278
44 : ([1, 3], [2, 4], [5, 6]) : 0.9087255263
45 : ([1], [2, 4], [3], [5, 6]) : 0.9088511665
46 : ([1, 4], [2, 3], [5, 6]) : 0.9323760320
47 : ([1, 4], [2], [3], [5, 6]) : 0.9102465759
48 : ([1, 2, 3], [4], [5, 6]) : 0.9378750902
49 : ([1], [2, 3], [4], [5, 6]) : 0.9318651714
50 : ([1, 3], [2], [4], [5, 6]) : 0.9080419474
51 : ([1, 2], [3], [4], [5, 6]) : 0.9120864842
52 : ([1], [2], [3], [4], [5, 6]) : 0.9081156975
53 : ([1, 2, 3, 4, 6], [5]) : 0.9433487022
54 : ([1, 5], [2, 3, 4, 6]) : 0.9352028177
55 : ([1], [2, 3, 4, 6], [5]) : 0.9351364883
56 : ([1, 3, 4, 6], [2, 5]) : 0.9176758779
57 : ([1, 3, 4, 6], [2], [5]) : 0.9165995686
58 : ([1, 2, 5], [3, 4, 6]) : 0.9144932147
59 : ([1], [2, 5], [3, 4, 6]) : 0.9091811724
60 : ([1, 5], [2], [3, 4, 6]) : 0.9083694753
61 : ([1, 2], [3, 4, 6], [5]) : 0.9114966769
62 : ([1], [2], [3, 4, 6], [5]) : 0.9081475316
63 : ([1, 2, 4, 6], [3, 5]) : 0.9143182934
64 : ([1, 2, 4, 6], [3], [5]) : 0.9139500986
65 : ([1, 3, 5], [2, 4, 6]) : 0.9091318923
66 : ([1], [2, 4, 6], [3, 5]) : 0.9076151620
67 : ([1, 5], [2, 4, 6], [3]) : 0.9079966207
68 : ([1, 3], [2, 4, 6], [5]) : 0.9082565095
69 : ([1], [2, 4, 6], [3], [5]) : 0.9075891303
70 : ([1, 4, 6], [2, 3, 5]) : 0.9316149369
71 : ([1, 4, 6], [2], [3, 5]) : 0.9074824968
72 : ([1, 4, 6], [2, 5], [3]) : 0.9078194248
73 : ([1, 4, 6], [2, 3], [5]) : 0.9309524808
74 : ([1, 4, 6], [2], [3], [5]) : 0.9072430216
75 : ([1, 2, 3, 5], [4, 6]) : 0.9379520955
76 : ([1], [2, 3, 5], [4, 6]) : 0.9313120669
77 : ([1, 3, 5], [2], [4, 6]) : 0.9050639282
78 : ([1, 2], [3, 5], [4, 6]) : 0.9070142380
79 : ([1], [2], [3, 5], [4, 6]) : 0.9039054750
80 : ([1, 2, 5], [3], [4, 6]) : 0.9098156839
81 : ([1, 3], [2, 5], [4, 6]) : 0.9060074099
82 : ([1], [2, 5], [3], [4, 6]) : 0.9048211224
83 : ([1, 5], [2, 3], [4, 6]) : 0.9309795131
84 : ([1, 5], [2], [3], [4, 6]) : 0.9040227087
85 : ([1, 2, 3], [4, 6], [5]) : 0.9359811772
86 : ([1], [2, 3], [4, 6], [5]) : 0.9307104507
87 : ([1, 3], [2], [4, 6], [5]) : 0.9045025153
88 : ([1, 2], [3], [4, 6], [5]) : 0.9067090268
89 : ([1], [2], [3], [4, 6], [5]) : 0.9039030308
90 : ([1, 2, 3, 6], [4, 5]) : 0.9413870092
91 : ([1, 2, 3, 6], [4], [5]) : 0.9310137494
92 : ([1, 4, 5], [2, 3, 6]) : 0.9359870018
93 : ([1], [2, 3, 6], [4, 5]) : 0.9352173454
94 : ([1, 5], [2, 3, 6], [4]) : 0.9228159184
95 : ([1, 4], [2, 3, 6], [5]) : 0.9227376541
96 : ([1], [2, 3, 6], [4], [5]) : 0.9226501854
97 : ([1, 3, 6], [2, 4, 5]) : 0.9191907316
98 : ([1, 3, 6], [2], [4, 5]) : 0.9156836763
99 : ([1, 3, 6], [2, 5], [4]) : 0.9058815562
100 : ([1, 3, 6], [2, 4], [5]) : 0.9050178916
101 : ([1, 3, 6], [2], [4], [5]) : 0.9044475276
102 : ([1, 2, 4, 5], [3, 6]) : 0.9207828215
103 : ([1], [2, 4, 5], [3, 6]) : 0.9143612220
104 : ([1, 4, 5], [2], [3, 6]) : 0.9137877108
105 : ([1, 2], [3, 6], [4, 5]) : 0.9140783613
106 : ([1], [2], [3, 6], [4, 5]) : 0.9115425001
107 : ([1, 2, 5], [3, 6], [4]) : 0.9072149548
108 : ([1, 4], [2, 5], [3, 6]) : 0.9021080270
109 : ([1], [2, 5], [3, 6], [4]) : 0.9010156452
110 : ([1, 5], [2, 4], [3, 6]) : 0.9019060767
111 : ([1, 5], [2], [3, 6], [4]) : 0.9008148720
112 : ([1, 2, 4], [3, 6], [5]) : 0.9074628332
113 : ([1], [2, 4], [3, 6], [5]) : 0.9011196681
114 : ([1, 4], [2], [3, 6], [5]) : 0.9017622145
115 : ([1, 2], [3, 6], [4], [5]) : 0.9045487346
116 : ([1], [2], [3, 6], [4], [5]) : 0.9002640882
117 : ([1, 2, 6], [3, 4, 5]) : 0.9139050940
118 : ([1, 2, 6], [3], [4, 5]) : 0.9122382019
119 : ([1, 2, 6], [3, 5], [4]) : 0.9042927061
120 : ([1, 2, 6], [3, 4], [5]) : 0.9040347588
121 : ([1, 2, 6], [3], [4], [5]) : 0.9036403692
122 : ([1, 3, 4, 5], [2, 6]) : 0.9141426933
123 : ([1], [2, 6], [3, 4, 5]) : 0.9094908941
124 : ([1, 4, 5], [2, 6], [3]) : 0.9099284726
125 : ([1, 3], [2, 6], [4, 5]) : 0.9088292822
126 : ([1], [2, 6], [3], [4, 5]) : 0.9082000504
127 : ([1, 3, 5], [2, 6], [4]) : 0.9001074031
128 : ([1, 4], [2, 6], [3, 5]) : 0.8992364362
129 : ([1], [2, 6], [3, 5], [4]) : 0.8981338068
130 : ([1, 5], [2, 6], [3, 4]) : 0.8986431808
131 : ([1, 5], [2, 6], [3], [4]) : 0.8984359298
132 : ([1, 3, 4], [2, 6], [5]) : 0.9013826464
133 : ([1], [2, 6], [3, 4], [5]) : 0.8981292995
134 : ([1, 4], [2, 6], [3], [5]) : 0.8990279874
135 : ([1, 3], [2, 6], [4], [5]) : 0.8987742669
136 : ([1], [2, 6], [3], [4], [5]) : 0.8979445126
137 : ([1, 6], [2, 3, 4, 5]) : 0.9352657359
138 : ([1, 6], [2], [3, 4, 5]) : 0.9093350130
139 : ([1, 6], [2, 4, 5], [3]) : 0.9115599690
140 : ([1, 6], [2, 3], [4, 5]) : 0.9327226745
141 : ([1, 6], [2], [3], [4, 5]) : 0.9080288451
142 : ([1, 6], [2, 3, 5], [4]) : 0.9222520699
143 : ([1, 6], [2, 4], [3, 5]) : 0.8990331672
144 : ([1, 6], [2], [3, 5], [4]) : 0.8981333561
145 : ([1, 6], [2, 5], [3, 4]) : 0.8988936015
146 : ([1, 6], [2, 5], [3], [4]) : 0.8987116133
147 : ([1, 6], [2, 3, 4], [5]) : 0.9239390573
148 : ([1, 6], [2], [3, 4], [5]) : 0.8979262528
149 : ([1, 6], [2, 4], [3], [5]) : 0.8987066248
150 : ([1, 6], [2, 3], [4], [5]) : 0.9210477069
151 : ([1, 6], [2], [3], [4], [5]) : 0.8977737801
152 : ([1, 2, 3, 4, 5], [6]) : 0.9422537586
153 : ([1], [2, 3, 4, 5], [6]) : 0.9353597427
154 : ([1, 3, 4, 5], [2], [6]) : 0.9127912163
155 : ([1, 2], [3, 4, 5], [6]) : 0.9108812871
156 : ([1], [2], [3, 4, 5], [6]) : 0.9083229285
157 : ([1, 2, 4, 5], [3], [6]) : 0.9161872414
158 : ([1, 3], [2, 4, 5], [6]) : 0.9113722700
159 : ([1], [2, 4, 5], [3], [6]) : 0.9101803212
160 : ([1, 4, 5], [2, 3], [6]) : 0.9335024980
161 : ([1, 4, 5], [2], [3], [6]) : 0.9088017295
162 : ([1, 2, 3], [4, 5], [6]) : 0.9372630361
163 : ([1], [2, 3], [4, 5], [6]) : 0.9327703238
164 : ([1, 3], [2], [4, 5], [6]) : 0.9074567790
165 : ([1, 2], [3], [4, 5], [6]) : 0.9091119782
166 : ([1], [2], [3], [4, 5], [6]) : 0.9069826047
167 : ([1, 2, 3, 5], [4], [6]) : 0.9292768877
168 : ([1, 4], [2, 3, 5], [6]) : 0.9221199615
169 : ([1], [2, 3, 5], [4], [6]) : 0.9220780020
170 : ([1, 3, 5], [2, 4], [6]) : 0.8994135908
171 : ([1, 3, 5], [2], [4], [6]) : 0.8982781497
172 : ([1, 2, 4], [3, 5], [6]) : 0.9034800462
173 : ([1], [2, 4], [3, 5], [6]) : 0.8977107126
174 : ([1, 4], [2], [3, 5], [6]) : 0.8979603650
175 : ([1, 2], [3, 5], [4], [6]) : 0.9006462036
176 : ([1], [2], [3, 5], [4], [6]) : 0.8966573349
177 : ([1, 2, 5], [3, 4], [6]) : 0.9030420691
178 : ([1, 2, 5], [3], [4], [6]) : 0.9028441438
179 : ([1, 3, 4], [2, 5], [6]) : 0.9003476462
180 : ([1], [2, 5], [3, 4], [6]) : 0.8974777796
181 : ([1, 4], [2, 5], [3], [6]) : 0.8981675880
182 : ([1, 3], [2, 5], [4], [6]) : 0.8984287740
183 : ([1], [2, 5], [3], [4], [6]) : 0.8973017501
184 : ([1, 5], [2, 3, 4], [6]) : 0.9241428064
185 : ([1, 5], [2], [3, 4], [6]) : 0.8971851367
186 : ([1, 5], [2, 4], [3], [6]) : 0.8983450970
187 : ([1, 5], [2, 3], [4], [6]) : 0.9210706425
188 : ([1, 5], [2], [3], [4], [6]) : 0.8969746629
189 : ([1, 2, 3, 4], [5], [6]) : 0.9315321173
190 : ([1], [2, 3, 4], [5], [6]) : 0.9240615774
191 : ([1, 3, 4], [2], [5], [6]) : 0.8997757035
192 : ([1, 2], [3, 4], [5], [6]) : 0.9004677575
193 : ([1], [2], [3, 4], [5], [6]) : 0.8967017316
194 : ([1, 2, 4], [3], [5], [6]) : 0.9031982182
195 : ([1, 3], [2, 4], [5], [6]) : 0.8981167625
196 : ([1], [2, 4], [3], [5], [6]) : 0.8976051794
197 : ([1, 4], [2, 3], [5], [6]) : 0.9210559984
198 : ([1, 4], [2], [3], [5], [6]) : 0.8978079963
199 : ([1, 2, 3], [4], [5], [6]) : 0.9274649598
200 : ([1], [2, 3], [4], [5], [6]) : 0.9210010717
201 : ([1, 3], [2], [4], [5], [6]) : 0.8971073376
202 : ([1, 2], [3], [4], [5], [6]) : 0.9001826738
203 : ([1], [2], [3], [4], [5], [6]) : 0.8965212657
