=== Bootstrap seed: 60 ===
1 : ([1, 2, 3, 4, 5, 6],) : 0.9588224303
2 : ([1], [2, 3, 4, 5, 6]) : 0.9541470315
3 : ([1, 3, 4, 5, 6], [2]) : 0.9339323940
4 : ([1, 2], [3, 4, 5, 6]) : 0.9245284751
5 : ([1], [2], [3, 4, 5, 6]) : 0.9228508950
6 : ([1, 2, 4, 5, 6], [3]) : 0.9322284937
7 : ([1, 3], [2, 4, 5, 6]) : 0.9233013126
8 : ([1], [2, 4, 5, 6], [3]) : 0.9228124511
9 : ([1, 4, 5, 6], [2, 3]) : 0.9537777956
10 : ([1, 4, 5, 6], [2], [3]) : 0.9261707288
11 : ([1, 2, 3], [4, 5, 6]) : 0.9531810012
12 : ([1], [2, 3], [4, 5, 6]) : 0.9514026992
13 : ([1, 3], [2], [4, 5, 6]) : 0.9191596327
14 : ([1, 2], [3], [4, 5, 6]) : 0.9201151782
15 : ([1], [2], [3], [4, 5, 6]) : 0.9185284002
16 : ([1, 2, 3, 5, 6], [4]) : 0.9393675439
17 : ([1, 4], [2, 3, 5, 6]) : 0.9330335484
18 : ([1], [2, 3, 5, 6], [4]) : 0.9329272808
19 : ([1, 3, 5, 6], [2, 4]) : 0.9052521301
20 : ([1, 3, 5, 6], [2], [4]) : 0.9034751759
21 : ([1, 2, 4], [3, 5, 6]) : 0.9079883661
22 : ([1], [2, 4], [3, 5, 6]) : 0.9001135092
23 : ([1, 4], [2], [3, 5, 6]) : 0.9013262667
24 : ([1, 2], [3, 5, 6], [4]) : 0.9026136877
25 : ([1], [2], [3, 5, 6], [4]) : 0.8980391355
26 : ([1, 2, 5, 6], [3, 4]) : 0.9097537848
27 : ([1, 2, 5, 6], [3], [4]) : 0.9095093534
28 : ([1, 3, 4], [2, 5, 6]) : 0.9063289749
29 : ([1], [2, 5, 6], [3, 4]) : 0.9037441104
30 : ([1, 4], [2, 5, 6], [3]) : 0.9049061384
31 : ([1, 3], [2, 5, 6], [4]) : 0.9041336626
32 : ([1], [2, 5, 6], [3], [4]) : 0.9032699903
33 : ([1, 5, 6], [2, 3, 4]) : 0.9319094412
34 : ([1, 5, 6], [2], [3, 4]) : 0.8994483000
35 : ([1, 5, 6], [2, 4], [3]) : 0.9009009729
36 : ([1, 5, 6], [2, 3], [4]) : 0.9304155191
37 : ([1, 5, 6], [2], [3], [4]) : 0.8991555250
38 : ([1, 2, 3, 4], [5, 6]) : 0.9362616378
39 : ([1], [2, 3, 4], [5, 6]) : 0.9313203505
40 : ([1, 3, 4], [2], [5, 6]) : 0.9012048448
41 : ([1, 2], [3, 4], [5, 6]) : 0.9022253635
42 : ([1], [2], [3, 4], [5, 6]) : 0.8977913801
43 : ([1, 2, 4], [3], [5, 6]) : 0.9065532525
44 : ([1, 3], [2, 4], [5, 6]) : 0.9002317669
45 : ([1], [2, 4], [3], [5, 6]) : 0.8994052579
46 : ([1, 4], [2, 3], [5, 6]) : 0.9299330597
47 : ([1, 4], [2], [3], [5, 6]) : 0.9000188679
48 : ([1, 2, 3], [4], [5, 6]) : 0.9348704082
49 : ([1], [2, 3], [4], [5, 6]) : 0.9297451936
50 : ([1, 3], [2], [4], [5, 6]) : 0.8981398170
51 : ([1, 2], [3], [4], [5, 6]) : 0.9017291906
52 : ([1], [2], [3], [4], [5, 6]) : 0.8973542903
53 : ([1, 2, 3, 4, 6], [5]) : 0.9313655843
54 : ([1, 5], [2, 3, 4, 6]) : 0.9259665727
55 : ([1], [2, 3, 4, 6], [5]) : 0.9257401132
56 : ([1, 3, 4, 6], [2, 5]) : 0.9035619552
57 : ([1, 3, 4, 6], [2], [5]) : 0.9003148723
58 : ([1, 2, 5], [3, 4, 6]) : 0.9037278282
59 : ([1], [2, 5], [3, 4, 6]) : 0.8976958672
60 : ([1, 5], [2], [3, 4, 6]) : 0.8943525736
61 : ([1, 2], [3, 4, 6], [5]) : 0.8991515129
62 : ([1], [2], [3, 4, 6], [5]) : 0.8939275823
63 : ([1, 2, 4, 6], [3, 5]) : 0.9036088862
64 : ([1, 2, 4, 6], [3], [5]) : 0.9030437837
65 : ([1, 3, 5], [2, 4, 6]) : 0.8973874698
66 : ([1], [2, 4, 6], [3, 5]) : 0.8956947192
67 : ([1, 5], [2, 4, 6], [3]) : 0.8957001538
68 : ([1, 3], [2, 4, 6], [5]) : 0.8963764921
69 : ([1], [2, 4, 6], [3], [5]) : 0.8953222774
70 : ([1, 4, 6], [2, 3, 5]) : 0.9271486397
71 : ([1, 4, 6], [2], [3, 5]) : 0.8958306787
72 : ([1, 4, 6], [2, 5], [3]) : 0.8986975547
73 : ([1, 4, 6], [2, 3], [5]) : 0.9243619916
74 : ([1, 4, 6], [2], [3], [5]) : 0.8951908994
75 : ([1, 2, 3, 5], [4, 6]) : 0.9316829233
76 : ([1], [2, 3, 5], [4, 6]) : 0.9264629445
77 : ([1, 3, 5], [2], [4, 6]) : 0.8928404769
78 : ([1, 2], [3, 5], [4, 6]) : 0.8966880802
79 : ([1], [2], [3, 5], [4, 6]) : 0.8919045218
80 : ([1, 2, 5], [3], [4, 6]) : 0.9011802247
81 : ([1, 3], [2, 5], [4, 6]) : 0.8962443331
82 : ([1], [2, 5], [3], [4, 6]) : 0.8957096239
83 : ([1, 5], [2, 3], [4, 6]) : 0.9238082269
84 : ([1, 5], [2], [3], [4, 6]) : 0.8918713212
85 : ([1, 2, 3], [4, 6], [5]) : 0.9287735291
86 : ([1], [2, 3], [4, 6], [5]) : 0.9236519591
87 : ([1, 3], [2], [4, 6], [5]) : 0.8923460556
88 : ([1, 2], [3], [4, 6], [5]) : 0.8964832446
89 : ([1], [2], [3], [4, 6], [5]) : 0.8916784476
90 : ([1, 2, 3, 6], [4, 5]) : 0.9350385421
91 : ([1, 2, 3, 6], [4], [5]) : 0.9243877561
92 : ([1, 4, 5], [2, 3, 6]) : 0.9329707292
93 : ([1], [2, 3, 6], [4, 5]) : 0.9304577661
94 : ([1, 5], [2, 3, 6], [4]) : 0.9165212919
95 : ([1, 4], [2, 3, 6], [5]) : 0.9165412391
96 : ([1], [2, 3, 6], [4], [5]) : 0.9164107710
97 : ([1, 3, 6], [2, 4, 5]) : 0.9069654241
98 : ([1, 3, 6], [2], [4, 5]) : 0.9028821669
99 : ([1, 3, 6], [2, 5], [4]) : 0.8932805531
100 : ([1, 3, 6], [2, 4], [5]) : 0.8907856922
101 : ([1, 3, 6], [2], [4], [5]) : 0.8892736562
102 : ([1, 2, 4, 5], [3, 6]) : 0.9133591242
103 : ([1], [2, 4, 5], [3, 6]) : 0.9025080647
104 : ([1, 4, 5], [2], [3, 6]) : 0.9058121949
105 : ([1, 2], [3, 6], [4, 5]) : 0.9004598715
106 : ([1], [2], [3, 6], [4, 5]) : 0.8975952133
107 : ([1, 2, 5], [3, 6], [4]) : 0.8959311786
108 : ([1, 4], [2, 5], [3, 6]) : 0.8906402281
109 : ([1], [2, 5], [3, 6], [4]) : 0.8885416974
110 : ([1, 5], [2, 4], [3, 6]) : 0.8869710188
111 : ([1, 5], [2], [3, 6], [4]) : 0.8849992034
112 : ([1, 2, 4], [3, 6], [5]) : 0.8953991380
113 : ([1], [2, 4], [3, 6], [5]) : 0.8863696662
114 : ([1, 4], [2], [3, 6], [5]) : 0.8871834257
115 : ([1, 2], [3, 6], [4], [5]) : 0.8908250656
116 : ([1], [2], [3, 6], [4], [5]) : 0.8845020151
117 : ([1, 2, 6], [3, 4, 5]) : 0.9053160133
118 : ([1, 2, 6], [3], [4, 5]) : 0.9021156482
119 : ([1, 2, 6], [3, 5], [4]) : 0.8931937861
120 : ([1, 2, 6], [3, 4], [5]) : 0.8930382716
121 : ([1, 2, 6], [3], [4], [5]) : 0.8924531819
122 : ([1, 3, 4, 5], [2, 6]) : 0.9097038085
123 : ([1], [2, 6], [3, 4, 5]) : 0.9012318942
124 : ([1, 4, 5], [2, 6], [3]) : 0.9050972880
125 : ([1, 3], [2, 6], [4, 5]) : 0.8989438163
126 : ([1], [2, 6], [3], [4, 5]) : 0.8978959655
127 : ([1, 3, 5], [2, 6], [4]) : 0.8872372086
128 : ([1, 4], [2, 6], [3, 5]) : 0.8876547875
129 : ([1], [2, 6], [3, 5], [4]) : 0.8856946894
130 : ([1, 5], [2, 6], [3, 4]) : 0.8861258254
131 : ([1, 5], [2, 6], [3], [4]) : 0.8855577148
132 : ([1, 3, 4], [2, 6], [5]) : 0.8892006820
133 : ([1], [2, 6], [3, 4], [5]) : 0.8859309071
134 : ([1, 4], [2, 6], [3], [5]) : 0.8871027621
135 : ([1, 3], [2, 6], [4], [5]) : 0.8863965769
136 : ([1], [2, 6], [3], [4], [5]) : 0.8852865286
137 : ([1, 6], [2, 3, 4, 5]) : 0.9336635009
138 : ([1, 6], [2], [3, 4, 5]) : 0.9013982643
139 : ([1, 6], [2, 4, 5], [3]) : 0.9027596027
140 : ([1, 6], [2, 3], [4, 5]) : 0.9301044902
141 : ([1, 6], [2], [3], [4, 5]) : 0.8980962616
142 : ([1, 6], [2, 3, 5], [4]) : 0.9192726528
143 : ([1, 6], [2, 4], [3, 5]) : 0.8875895522
144 : ([1, 6], [2], [3, 5], [4]) : 0.8857341533
145 : ([1, 6], [2, 5], [3, 4]) : 0.8897622505
146 : ([1, 6], [2, 5], [3], [4]) : 0.8892772757
147 : ([1, 6], [2, 3, 4], [5]) : 0.9173793048
148 : ([1, 6], [2], [3, 4], [5]) : 0.8855418746
149 : ([1, 6], [2, 4], [3], [5]) : 0.8867839401
150 : ([1, 6], [2, 3], [4], [5]) : 0.9156486138
151 : ([1, 6], [2], [3], [4], [5]) : 0.8850204080
152 : ([1, 2, 3, 4, 5], [6]) : 0.9405115903
153 : ([1], [2, 3, 4, 5], [6]) : 0.9334935345
154 : ([1, 3, 4, 5], [2], [6]) : 0.9081028344
155 : ([1, 2], [3, 4, 5], [6]) : 0.9026926637
156 : ([1], [2], [3, 4, 5], [6]) : 0.9001673867
157 : ([1, 2, 4, 5], [3], [6]) : 0.9117512036
158 : ([1, 3], [2, 4, 5], [6]) : 0.9023096023
159 : ([1], [2, 4, 5], [3], [6]) : 0.9017108936
160 : ([1, 4, 5], [2, 3], [6]) : 0.9321982233
161 : ([1, 4, 5], [2], [3], [6]) : 0.9038598217
162 : ([1, 2, 3], [4, 5], [6]) : 0.9334374155
163 : ([1], [2, 3], [4, 5], [6]) : 0.9298787937
164 : ([1, 3], [2], [4, 5], [6]) : 0.8974236615
165 : ([1, 2], [3], [4, 5], [6]) : 0.8992417123
166 : ([1], [2], [3], [4, 5], [6]) : 0.8966440585
167 : ([1, 2, 3, 5], [4], [6]) : 0.9256864946
168 : ([1, 4], [2, 3, 5], [6]) : 0.9189039615
169 : ([1], [2, 3, 5], [4], [6]) : 0.9188635091
170 : ([1, 3, 5], [2, 4], [6]) : 0.8875335559
171 : ([1, 3, 5], [2], [4], [6]) : 0.8850000334
172 : ([1, 2, 4], [3, 5], [6]) : 0.8944370885
173 : ([1], [2, 4], [3, 5], [6]) : 0.8861473712
174 : ([1, 4], [2], [3, 5], [6]) : 0.8863109192
175 : ([1, 2], [3, 5], [4], [6]) : 0.8899029685
176 : ([1], [2], [3, 5], [4], [6]) : 0.8839423156
177 : ([1, 2, 5], [3, 4], [6]) : 0.8948640791
178 : ([1, 2, 5], [3], [4], [6]) : 0.8943693596
179 : ([1, 3, 4], [2, 5], [6]) : 0.8906569404
180 : ([1], [2, 5], [3, 4], [6]) : 0.8883498619
181 : ([1, 4], [2, 5], [3], [6]) : 0.8893503747
182 : ([1, 3], [2, 5], [4], [6]) : 0.8882253401
183 : ([1], [2, 5], [3], [4], [6]) : 0.8876859738
184 : ([1, 5], [2, 3, 4], [6]) : 0.9172921195
185 : ([1, 5], [2], [3, 4], [6]) : 0.8844182773
186 : ([1, 5], [2, 4], [3], [6]) : 0.8859529783
187 : ([1, 5], [2, 3], [4], [6]) : 0.9155155010
188 : ([1, 5], [2], [3], [4], [6]) : 0.8837935633
189 : ([1, 2, 3, 4], [5], [6]) : 0.9232655105
190 : ([1], [2, 3, 4], [5], [6]) : 0.9171185981
191 : ([1, 3, 4], [2], [5], [6]) : 0.8873487020
192 : ([1, 2], [3, 4], [5], [6]) : 0.8903165328
193 : ([1], [2], [3, 4], [5], [6]) : 0.8842694361
194 : ([1, 2, 4], [3], [5], [6]) : 0.8938753916
195 : ([1, 3], [2, 4], [5], [6]) : 0.8863546918
196 : ([1], [2, 4], [3], [5], [6]) : 0.8856124835
197 : ([1, 4], [2, 3], [5], [6]) : 0.9154849528
198 : ([1, 4], [2], [3], [5], [6]) : 0.8857473505
199 : ([1, 2, 3], [4], [5], [6]) : 0.9221022434
200 : ([1], [2, 3], [4], [5], [6]) : 0.9154120070
201 : ([1, 3], [2], [4], [5], [6]) : 0.8842453097
202 : ([1, 2], [3], [4], [5], [6]) : 0.8895212759
203 : ([1], [2], [3], [4], [5], [6]) : 0.8835602362
