=== Bootstrap seed: 20 ===
1 : ([1, 2, 3, 4, 5, 6],) : 0.9583812468
2 : ([1], [2, 3, 4, 5, 6]) : 0.9511480562
3 : ([1, 3, 4, 5, 6], [2]) : 0.9232409000
4 : ([1, 2], [3, 4, 5, 6]) : 0.9180043412
5 : ([1], [2], [3, 4, 5, 6]) : 0.9167089489
6 : ([1, 2, 4, 5, 6], [3]) : 0.9243604705
7 : ([1, 3], [2, 4, 5, 6]) : 0.9185011493
8 : ([1], [2, 4, 5, 6], [3]) : 0.9172408959
9 : ([1, 4, 5, 6], [2, 3]) : 0.9482046338
10 : ([1, 4, 5, 6], [2], [3]) : 0.9155639236
11 : ([1, 2, 3], [4, 5, 6]) : 0.9483301207
12 : ([1], [2, 3], [4, 5, 6]) : 0.9474006519
13 : ([1, 3], [2], [4, 5, 6]) : 0.9149066177
14 : ([1, 2], [3], [4, 5, 6]) : 0.9140241805
15 : ([1], [2], [3], [4, 5, 6]) : 0.9131664872
16 : ([1, 2, 3, 5, 6], [4]) : 0.9359322891
17 : ([1, 4], [2, 3, 5, 6]) : 0.9304561487
18 : ([1], [2, 3, 5, 6], [4]) : 0.9300256086
19 : ([1, 3, 5, 6], [2, 4]) : 0.9060648489
20 : ([1, 3, 5, 6], [2], [4]) : 0.9059427365
21 : ([1, 2, 4], [3, 5, 6]) : 0.9049786563
22 : ([1], [2, 4], [3, 5, 6]) : 0.9001196237
23 : ([1, 4], [2], [3, 5, 6]) : 0.9017730391
24 : ([1, 2], [3, 5, 6], [4]) : 0.9020608358
25 : ([1], [2], [3, 5, 6], [4]) : 0.9001090058
26 : ([1, 2, 5, 6], [3, 4]) : 0.9097616059
27 : ([1, 2, 5, 6], [3], [4]) : 0.9069090844
28 : ([1, 3, 4], [2, 5, 6]) : 0.9067984977
29 : ([1], [2, 5, 6], [3, 4]) : 0.9046978246
30 : ([1, 4], [2, 5, 6], [3]) : 0.9033132228
31 : ([1, 3], [2, 5, 6], [4]) : 0.9034443576
32 : ([1], [2, 5, 6], [3], [4]) : 0.9020949395
33 : ([1, 5, 6], [2, 3, 4]) : 0.9299024184
34 : ([1, 5, 6], [2], [3, 4]) : 0.9012698240
35 : ([1, 5, 6], [2, 4], [3]) : 0.8993874802
36 : ([1, 5, 6], [2, 3], [4]) : 0.9278934789
37 : ([1, 5, 6], [2], [3], [4]) : 0.8993585940
38 : ([1, 2, 3, 4], [5, 6]) : 0.9315311083
39 : ([1], [2, 3, 4], [5, 6]) : 0.9289567816
40 : ([1, 3, 4], [2], [5, 6]) : 0.9024044542
41 : ([1, 2], [3, 4], [5, 6]) : 0.9011200798
42 : ([1], [2], [3, 4], [5, 6]) : 0.8991871523
43 : ([1, 2, 4], [3], [5, 6]) : 0.9022747558
44 : ([1, 3], [2, 4], [5, 6]) : 0.9002400863
45 : ([1], [2, 4], [3], [5, 6]) : 0.8976538392
46 : ([1, 4], [2, 3], [5, 6]) : 0.9273867590
47 : ([1, 4], [2], [3], [5, 6]) : 0.8990702703
48 : ([1, 2, 3], [4], [5, 6]) : 0.9296923106
49 : ([1], [2, 3], [4], [5, 6]) : 0.9270063287
50 : ([1, 3], [2], [4], [5, 6]) : 0.9001946394
51 : ([1, 2], [3], [4], [5, 6]) : 0.8991066755
52 : ([1], [2], [3], [4], [5, 6]) : 0.8975966358
53 : ([1, 2, 3, 4, 6], [5]) : 0.9344349708
54 : ([1, 5], [2, 3, 4, 6]) : 0.9287396904
55 : ([1], [2, 3, 4, 6], [5]) : 0.9285690700
56 : ([1, 3, 4, 6], [2, 5]) : 0.9068782616
57 : ([1, 3, 4, 6], [2], [5]) : 0.9021611646
58 : ([1, 2, 5], [3, 4, 6]) : 0.9072588215
59 : ([1], [2, 5], [3, 4, 6]) : 0.9011663383
60 : ([1, 5], [2], [3, 4, 6]) : 0.8966145444
61 : ([1, 2], [3, 4, 6], [5]) : 0.8978461779
62 : ([1], [2], [3, 4, 6], [5]) : 0.8944598018
63 : ([1, 2, 4, 6], [3, 5]) : 0.9038345476
64 : ([1, 2, 4, 6], [3], [5]) : 0.9031983605
65 : ([1, 3, 5], [2, 4, 6]) : 0.8978019155
66 : ([1], [2, 4, 6], [3, 5]) : 0.8941910484
67 : ([1, 5], [2, 4, 6], [3]) : 0.8949950713
68 : ([1, 3], [2, 4, 6], [5]) : 0.8956586252
69 : ([1], [2, 4, 6], [3], [5]) : 0.8933223566
70 : ([1, 4, 6], [2, 3, 5]) : 0.9292501098
71 : ([1, 4, 6], [2], [3, 5]) : 0.8976751553
72 : ([1, 4, 6], [2, 5], [3]) : 0.9014993812
73 : ([1, 4, 6], [2, 3], [5]) : 0.9266613230
74 : ([1, 4, 6], [2], [3], [5]) : 0.8965180159
75 : ([1, 2, 3, 5], [4, 6]) : 0.9319704578
76 : ([1], [2, 3, 5], [4, 6]) : 0.9275614635
77 : ([1, 3, 5], [2], [4, 6]) : 0.8966420952
78 : ([1, 2], [3, 5], [4, 6]) : 0.8956631224
79 : ([1], [2], [3, 5], [4, 6]) : 0.8926579759
80 : ([1, 2, 5], [3], [4, 6]) : 0.9027794524
81 : ([1, 3], [2, 5], [4, 6]) : 0.8984356892
82 : ([1], [2, 5], [3], [4, 6]) : 0.8971460806
83 : ([1, 5], [2, 3], [4, 6]) : 0.9255629344
84 : ([1, 5], [2], [3], [4, 6]) : 0.8933996809
85 : ([1, 2, 3], [4, 6], [5]) : 0.9292344542
86 : ([1], [2, 3], [4, 6], [5]) : 0.9254154075
87 : ([1, 3], [2], [4, 6], [5]) : 0.8943518150
88 : ([1, 2], [3], [4, 6], [5]) : 0.8947814351
89 : ([1], [2], [3], [4, 6], [5]) : 0.8917765785
90 : ([1, 2, 3, 6], [4, 5]) : 0.9373642324
91 : ([1, 2, 3, 6], [4], [5]) : 0.9269553955
92 : ([1, 4, 5], [2, 3, 6]) : 0.9326815084
93 : ([1], [2, 3, 6], [4, 5]) : 0.9324357686
94 : ([1, 5], [2, 3, 6], [4]) : 0.9199051435
95 : ([1, 4], [2, 3, 6], [5]) : 0.9205337025
96 : ([1], [2, 3, 6], [4], [5]) : 0.9198781285
97 : ([1, 3, 6], [2, 4, 5]) : 0.9080955052
98 : ([1, 3, 6], [2], [4, 5]) : 0.9041105567
99 : ([1, 3, 6], [2, 5], [4]) : 0.8985025513
100 : ([1, 3, 6], [2, 4], [5]) : 0.8946232542
101 : ([1, 3, 6], [2], [4], [5]) : 0.8943452584
102 : ([1, 2, 4, 5], [3, 6]) : 0.9079528764
103 : ([1], [2, 4, 5], [3, 6]) : 0.9029185085
104 : ([1, 4, 5], [2], [3, 6]) : 0.8992461722
105 : ([1, 2], [3, 6], [4, 5]) : 0.8984511230
106 : ([1], [2], [3, 6], [4, 5]) : 0.8967028202
107 : ([1, 2, 5], [3, 6], [4]) : 0.8988336486
108 : ([1, 4], [2, 5], [3, 6]) : 0.8958113103
109 : ([1], [2, 5], [3, 6], [4]) : 0.8940326150
110 : ([1, 5], [2, 4], [3, 6]) : 0.8895117913
111 : ([1, 5], [2], [3, 6], [4]) : 0.8891774848
112 : ([1, 2, 4], [3, 6], [5]) : 0.8941933732
113 : ([1], [2, 4], [3, 6], [5]) : 0.8880336946
114 : ([1, 4], [2], [3, 6], [5]) : 0.8896230748
115 : ([1, 2], [3, 6], [4], [5]) : 0.8906395046
116 : ([1], [2], [3, 6], [4], [5]) : 0.8875945902
117 : ([1, 2, 6], [3, 4, 5]) : 0.9025173101
118 : ([1, 2, 6], [3], [4, 5]) : 0.8994891060
119 : ([1, 2, 6], [3, 5], [4]) : 0.8918950316
120 : ([1, 2, 6], [3, 4], [5]) : 0.8931317596
121 : ([1, 2, 6], [3], [4], [5]) : 0.8910799692
122 : ([1, 3, 4, 5], [2, 6]) : 0.9043449680
123 : ([1], [2, 6], [3, 4, 5]) : 0.8987896602
124 : ([1, 4, 5], [2, 6], [3]) : 0.8983459475
125 : ([1, 3], [2, 6], [4, 5]) : 0.8997597511
126 : ([1], [2, 6], [3], [4, 5]) : 0.8959707214
127 : ([1, 3, 5], [2, 6], [4]) : 0.8920900425
128 : ([1, 4], [2, 6], [3, 5]) : 0.8889903654
129 : ([1], [2, 6], [3, 5], [4]) : 0.8873286644
130 : ([1, 5], [2, 6], [3, 4]) : 0.8907248541
131 : ([1, 5], [2, 6], [3], [4]) : 0.8882803327
132 : ([1, 3, 4], [2, 6], [5]) : 0.8923327267
133 : ([1], [2, 6], [3, 4], [5]) : 0.8883685989
134 : ([1, 4], [2, 6], [3], [5]) : 0.8881318688
135 : ([1, 3], [2, 6], [4], [5]) : 0.8899793178
136 : ([1], [2, 6], [3], [4], [5]) : 0.8865137144
137 : ([1, 6], [2, 3, 4, 5]) : 0.9363509375
138 : ([1, 6], [2], [3, 4, 5]) : 0.8996796507
139 : ([1, 6], [2, 4, 5], [3]) : 0.9027113895
140 : ([1, 6], [2, 3], [4, 5]) : 0.9316600385
141 : ([1, 6], [2], [3], [4, 5]) : 0.8969271149
142 : ([1, 6], [2, 3, 5], [4]) : 0.9222163343
143 : ([1, 6], [2, 4], [3, 5]) : 0.8892712348
144 : ([1, 6], [2], [3, 5], [4]) : 0.8887722422
145 : ([1, 6], [2, 5], [3, 4]) : 0.8972033741
146 : ([1, 6], [2, 5], [3], [4]) : 0.8940987197
147 : ([1, 6], [2, 3, 4], [5]) : 0.9210622890
148 : ([1, 6], [2], [3, 4], [5]) : 0.8894477263
149 : ([1, 6], [2, 4], [3], [5]) : 0.8883929137
150 : ([1, 6], [2, 3], [4], [5]) : 0.9191735237
151 : ([1, 6], [2], [3], [4], [5]) : 0.8878658537
152 : ([1, 2, 3, 4, 5], [6]) : 0.9381153296
153 : ([1], [2, 3, 4, 5], [6]) : 0.9355277929
154 : ([1, 3, 4, 5], [2], [6]) : 0.9041754042
155 : ([1, 2], [3, 4, 5], [6]) : 0.9004451935
156 : ([1], [2], [3, 4, 5], [6]) : 0.8984893103
157 : ([1, 2, 4, 5], [3], [6]) : 0.9064916773
158 : ([1, 3], [2, 4, 5], [6]) : 0.9038237066
159 : ([1], [2, 4, 5], [3], [6]) : 0.9013487619
160 : ([1, 4, 5], [2, 3], [6]) : 0.9313885289
161 : ([1, 4, 5], [2], [3], [6]) : 0.8978837942
162 : ([1, 2, 3], [4, 5], [6]) : 0.9337202702
163 : ([1], [2, 3], [4, 5], [6]) : 0.9309371602
164 : ([1, 3], [2], [4, 5], [6]) : 0.8995277757
165 : ([1, 2], [3], [4, 5], [6]) : 0.8970820935
166 : ([1], [2], [3], [4, 5], [6]) : 0.8954838688
167 : ([1, 2, 3, 5], [4], [6]) : 0.9257787042
168 : ([1, 4], [2, 3, 5], [6]) : 0.9218405668
169 : ([1], [2, 3, 5], [4], [6]) : 0.9211767347
170 : ([1, 3, 5], [2, 4], [6]) : 0.8923169965
171 : ([1, 3, 5], [2], [4], [6]) : 0.8921893262
172 : ([1, 2, 4], [3, 5], [6]) : 0.8934336747
173 : ([1], [2, 4], [3, 5], [6]) : 0.8876570759
174 : ([1, 4], [2], [3, 5], [6]) : 0.8889192375
175 : ([1, 2], [3, 5], [4], [6]) : 0.8900853626
176 : ([1], [2], [3, 5], [4], [6]) : 0.8871850171
177 : ([1, 2, 5], [3, 4], [6]) : 0.9013341914
178 : ([1, 2, 5], [3], [4], [6]) : 0.8974257744
179 : ([1, 3, 4], [2, 5], [6]) : 0.8984398895
180 : ([1], [2, 5], [3, 4], [6]) : 0.8960462692
181 : ([1, 4], [2, 5], [3], [6]) : 0.8940510155
182 : ([1, 3], [2, 5], [4], [6]) : 0.8947180232
183 : ([1], [2, 5], [3], [4], [6]) : 0.8926359235
184 : ([1, 5], [2, 3, 4], [6]) : 0.9206841069
185 : ([1, 5], [2], [3, 4], [6]) : 0.8905987550
186 : ([1, 5], [2, 4], [3], [6]) : 0.8884119577
187 : ([1, 5], [2, 3], [4], [6]) : 0.9184248236
188 : ([1, 5], [2], [3], [4], [6]) : 0.8880651855
189 : ([1, 2, 3, 4], [5], [6]) : 0.9242585749
190 : ([1], [2, 3, 4], [5], [6]) : 0.9203620742
191 : ([1, 3, 4], [2], [5], [6]) : 0.8924331023
192 : ([1, 2], [3, 4], [5], [6]) : 0.8917777537
193 : ([1], [2], [3, 4], [5], [6]) : 0.8882878359
194 : ([1, 2, 4], [3], [5], [6]) : 0.8928444041
195 : ([1, 3], [2, 4], [5], [6]) : 0.8903275461
196 : ([1], [2, 4], [3], [5], [6]) : 0.8868201838
197 : ([1, 4], [2, 3], [5], [6]) : 0.9188216768
198 : ([1, 4], [2], [3], [5], [6]) : 0.8880328737
199 : ([1, 2, 3], [4], [5], [6]) : 0.9227477005
200 : ([1], [2, 3], [4], [5], [6]) : 0.9182892710
201 : ([1, 3], [2], [4], [5], [6]) : 0.8900570188
202 : ([1, 2], [3], [4], [5], [6]) : 0.8892464448
203 : ([1], [2], [3], [4], [5], [6]) : 0.8863289989
