=== Bootstrap seed: 63 ===
1 : ([1, 2, 3, 4, 5, 6],) : 0.9595188596
2 : ([1], [2, 3, 4, 5, 6]) : 0.9551999554
3 : ([1, 3, 4, 5, 6], [2]) : 0.9251125183
4 : ([1, 2], [3, 4, 5, 6]) : 0.9221386533
5 : ([1], [2], [3, 4, 5, 6]) : 0.9201594359
6 : ([1, 2, 4, 5, 6], [3]) : 0.9296599581
7 : ([1, 3], [2, 4, 5, 6]) : 0.9221412451
8 : ([1], [2, 4, 5, 6], [3]) : 0.9220706122
9 : ([1, 4, 5, 6], [2, 3]) : 0.9526171260
10 : ([1, 4, 5, 6], [2], [3]) : 0.9216835136
11 : ([1, 2, 3], [4, 5, 6]) : 0.9551161249
12 : ([1], [2, 3], [4, 5, 6]) : 0.9518712958
13 : ([1, 3], [2], [4, 5, 6]) : 0.9187065527
14 : ([1, 2], [3], [4, 5, 6]) : 0.9205701841
15 : ([1], [2], [3], [4, 5, 6]) : 0.9185508711
16 : ([1, 2, 3, 5, 6], [4]) : 0.9402012325
17 : ([1, 4], [2, 3, 5, 6]) : 0.9308688314
18 : ([1], [2, 3, 5, 6], [4]) : 0.9305360432
19 : ([1, 3, 5, 6], [2, 4]) : 0.9036481637
20 : ([1, 3, 5, 6], [2], [4]) : 0.9025858251
21 : ([1, 2, 4], [3, 5, 6]) : 0.9070216055
22 : ([1], [2, 4], [3, 5, 6]) : 0.9003384902
23 : ([1, 4], [2], [3, 5, 6]) : 0.9004521512
24 : ([1, 2], [3, 5, 6], [4]) : 0.9032959190
25 : ([1], [2], [3, 5, 6], [4]) : 0.8989927875
26 : ([1, 2, 5, 6], [3, 4]) : 0.9070720026
27 : ([1, 2, 5, 6], [3], [4]) : 0.9057861017
28 : ([1, 3, 4], [2, 5, 6]) : 0.9020061551
29 : ([1], [2, 5, 6], [3, 4]) : 0.9008458581
30 : ([1, 4], [2, 5, 6], [3]) : 0.9007876249
31 : ([1, 3], [2, 5, 6], [4]) : 0.8992514866
32 : ([1], [2, 5, 6], [3], [4]) : 0.8992459867
33 : ([1, 5, 6], [2, 3, 4]) : 0.9335721262
34 : ([1, 5, 6], [2], [3, 4]) : 0.9007835319
35 : ([1, 5, 6], [2, 4], [3]) : 0.9010346328
36 : ([1, 5, 6], [2, 3], [4]) : 0.9307255196
37 : ([1, 5, 6], [2], [3], [4]) : 0.8994952474
38 : ([1, 2, 3, 4], [5, 6]) : 0.9377066559
39 : ([1], [2, 3, 4], [5, 6]) : 0.9317523244
40 : ([1, 3, 4], [2], [5, 6]) : 0.9008337768
41 : ([1, 2], [3, 4], [5, 6]) : 0.9036723223
42 : ([1], [2], [3, 4], [5, 6]) : 0.8994878727
43 : ([1, 2, 4], [3], [5, 6]) : 0.9064449140
44 : ([1, 3], [2, 4], [5, 6]) : 0.8997719480
45 : ([1], [2, 4], [3], [5, 6]) : 0.8995202892
46 : ([1, 4], [2, 3], [5, 6]) : 0.9289406206
47 : ([1, 4], [2], [3], [5, 6]) : 0.8995541361
48 : ([1, 2, 3], [4], [5, 6]) : 0.9346285232
49 : ([1], [2, 3], [4], [5, 6]) : 0.9283716454
50 : ([1, 3], [2], [4], [5, 6]) : 0.8981618984
51 : ([1, 2], [3], [4], [5, 6]) : 0.9024510243
52 : ([1], [2], [3], [4], [5, 6]) : 0.8979888108
53 : ([1, 2, 3, 4, 6], [5]) : 0.9371414828
54 : ([1, 5], [2, 3, 4, 6]) : 0.9305030957
55 : ([1], [2, 3, 4, 6], [5]) : 0.9303096098
56 : ([1, 3, 4, 6], [2, 5]) : 0.9040115319
57 : ([1, 3, 4, 6], [2], [5]) : 0.9034497742
58 : ([1, 2, 5], [3, 4, 6]) : 0.9058059580
59 : ([1], [2, 5], [3, 4, 6]) : 0.9004404136
60 : ([1, 5], [2], [3, 4, 6]) : 0.9008066702
61 : ([1, 2], [3, 4, 6], [5]) : 0.9038366022
62 : ([1], [2], [3, 4, 6], [5]) : 0.8998980121
63 : ([1, 2, 4, 6], [3, 5]) : 0.9055978707
64 : ([1, 2, 4, 6], [3], [5]) : 0.9053353577
65 : ([1, 3, 5], [2, 4, 6]) : 0.9004796340
66 : ([1], [2, 4, 6], [3, 5]) : 0.8991906790
67 : ([1, 5], [2, 4, 6], [3]) : 0.9004101536
68 : ([1, 3], [2, 4, 6], [5]) : 0.8986972949
69 : ([1], [2, 4, 6], [3], [5]) : 0.8987595132
70 : ([1, 4, 6], [2, 3, 5]) : 0.9246979940
71 : ([1, 4, 6], [2], [3, 5]) : 0.8979451272
72 : ([1, 4, 6], [2, 5], [3]) : 0.8976273295
73 : ([1, 4, 6], [2, 3], [5]) : 0.9236283251
74 : ([1, 4, 6], [2], [3], [5]) : 0.8973708140
75 : ([1, 2, 3, 5], [4, 6]) : 0.9302256967
76 : ([1], [2, 3, 5], [4, 6]) : 0.9237580607
77 : ([1, 3, 5], [2], [4, 6]) : 0.8967648260
78 : ([1, 2], [3, 5], [4, 6]) : 0.8998030128
79 : ([1], [2], [3, 5], [4, 6]) : 0.8958086320
80 : ([1, 2, 5], [3], [4, 6]) : 0.9013476691
81 : ([1, 3], [2, 5], [4, 6]) : 0.8955044572
82 : ([1], [2, 5], [3], [4, 6]) : 0.8955769856
83 : ([1, 5], [2, 3], [4, 6]) : 0.9229342932
84 : ([1, 5], [2], [3], [4, 6]) : 0.8964380300
85 : ([1, 2, 3], [4, 6], [5]) : 0.9288105597
86 : ([1], [2, 3], [4, 6], [5]) : 0.9225344860
87 : ([1, 3], [2], [4, 6], [5]) : 0.8953262314
88 : ([1, 2], [3], [4, 6], [5]) : 0.8995196921
89 : ([1], [2], [3], [4, 6], [5]) : 0.8953658552
90 : ([1, 2, 3, 6], [4, 5]) : 0.9336798260
91 : ([1, 2, 3, 6], [4], [5]) : 0.9255469270
92 : ([1, 4, 5], [2, 3, 6]) : 0.9278776772
93 : ([1], [2, 3, 6], [4, 5]) : 0.9268687579
94 : ([1, 5], [2, 3, 6], [4]) : 0.9161352125
95 : ([1, 4], [2, 3, 6], [5]) : 0.9155959295
96 : ([1], [2, 3, 6], [4], [5]) : 0.9153745724
97 : ([1, 3, 6], [2, 4, 5]) : 0.8999246627
98 : ([1, 3, 6], [2], [4, 5]) : 0.8975582016
99 : ([1, 3, 6], [2, 5], [4]) : 0.8892836035
100 : ([1, 3, 6], [2, 4], [5]) : 0.8901548922
101 : ([1, 3, 6], [2], [4], [5]) : 0.8891178186
102 : ([1, 2, 4, 5], [3, 6]) : 0.9055295241
103 : ([1], [2, 4, 5], [3, 6]) : 0.8977449808
104 : ([1, 4, 5], [2], [3, 6]) : 0.8972307140
105 : ([1, 2], [3, 6], [4, 5]) : 0.8986744289
106 : ([1], [2], [3, 6], [4, 5]) : 0.8948920592
107 : ([1, 2, 5], [3, 6], [4]) : 0.8938618236
108 : ([1, 4], [2, 5], [3, 6]) : 0.8877248222
109 : ([1], [2, 5], [3, 6], [4]) : 0.8868605306
110 : ([1, 5], [2, 4], [3, 6]) : 0.8890875633
111 : ([1, 5], [2], [3, 6], [4]) : 0.8875661159
112 : ([1, 2, 4], [3, 6], [5]) : 0.8948716270
113 : ([1], [2, 4], [3, 6], [5]) : 0.8878555860
114 : ([1, 4], [2], [3, 6], [5]) : 0.8874995264
115 : ([1, 2], [3, 6], [4], [5]) : 0.8919374453
116 : ([1], [2], [3, 6], [4], [5]) : 0.8865294211
117 : ([1, 2, 6], [3, 4, 5]) : 0.9008491262
118 : ([1, 2, 6], [3], [4, 5]) : 0.8978272162
119 : ([1, 2, 6], [3, 5], [4]) : 0.8923850148
120 : ([1, 2, 6], [3, 4], [5]) : 0.8940859404
121 : ([1, 2, 6], [3], [4], [5]) : 0.8918595904
122 : ([1, 3, 4, 5], [2, 6]) : 0.8989600159
123 : ([1], [2, 6], [3, 4, 5]) : 0.8967679276
124 : ([1, 4, 5], [2, 6], [3]) : 0.8960981470
125 : ([1, 3], [2, 6], [4, 5]) : 0.8938097107
126 : ([1], [2, 6], [3], [4, 5]) : 0.8936199789
127 : ([1, 3, 5], [2, 6], [4]) : 0.8879874726
128 : ([1, 4], [2, 6], [3, 5]) : 0.8879266914
129 : ([1], [2, 6], [3, 5], [4]) : 0.8869383179
130 : ([1, 5], [2, 6], [3, 4]) : 0.8895471467
131 : ([1, 5], [2, 6], [3], [4]) : 0.8871793605
132 : ([1, 3, 4], [2, 6], [5]) : 0.8893848310
133 : ([1], [2, 6], [3, 4], [5]) : 0.8885540360
134 : ([1, 4], [2, 6], [3], [5]) : 0.8870787089
135 : ([1, 3], [2, 6], [4], [5]) : 0.8860914663
136 : ([1], [2, 6], [3], [4], [5]) : 0.8860678739
137 : ([1, 6], [2, 3, 4, 5]) : 0.9318744626
138 : ([1, 6], [2], [3, 4, 5]) : 0.8965046228
139 : ([1, 6], [2, 4, 5], [3]) : 0.8960417100
140 : ([1, 6], [2, 3], [4, 5]) : 0.9251631456
141 : ([1, 6], [2], [3], [4, 5]) : 0.8932694315
142 : ([1, 6], [2, 3, 5], [4]) : 0.9166225731
143 : ([1, 6], [2, 4], [3, 5]) : 0.8874276290
144 : ([1, 6], [2], [3, 5], [4]) : 0.8864144440
145 : ([1, 6], [2, 5], [3, 4]) : 0.8889243300
146 : ([1, 6], [2, 5], [3], [4]) : 0.8859409584
147 : ([1, 6], [2, 3, 4], [5]) : 0.9198930371
148 : ([1, 6], [2], [3, 4], [5]) : 0.8881794390
149 : ([1, 6], [2, 4], [3], [5]) : 0.8866962827
150 : ([1, 6], [2, 3], [4], [5]) : 0.9148945597
151 : ([1, 6], [2], [3], [4], [5]) : 0.8855841373
152 : ([1, 2, 3, 4, 5], [6]) : 0.9383845265
153 : ([1], [2, 3, 4, 5], [6]) : 0.9315434635
154 : ([1, 3, 4, 5], [2], [6]) : 0.8986303497
155 : ([1, 2], [3, 4, 5], [6]) : 0.9002021711
156 : ([1], [2], [3, 4, 5], [6]) : 0.8964965148
157 : ([1, 2, 4, 5], [3], [6]) : 0.9042646469
158 : ([1, 3], [2, 4, 5], [6]) : 0.8962149454
159 : ([1], [2, 4, 5], [3], [6]) : 0.8960397594
160 : ([1, 4, 5], [2, 3], [6]) : 0.9257151598
161 : ([1, 4, 5], [2], [3], [6]) : 0.8956041145
162 : ([1, 2, 3], [4, 5], [6]) : 0.9297479189
163 : ([1], [2, 3], [4, 5], [6]) : 0.9249554544
164 : ([1, 3], [2], [4, 5], [6]) : 0.8934950401
165 : ([1, 2], [3], [4, 5], [6]) : 0.8972053195
166 : ([1], [2], [3], [4, 5], [6]) : 0.8932665950
167 : ([1, 2, 3, 5], [4], [6]) : 0.9234782197
168 : ([1, 4], [2, 3, 5], [6]) : 0.9158596527
169 : ([1], [2, 3, 5], [4], [6]) : 0.9158496989
170 : ([1, 3, 5], [2, 4], [6]) : 0.8884971395
171 : ([1, 3, 5], [2], [4], [6]) : 0.8873000802
172 : ([1, 2, 4], [3, 5], [6]) : 0.8939552622
173 : ([1], [2, 4], [3, 5], [6]) : 0.8872970538
174 : ([1, 4], [2], [3, 5], [6]) : 0.8871944446
175 : ([1, 2], [3, 5], [4], [6]) : 0.8912874359
176 : ([1], [2], [3, 5], [4], [6]) : 0.8862234902
177 : ([1, 2, 5], [3, 4], [6]) : 0.8956673143
178 : ([1, 2, 5], [3], [4], [6]) : 0.8929158115
179 : ([1, 3, 4], [2, 5], [6]) : 0.8894595962
180 : ([1], [2, 5], [3, 4], [6]) : 0.8887817994
181 : ([1, 4], [2, 5], [3], [6]) : 0.8866580290
182 : ([1, 3], [2, 5], [4], [6]) : 0.8857765967
183 : ([1], [2, 5], [3], [4], [6]) : 0.8857706493
184 : ([1, 5], [2, 3, 4], [6]) : 0.9193698218
185 : ([1, 5], [2], [3, 4], [6]) : 0.8889882295
186 : ([1, 5], [2, 4], [3], [6]) : 0.8878908063
187 : ([1, 5], [2, 3], [4], [6]) : 0.9146800194
188 : ([1, 5], [2], [3], [4], [6]) : 0.8864604883
189 : ([1, 2, 3, 4], [5], [6]) : 0.9258775185
190 : ([1], [2, 3, 4], [5], [6]) : 0.9190917691
191 : ([1, 3, 4], [2], [5], [6]) : 0.8889031768
192 : ([1, 2], [3, 4], [5], [6]) : 0.8931220839
193 : ([1], [2], [3, 4], [5], [6]) : 0.8880652670
194 : ([1, 2, 4], [3], [5], [6]) : 0.8935865861
195 : ([1, 3], [2, 4], [5], [6]) : 0.8867213109
196 : ([1], [2, 4], [3], [5], [6]) : 0.8866233310
197 : ([1, 4], [2, 3], [5], [6]) : 0.9142032623
198 : ([1, 4], [2], [3], [5], [6]) : 0.8864203510
199 : ([1, 2, 3], [4], [5], [6]) : 0.9214162528
200 : ([1], [2, 3], [4], [5], [6]) : 0.9140489312
201 : ([1, 3], [2], [4], [5], [6]) : 0.8855015508
202 : ([1, 2], [3], [4], [5], [6]) : 0.8908272476
203 : ([1], [2], [3], [4], [5], [6]) : 0.8854329582
