=== Bootstrap seed: 86 ===
1 : ([1, 2, 3, 4, 5, 6],) : 0.9590404429
2 : ([1], [2, 3, 4, 5, 6]) : 0.9549156796
3 : ([1, 3, 4, 5, 6], [2]) : 0.9296687015
4 : ([1, 2], [3, 4, 5, 6]) : 0.9265845179
5 : ([1], [2], [3, 4, 5, 6]) : 0.9258266440
6 : ([1, 2, 4, 5, 6], [3]) : 0.9318112264
7 : ([1, 3], [2, 4, 5, 6]) : 0.9278168872
8 : ([1], [2, 4, 5, 6], [3]) : 0.9277080742
9 : ([1, 4, 5, 6], [2, 3]) : 0.9523119369
10 : ([1, 4, 5, 6], [2], [3]) : 0.9249721206
11 : ([1, 2, 3], [4, 5, 6]) : 0.9527391031
12 : ([1], [2, 3], [4, 5, 6]) : 0.9513068258
13 : ([1, 3], [2], [4, 5, 6]) : 0.9233419979
14 : ([1, 2], [3], [4, 5, 6]) : 0.9235203675
15 : ([1], [2], [3], [4, 5, 6]) : 0.9229744191
16 : ([1, 2, 3, 5, 6], [4]) : 0.9380590370
17 : ([1, 4], [2, 3, 5, 6]) : 0.9321644195
18 : ([1], [2, 3, 5, 6], [4]) : 0.9321230487
19 : ([1, 3, 5, 6], [2, 4]) : 0.9070246723
20 : ([1, 3, 5, 6], [2], [4]) : 0.9049801978
21 : ([1, 2, 4], [3, 5, 6]) : 0.9099307153
22 : ([1], [2, 4], [3, 5, 6]) : 0.9045734815
23 : ([1, 4], [2], [3, 5, 6]) : 0.9031226315
24 : ([1, 2], [3, 5, 6], [4]) : 0.9054770986
25 : ([1], [2], [3, 5, 6], [4]) : 0.9021234172
26 : ([1, 2, 5, 6], [3, 4]) : 0.9120490393
27 : ([1, 2, 5, 6], [3], [4]) : 0.9115307982
28 : ([1, 3, 4], [2, 5, 6]) : 0.9070740757
29 : ([1], [2, 5, 6], [3, 4]) : 0.9056971239
30 : ([1, 4], [2, 5, 6], [3]) : 0.9059033855
31 : ([1, 3], [2, 5, 6], [4]) : 0.9054012870
32 : ([1], [2, 5, 6], [3], [4]) : 0.9053321571
33 : ([1, 5, 6], [2, 3, 4]) : 0.9315590945
34 : ([1, 5, 6], [2], [3, 4]) : 0.9016854360
35 : ([1, 5, 6], [2, 4], [3]) : 0.9041256707
36 : ([1, 5, 6], [2, 3], [4]) : 0.9286259626
37 : ([1, 5, 6], [2], [3], [4]) : 0.9012608064
38 : ([1, 2, 3, 4], [5, 6]) : 0.9355030253
39 : ([1], [2, 3, 4], [5, 6]) : 0.9311083976
40 : ([1, 3, 4], [2], [5, 6]) : 0.9030644237
41 : ([1, 2], [3, 4], [5, 6]) : 0.9036579345
42 : ([1], [2], [3, 4], [5, 6]) : 0.9008232149
43 : ([1, 2, 4], [3], [5, 6]) : 0.9085171760
44 : ([1, 3], [2, 4], [5, 6]) : 0.9041133681
45 : ([1], [2, 4], [3], [5, 6]) : 0.9035829471
46 : ([1, 4], [2, 3], [5, 6]) : 0.9282862904
47 : ([1, 4], [2], [3], [5, 6]) : 0.9014145145
48 : ([1, 2, 3], [4], [5, 6]) : 0.9334236265
49 : ([1], [2, 3], [4], [5, 6]) : 0.9282433638
50 : ([1, 3], [2], [4], [5, 6]) : 0.9010105182
51 : ([1, 2], [3], [4], [5, 6]) : 0.9034643661
52 : ([1], [2], [3], [4], [5, 6]) : 0.9005272990
53 : ([1, 2, 3, 4, 6], [5]) : 0.9345138327
54 : ([1, 5], [2, 3, 4, 6]) : 0.9291020277
55 : ([1], [2, 3, 4, 6], [5]) : 0.9283314792
56 : ([1, 3, 4, 6], [2, 5]) : 0.9085352546
57 : ([1, 3, 4, 6], [2], [5]) : 0.9041532618
58 : ([1, 2, 5], [3, 4, 6]) : 0.9096201695
59 : ([1], [2, 5], [3, 4, 6]) : 0.9048413386
60 : ([1, 5], [2], [3, 4, 6]) : 0.8998577452
61 : ([1, 2], [3, 4, 6], [5]) : 0.9028262530
62 : ([1], [2], [3, 4, 6], [5]) : 0.8998523623
63 : ([1, 2, 4, 6], [3, 5]) : 0.9105454548
64 : ([1, 2, 4, 6], [3], [5]) : 0.9096561570
65 : ([1, 3, 5], [2, 4, 6]) : 0.9047960463
66 : ([1], [2, 4, 6], [3, 5]) : 0.9045443937
67 : ([1, 5], [2, 4, 6], [3]) : 0.9038320169
68 : ([1, 3], [2, 4, 6], [5]) : 0.9040193741
69 : ([1], [2, 4, 6], [3], [5]) : 0.9038199695
70 : ([1, 4, 6], [2, 3, 5]) : 0.9287515993
71 : ([1, 4, 6], [2], [3, 5]) : 0.9007582516
72 : ([1, 4, 6], [2, 5], [3]) : 0.9047316015
73 : ([1, 4, 6], [2, 3], [5]) : 0.9251076314
74 : ([1, 4, 6], [2], [3], [5]) : 0.8996391319
75 : ([1, 2, 3, 5], [4, 6]) : 0.9340644907
76 : ([1], [2, 3, 5], [4, 6]) : 0.9280998746
77 : ([1, 3, 5], [2], [4, 6]) : 0.8990881233
78 : ([1, 2], [3, 5], [4, 6]) : 0.9021532564
79 : ([1], [2], [3, 5], [4, 6]) : 0.8985298487
80 : ([1, 2, 5], [3], [4, 6]) : 0.9075958315
81 : ([1, 3], [2, 5], [4, 6]) : 0.9025916681
82 : ([1], [2, 5], [3], [4, 6]) : 0.9025579691
83 : ([1, 5], [2, 3], [4, 6]) : 0.9249558167
84 : ([1, 5], [2], [3], [4, 6]) : 0.8975951899
85 : ([1, 2, 3], [4, 6], [5]) : 0.9308061631
86 : ([1], [2, 3], [4, 6], [5]) : 0.9244426303
87 : ([1, 3], [2], [4, 6], [5]) : 0.8978196385
88 : ([1, 2], [3], [4, 6], [5]) : 0.9008107897
89 : ([1], [2], [3], [4, 6], [5]) : 0.8974938380
90 : ([1, 2, 3, 6], [4, 5]) : 0.9317061609
91 : ([1, 2, 3, 6], [4], [5]) : 0.9214209230
92 : ([1, 4, 5], [2, 3, 6]) : 0.9271873927
93 : ([1], [2, 3, 6], [4, 5]) : 0.9268594425
94 : ([1, 5], [2, 3, 6], [4]) : 0.9129346056
95 : ([1, 4], [2, 3, 6], [5]) : 0.9127117196
96 : ([1], [2, 3, 6], [4], [5]) : 0.9125693164
97 : ([1, 3, 6], [2, 4, 5]) : 0.9082773143
98 : ([1, 3, 6], [2], [4, 5]) : 0.9017907677
99 : ([1, 3, 6], [2, 5], [4]) : 0.8936671053
100 : ([1, 3, 6], [2, 4], [5]) : 0.8920390097
101 : ([1, 3, 6], [2], [4], [5]) : 0.8885592260
102 : ([1, 2, 4, 5], [3, 6]) : 0.9099105508
103 : ([1], [2, 4, 5], [3, 6]) : 0.9058487444
104 : ([1, 4, 5], [2], [3, 6]) : 0.9001670474
105 : ([1, 2], [3, 6], [4, 5]) : 0.8999650105
106 : ([1], [2], [3, 6], [4, 5]) : 0.8986095656
107 : ([1, 2, 5], [3, 6], [4]) : 0.8976939809
108 : ([1, 4], [2, 5], [3, 6]) : 0.8918888660
109 : ([1], [2, 5], [3, 6], [4]) : 0.8911213854
110 : ([1, 5], [2, 4], [3, 6]) : 0.8896059810
111 : ([1, 5], [2], [3, 6], [4]) : 0.8857706098
112 : ([1, 2, 4], [3, 6], [5]) : 0.8960492760
113 : ([1], [2, 4], [3, 6], [5]) : 0.8894783830
114 : ([1, 4], [2], [3, 6], [5]) : 0.8867562884
115 : ([1, 2], [3, 6], [4], [5]) : 0.8899655268
116 : ([1], [2], [3, 6], [4], [5]) : 0.8856926274
117 : ([1, 2, 6], [3, 4, 5]) : 0.9031488100
118 : ([1, 2, 6], [3], [4, 5]) : 0.9001000195
119 : ([1, 2, 6], [3, 5], [4]) : 0.8917932091
120 : ([1, 2, 6], [3, 4], [5]) : 0.8910791787
121 : ([1, 2, 6], [3], [4], [5]) : 0.8903167021
122 : ([1, 3, 4, 5], [2, 6]) : 0.9031793226
123 : ([1], [2, 6], [3, 4, 5]) : 0.9000675068
124 : ([1, 4, 5], [2, 6], [3]) : 0.8992799340
125 : ([1, 3], [2, 6], [4, 5]) : 0.8982163730
126 : ([1], [2, 6], [3], [4, 5]) : 0.8978486738
127 : ([1, 3, 5], [2, 6], [4]) : 0.8869471510
128 : ([1, 4], [2, 6], [3, 5]) : 0.8871281786
129 : ([1], [2, 6], [3, 5], [4]) : 0.8863544945
130 : ([1, 5], [2, 6], [3, 4]) : 0.8863875296
131 : ([1, 5], [2, 6], [3], [4]) : 0.8855606706
132 : ([1, 3, 4], [2, 6], [5]) : 0.8878996575
133 : ([1], [2, 6], [3, 4], [5]) : 0.8860451078
134 : ([1, 4], [2, 6], [3], [5]) : 0.8860521264
135 : ([1, 3], [2, 6], [4], [5]) : 0.8855544288
136 : ([1], [2, 6], [3], [4], [5]) : 0.8853128316
137 : ([1, 6], [2, 3, 4, 5]) : 0.9334278810
138 : ([1, 6], [2], [3, 4, 5]) : 0.9008969831
139 : ([1, 6], [2, 4, 5], [3]) : 0.9061697520
140 : ([1, 6], [2, 3], [4, 5]) : 0.9262191803
141 : ([1, 6], [2], [3], [4, 5]) : 0.8983212052
142 : ([1, 6], [2, 3, 5], [4]) : 0.9164415139
143 : ([1, 6], [2, 4], [3, 5]) : 0.8898766298
144 : ([1, 6], [2], [3, 5], [4]) : 0.8863387568
145 : ([1, 6], [2, 5], [3, 4]) : 0.8930130962
146 : ([1, 6], [2, 5], [3], [4]) : 0.8914499395
147 : ([1, 6], [2, 3, 4], [5]) : 0.9163008640
148 : ([1, 6], [2], [3, 4], [5]) : 0.8862057831
149 : ([1, 6], [2, 4], [3], [5]) : 0.8892656643
150 : ([1, 6], [2, 3], [4], [5]) : 0.9119922690
151 : ([1, 6], [2], [3], [4], [5]) : 0.8852769446
152 : ([1, 2, 3, 4, 5], [6]) : 0.9360262759
153 : ([1], [2, 3, 4, 5], [6]) : 0.9330821586
154 : ([1, 3, 4, 5], [2], [6]) : 0.9028644538
155 : ([1, 2], [3, 4, 5], [6]) : 0.9012371438
156 : ([1], [2], [3, 4, 5], [6]) : 0.8995248221
157 : ([1, 2, 4, 5], [3], [6]) : 0.9090830399
158 : ([1, 3], [2, 4, 5], [6]) : 0.9051160301
159 : ([1], [2, 4, 5], [3], [6]) : 0.9050835205
160 : ([1, 4, 5], [2, 3], [6]) : 0.9261309895
161 : ([1, 4, 5], [2], [3], [6]) : 0.8987950860
162 : ([1, 2, 3], [4, 5], [6]) : 0.9293435406
163 : ([1], [2, 3], [4, 5], [6]) : 0.9260683016
164 : ([1, 3], [2], [4, 5], [6]) : 0.8977338951
165 : ([1, 2], [3], [4, 5], [6]) : 0.8986978096
166 : ([1], [2], [3], [4, 5], [6]) : 0.8973259212
167 : ([1, 2, 3, 5], [4], [6]) : 0.9233406837
168 : ([1, 4], [2, 3, 5], [6]) : 0.9161669917
169 : ([1], [2, 3, 5], [4], [6]) : 0.9161592043
170 : ([1, 3, 5], [2, 4], [6]) : 0.8895093474
171 : ([1, 3, 5], [2], [4], [6]) : 0.8860500422
172 : ([1, 2, 4], [3, 5], [6]) : 0.8957587603
173 : ([1], [2, 4], [3, 5], [6]) : 0.8889530318
174 : ([1, 4], [2], [3, 5], [6]) : 0.8861865200
175 : ([1, 2], [3, 5], [4], [6]) : 0.8900979335
176 : ([1], [2], [3, 5], [4], [6]) : 0.8852787352
177 : ([1, 2, 5], [3, 4], [6]) : 0.8978192996
178 : ([1, 2, 5], [3], [4], [6]) : 0.8969165635
179 : ([1, 3, 4], [2, 5], [6]) : 0.8926176444
180 : ([1], [2, 5], [3, 4], [6]) : 0.8914737058
181 : ([1, 4], [2, 5], [3], [6]) : 0.8907713178
182 : ([1, 3], [2, 5], [4], [6]) : 0.8901415366
183 : ([1], [2, 5], [3], [4], [6]) : 0.8901851674
184 : ([1, 5], [2, 3, 4], [6]) : 0.9165332523
185 : ([1, 5], [2], [3, 4], [6]) : 0.8855592281
186 : ([1, 5], [2, 4], [3], [6]) : 0.8886700966
187 : ([1, 5], [2, 3], [4], [6]) : 0.9120530439
188 : ([1, 5], [2], [3], [4], [6]) : 0.8846216787
189 : ([1, 2, 3, 4], [5], [6]) : 0.9219757535
190 : ([1], [2, 3, 4], [5], [6]) : 0.9161348449
191 : ([1, 3, 4], [2], [5], [6]) : 0.8872778117
192 : ([1, 2], [3, 4], [5], [6]) : 0.8894328929
193 : ([1], [2], [3, 4], [5], [6]) : 0.8852040091
194 : ([1, 2, 4], [3], [5], [6]) : 0.8950374858
195 : ([1, 3], [2, 4], [5], [6]) : 0.8887641813
196 : ([1], [2, 4], [3], [5], [6]) : 0.8884552192
197 : ([1, 4], [2, 3], [5], [6]) : 0.9118834659
198 : ([1, 4], [2], [3], [5], [6]) : 0.8852113841
199 : ([1, 2, 3], [4], [5], [6]) : 0.9194986409
200 : ([1], [2, 3], [4], [5], [6]) : 0.9118318197
201 : ([1, 3], [2], [4], [5], [6]) : 0.8846532767
202 : ([1, 2], [3], [4], [5], [6]) : 0.8887981929
203 : ([1], [2], [3], [4], [5], [6]) : 0.8843538125
