=== Bootstrap seed: 31 ===
1 : ([1, 2, 3, 4, 5, 6],) : 0.9706384994
2 : ([1], [2, 3, 4, 5, 6]) : 0.9580949217
3 : ([1, 3, 4, 5, 6], [2]) : 0.9337280888
4 : ([1, 2], [3, 4, 5, 6]) : 0.9292712001
5 : ([1], [2], [3, 4, 5, 6]) : 0.9261265707
6 : ([1, 2, 4, 5, 6], [3]) : 0.9355498364
7 : ([1, 3], [2, 4, 5, 6]) : 0.9287572195
8 : ([1], [2, 4, 5, 6], [3]) : 0.9279236858
9 : ([1, 4, 5, 6], [2, 3]) : 0.9583399230
10 : ([1, 4, 5, 6], [2], [3]) : 0.9284689844
11 : ([1, 2, 3], [4, 5, 6]) : 0.9598338650
12 : ([1], [2, 3], [4, 5, 6]) : 0.9562012247
13 : ([1, 3], [2], [4, 5, 6]) : 0.9251737908
14 : ([1, 2], [3], [4, 5, 6]) : 0.9269679291
15 : ([1], [2], [3], [4, 5, 6]) : 0.9238920961
16 : ([1, 2, 3, 5, 6], [4]) : 0.9416701059
17 : ([1, 4], [2, 3, 5, 6]) : 0.9314872133
18 : ([1], [2, 3, 5, 6], [4]) : 0.9305509694
19 : ([1, 3, 5, 6], [2, 4]) : 0.9059871369
20 : ([1, 3, 5, 6], [2], [4]) : 0.9046659110
21 : ([1, 2, 4], [3, 5, 6]) : 0.9082904196
22 : ([1], [2, 4], [3, 5, 6]) : 0.9003489752
23 : ([1, 4], [2], [3, 5, 6]) : 0.9012005400
24 : ([1, 2], [3, 5, 6], [4]) : 0.9022765388
25 : ([1], [2], [3, 5, 6], [4]) : 0.8981131842
26 : ([1, 2, 5, 6], [3, 4]) : 0.9076747444
27 : ([1, 2, 5, 6], [3], [4]) : 0.9076999303
28 : ([1, 3, 4], [2, 5, 6]) : 0.9058562155
29 : ([1], [2, 5, 6], [3, 4]) : 0.9026074696
30 : ([1, 4], [2, 5, 6], [3]) : 0.9051669245
31 : ([1, 3], [2, 5, 6], [4]) : 0.9034294049
32 : ([1], [2, 5, 6], [3], [4]) : 0.9026107922
33 : ([1, 5, 6], [2, 3, 4]) : 0.9334961364
34 : ([1, 5, 6], [2], [3, 4]) : 0.8974180199
35 : ([1, 5, 6], [2, 4], [3]) : 0.8998260443
36 : ([1, 5, 6], [2, 3], [4]) : 0.9302794047
37 : ([1, 5, 6], [2], [3], [4]) : 0.8974165995
38 : ([1, 2, 3, 4], [5, 6]) : 0.9359632511
39 : ([1], [2, 3, 4], [5, 6]) : 0.9307742681
40 : ([1, 3, 4], [2], [5, 6]) : 0.9008914244
41 : ([1, 2], [3, 4], [5, 6]) : 0.8999545441
42 : ([1], [2], [3, 4], [5, 6]) : 0.8959732526
43 : ([1, 2, 4], [3], [5, 6]) : 0.9071995041
44 : ([1, 3], [2, 4], [5, 6]) : 0.8995505746
45 : ([1], [2, 4], [3], [5, 6]) : 0.8983516090
46 : ([1, 4], [2, 3], [5, 6]) : 0.9284363025
47 : ([1, 4], [2], [3], [5, 6]) : 0.8996612584
48 : ([1, 2, 3], [4], [5, 6]) : 0.9313530251
49 : ([1], [2, 3], [4], [5, 6]) : 0.9268808697
50 : ([1, 3], [2], [4], [5, 6]) : 0.8975651757
51 : ([1, 2], [3], [4], [5, 6]) : 0.8999930005
52 : ([1], [2], [3], [4], [5, 6]) : 0.8959856931
53 : ([1, 2, 3, 4, 6], [5]) : 0.9373277184
54 : ([1, 5], [2, 3, 4, 6]) : 0.9334013601
55 : ([1], [2, 3, 4, 6], [5]) : 0.9323309860
56 : ([1, 3, 4, 6], [2, 5]) : 0.9061338155
57 : ([1, 3, 4, 6], [2], [5]) : 0.9029775661
58 : ([1, 2, 5], [3, 4, 6]) : 0.9069255283
59 : ([1], [2, 5], [3, 4, 6]) : 0.9021709841
60 : ([1, 5], [2], [3, 4, 6]) : 0.8976905135
61 : ([1, 2], [3, 4, 6], [5]) : 0.9013381696
62 : ([1], [2], [3, 4, 6], [5]) : 0.8971043448
63 : ([1, 2, 4, 6], [3, 5]) : 0.9114534626
64 : ([1, 2, 4, 6], [3], [5]) : 0.9112696271
65 : ([1, 3, 5], [2, 4, 6]) : 0.9046492021
66 : ([1], [2, 4, 6], [3, 5]) : 0.9034887685
67 : ([1, 5], [2, 4, 6], [3]) : 0.9034130060
68 : ([1, 3], [2, 4, 6], [5]) : 0.9038077355
69 : ([1], [2, 4, 6], [3], [5]) : 0.9032226991
70 : ([1, 4, 6], [2, 3, 5]) : 0.9317549697
71 : ([1, 4, 6], [2], [3, 5]) : 0.9003419467
72 : ([1, 4, 6], [2, 5], [3]) : 0.9046423509
73 : ([1, 4, 6], [2, 3], [5]) : 0.9291057340
74 : ([1, 4, 6], [2], [3], [5]) : 0.9002246305
75 : ([1, 2, 3, 5], [4, 6]) : 0.9366976561
76 : ([1], [2, 3, 5], [4, 6]) : 0.9310295629
77 : ([1, 3, 5], [2], [4, 6]) : 0.8988934856
78 : ([1, 2], [3, 5], [4, 6]) : 0.9005641972
79 : ([1], [2], [3, 5], [4, 6]) : 0.8962695203
80 : ([1, 2, 5], [3], [4, 6]) : 0.9060485345
81 : ([1, 3], [2, 5], [4, 6]) : 0.9021212168
82 : ([1], [2, 5], [3], [4, 6]) : 0.9015949352
83 : ([1, 5], [2, 3], [4, 6]) : 0.9295972141
84 : ([1, 5], [2], [3], [4, 6]) : 0.8966781983
85 : ([1, 2, 3], [4, 6], [5]) : 0.9319423110
86 : ([1], [2, 3], [4, 6], [5]) : 0.9279220246
87 : ([1, 3], [2], [4, 6], [5]) : 0.8971976418
88 : ([1, 2], [3], [4, 6], [5]) : 0.9004355352
89 : ([1], [2], [3], [4, 6], [5]) : 0.8961167719
90 : ([1, 2, 3, 6], [4, 5]) : 0.9395395662
91 : ([1, 2, 3, 6], [4], [5]) : 0.9250996622
92 : ([1, 4, 5], [2, 3, 6]) : 0.9375069152
93 : ([1], [2, 3, 6], [4, 5]) : 0.9350915415
94 : ([1, 5], [2, 3, 6], [4]) : 0.9203144736
95 : ([1, 4], [2, 3, 6], [5]) : 0.9194953765
96 : ([1], [2, 3, 6], [4], [5]) : 0.9183871737
97 : ([1, 3, 6], [2, 4, 5]) : 0.9091941552
98 : ([1, 3, 6], [2], [4, 5]) : 0.9079625086
99 : ([1, 3, 6], [2, 5], [4]) : 0.8942393386
100 : ([1, 3, 6], [2, 4], [5]) : 0.8930247651
101 : ([1, 3, 6], [2], [4], [5]) : 0.8906380895
102 : ([1, 2, 4, 5], [3, 6]) : 0.9127973682
103 : ([1], [2, 4, 5], [3, 6]) : 0.9062760079
104 : ([1, 4, 5], [2], [3, 6]) : 0.9062903799
105 : ([1, 2], [3, 6], [4, 5]) : 0.9069539297
106 : ([1], [2], [3, 6], [4, 5]) : 0.9037687604
107 : ([1, 2, 5], [3, 6], [4]) : 0.8975993766
108 : ([1, 4], [2, 5], [3, 6]) : 0.8946332020
109 : ([1], [2, 5], [3, 6], [4]) : 0.8925229783
110 : ([1, 5], [2, 4], [3, 6]) : 0.8907343435
111 : ([1, 5], [2], [3, 6], [4]) : 0.8881043530
112 : ([1, 2, 4], [3, 6], [5]) : 0.8974020066
113 : ([1], [2, 4], [3, 6], [5]) : 0.8899590359
114 : ([1, 4], [2], [3, 6], [5]) : 0.8901179980
115 : ([1, 2], [3, 6], [4], [5]) : 0.8920845788
116 : ([1], [2], [3, 6], [4], [5]) : 0.8874743151
117 : ([1, 2, 6], [3, 4, 5]) : 0.9105965310
118 : ([1, 2, 6], [3], [4, 5]) : 0.9084186463
119 : ([1, 2, 6], [3, 5], [4]) : 0.8949693337
120 : ([1, 2, 6], [3, 4], [5]) : 0.8948483979
121 : ([1, 2, 6], [3], [4], [5]) : 0.8947735549
122 : ([1, 3, 4, 5], [2, 6]) : 0.9107643413
123 : ([1], [2, 6], [3, 4, 5]) : 0.9069886018
124 : ([1, 4, 5], [2, 6], [3]) : 0.9069917257
125 : ([1, 3], [2, 6], [4, 5]) : 0.9058495648
126 : ([1], [2, 6], [3], [4, 5]) : 0.9046790541
127 : ([1, 3, 5], [2, 6], [4]) : 0.8917884045
128 : ([1, 4], [2, 6], [3, 5]) : 0.8917404176
129 : ([1], [2, 6], [3, 5], [4]) : 0.8895180107
130 : ([1, 5], [2, 6], [3, 4]) : 0.8901056281
131 : ([1, 5], [2, 6], [3], [4]) : 0.8897764689
132 : ([1, 3, 4], [2, 6], [5]) : 0.8926414368
133 : ([1], [2, 6], [3, 4], [5]) : 0.8896863795
134 : ([1, 4], [2, 6], [3], [5]) : 0.8915986241
135 : ([1, 3], [2, 6], [4], [5]) : 0.8902345894
136 : ([1], [2, 6], [3], [4], [5]) : 0.8893609250
137 : ([1, 6], [2, 3, 4, 5]) : 0.9387529658
138 : ([1, 6], [2], [3, 4, 5]) : 0.9066800464
139 : ([1, 6], [2, 4, 5], [3]) : 0.9068610352
140 : ([1, 6], [2, 3], [4, 5]) : 0.9347515652
141 : ([1, 6], [2], [3], [4, 5]) : 0.9041523084
142 : ([1, 6], [2, 3, 5], [4]) : 0.9215471516
143 : ([1, 6], [2, 4], [3, 5]) : 0.8903688621
144 : ([1, 6], [2], [3, 5], [4]) : 0.8871734961
145 : ([1, 6], [2, 5], [3, 4]) : 0.8924591813
146 : ([1, 6], [2, 5], [3], [4]) : 0.8923846583
147 : ([1, 6], [2, 3, 4], [5]) : 0.9217019535
148 : ([1, 6], [2], [3, 4], [5]) : 0.8870067091
149 : ([1, 6], [2, 4], [3], [5]) : 0.8897914938
150 : ([1, 6], [2, 3], [4], [5]) : 0.9177724009
151 : ([1, 6], [2], [3], [4], [5]) : 0.8868634847
152 : ([1, 2, 3, 4, 5], [6]) : 0.9455512563
153 : ([1], [2, 3, 4, 5], [6]) : 0.9387828182
154 : ([1, 3, 4, 5], [2], [6]) : 0.9094935306
155 : ([1, 2], [3, 4, 5], [6]) : 0.9081473548
156 : ([1], [2], [3, 4, 5], [6]) : 0.9053205530
157 : ([1, 2, 4, 5], [3], [6]) : 0.9121365252
158 : ([1, 3], [2, 4, 5], [6]) : 0.9061277002
159 : ([1], [2, 4, 5], [3], [6]) : 0.9057382965
160 : ([1, 4, 5], [2, 3], [6]) : 0.9371143250
161 : ([1, 4, 5], [2], [3], [6]) : 0.9054386610
162 : ([1, 2, 3], [4, 5], [6]) : 0.9381584899
163 : ([1], [2, 3], [4, 5], [6]) : 0.9347429879
164 : ([1, 3], [2], [4, 5], [6]) : 0.9039580546
165 : ([1, 2], [3], [4, 5], [6]) : 0.9059691561
166 : ([1], [2], [3], [4, 5], [6]) : 0.9029285904
167 : ([1, 2, 3, 5], [4], [6]) : 0.9280049459
168 : ([1, 4], [2, 3, 5], [6]) : 0.9221979940
169 : ([1], [2, 3, 5], [4], [6]) : 0.9213534853
170 : ([1, 3, 5], [2, 4], [6]) : 0.8921555984
171 : ([1, 3, 5], [2], [4], [6]) : 0.8895685689
172 : ([1, 2, 4], [3, 5], [6]) : 0.8969216955
173 : ([1], [2, 4], [3, 5], [6]) : 0.8895085454
174 : ([1, 4], [2], [3, 5], [6]) : 0.8892894811
175 : ([1, 2], [3, 5], [4], [6]) : 0.8909927259
176 : ([1], [2], [3, 5], [4], [6]) : 0.8864869350
177 : ([1, 2, 5], [3, 4], [6]) : 0.8967446955
178 : ([1, 2, 5], [3], [4], [6]) : 0.8966041783
179 : ([1, 3, 4], [2, 5], [6]) : 0.8945140348
180 : ([1], [2, 5], [3, 4], [6]) : 0.8918757576
181 : ([1, 4], [2, 5], [3], [6]) : 0.8940611739
182 : ([1, 3], [2, 5], [4], [6]) : 0.8922379268
183 : ([1], [2, 5], [3], [4], [6]) : 0.8917800342
184 : ([1, 5], [2, 3, 4], [6]) : 0.9235143002
185 : ([1, 5], [2], [3, 4], [6]) : 0.8870339597
186 : ([1, 5], [2, 4], [3], [6]) : 0.8896886742
187 : ([1, 5], [2, 3], [4], [6]) : 0.9195642409
188 : ([1, 5], [2], [3], [4], [6]) : 0.8868585127
189 : ([1, 2, 3, 4], [5], [6]) : 0.9262564197
190 : ([1], [2, 3, 4], [5], [6]) : 0.9217288093
191 : ([1, 3, 4], [2], [5], [6]) : 0.8900800543
192 : ([1, 2], [3, 4], [5], [6]) : 0.8907999193
193 : ([1], [2], [3, 4], [5], [6]) : 0.8863475936
194 : ([1, 2, 4], [3], [5], [6]) : 0.8967646650
195 : ([1, 3], [2, 4], [5], [6]) : 0.8897753823
196 : ([1], [2, 4], [3], [5], [6]) : 0.8889375791
197 : ([1, 4], [2, 3], [5], [6]) : 0.9189266880
198 : ([1, 4], [2], [3], [5], [6]) : 0.8891460892
199 : ([1, 2, 3], [4], [5], [6]) : 0.9221625052
200 : ([1], [2, 3], [4], [5], [6]) : 0.9176068802
201 : ([1, 3], [2], [4], [5], [6]) : 0.8872655628
202 : ([1, 2], [3], [4], [5], [6]) : 0.8907619831
203 : ([1], [2], [3], [4], [5], [6]) : 0.8861880399
