=== Bootstrap seed: 52 ===
1 : ([1, 2, 3, 4, 5, 6],) : 0.9677255946
2 : ([1], [2, 3, 4, 5, 6]) : 0.9619713672
3 : ([1, 3, 4, 5, 6], [2]) : 0.9338883087
4 : ([1, 2], [3, 4, 5, 6]) : 0.9318742659
5 : ([1], [2], [3, 4, 5, 6]) : 0.9291925216
6 : ([1, 2, 4, 5, 6], [3]) : 0.9344368059
7 : ([1, 3], [2, 4, 5, 6]) : 0.9294260227
8 : ([1], [2, 4, 5, 6], [3]) : 0.9290921323
9 : ([1, 4, 5, 6], [2, 3]) : 0.9595034042
10 : ([1, 4, 5, 6], [2], [3]) : 0.9246877956
11 : ([1, 2, 3], [4, 5, 6]) : 0.9601808705
12 : ([1], [2, 3], [4, 5, 6]) : 0.9578713485
13 : ([1, 3], [2], [4, 5, 6]) : 0.9235765583
14 : ([1, 2], [3], [4, 5, 6]) : 0.9262830188
15 : ([1], [2], [3], [4, 5, 6]) : 0.9234108054
16 : ([1, 2, 3, 5, 6], [4]) : 0.9437375997
17 : ([1, 4], [2, 3, 5, 6]) : 0.9352827260
18 : ([1], [2, 3, 5, 6], [4]) : 0.9349683583
19 : ([1, 3, 5, 6], [2, 4]) : 0.9124864862
20 : ([1, 3, 5, 6], [2], [4]) : 0.9095788284
21 : ([1, 2, 4], [3, 5, 6]) : 0.9120517964
22 : ([1], [2, 4], [3, 5, 6]) : 0.9078803815
23 : ([1, 4], [2], [3, 5, 6]) : 0.9053208158
24 : ([1, 2], [3, 5, 6], [4]) : 0.9078163878
25 : ([1], [2], [3, 5, 6], [4]) : 0.9045299274
26 : ([1, 2, 5, 6], [3, 4]) : 0.9109195805
27 : ([1, 2, 5, 6], [3], [4]) : 0.9106313181
28 : ([1, 3, 4], [2, 5, 6]) : 0.9045871285
29 : ([1], [2, 5, 6], [3, 4]) : 0.9032667190
30 : ([1, 4], [2, 5, 6], [3]) : 0.9036862429
31 : ([1, 3], [2, 5, 6], [4]) : 0.9031500978
32 : ([1], [2, 5, 6], [3], [4]) : 0.9028920289
33 : ([1, 5, 6], [2, 3, 4]) : 0.9398709616
34 : ([1, 5, 6], [2], [3, 4]) : 0.9046941205
35 : ([1, 5, 6], [2, 4], [3]) : 0.9074073738
36 : ([1, 5, 6], [2, 3], [4]) : 0.9368252364
37 : ([1, 5, 6], [2], [3], [4]) : 0.9043924238
38 : ([1, 2, 3, 4], [5, 6]) : 0.9404494408
39 : ([1], [2, 3, 4], [5, 6]) : 0.9370535822
40 : ([1, 3, 4], [2], [5, 6]) : 0.9040993996
41 : ([1, 2], [3, 4], [5, 6]) : 0.9062092518
42 : ([1], [2], [3, 4], [5, 6]) : 0.9028760243
43 : ([1, 2, 4], [3], [5, 6]) : 0.9097593249
44 : ([1, 3], [2, 4], [5, 6]) : 0.9063207531
45 : ([1], [2, 4], [3], [5, 6]) : 0.9058186089
46 : ([1, 4], [2, 3], [5, 6]) : 0.9337921376
47 : ([1, 4], [2], [3], [5, 6]) : 0.9032541526
48 : ([1, 2, 3], [4], [5, 6]) : 0.9365030406
49 : ([1], [2, 3], [4], [5, 6]) : 0.9336145362
50 : ([1, 3], [2], [4], [5, 6]) : 0.9027822034
51 : ([1, 2], [3], [4], [5, 6]) : 0.9058439233
52 : ([1], [2], [3], [4], [5, 6]) : 0.9025375985
53 : ([1, 2, 3, 4, 6], [5]) : 0.9486182957
54 : ([1, 5], [2, 3, 4, 6]) : 0.9434057284
55 : ([1], [2, 3, 4, 6], [5]) : 0.9425073690
56 : ([1, 3, 4, 6], [2, 5]) : 0.9165519057
57 : ([1, 3, 4, 6], [2], [5]) : 0.9151242078
58 : ([1, 2, 5], [3, 4, 6]) : 0.9203017718
59 : ([1], [2, 5], [3, 4, 6]) : 0.9137360911
60 : ([1, 5], [2], [3, 4, 6]) : 0.9138829384
61 : ([1, 2], [3, 4, 6], [5]) : 0.9173221996
62 : ([1], [2], [3, 4, 6], [5]) : 0.9126099443
63 : ([1, 2, 4, 6], [3, 5]) : 0.9185361580
64 : ([1, 2, 4, 6], [3], [5]) : 0.9170137355
65 : ([1, 3, 5], [2, 4, 6]) : 0.9136914621
66 : ([1], [2, 4, 6], [3, 5]) : 0.9117503290
67 : ([1, 5], [2, 4, 6], [3]) : 0.9110840320
68 : ([1, 3], [2, 4, 6], [5]) : 0.9106827447
69 : ([1], [2, 4, 6], [3], [5]) : 0.9100195437
70 : ([1, 4, 6], [2, 3, 5]) : 0.9399584912
71 : ([1, 4, 6], [2], [3, 5]) : 0.9083106635
72 : ([1, 4, 6], [2, 5], [3]) : 0.9080726210
73 : ([1, 4, 6], [2, 3], [5]) : 0.9383787577
74 : ([1, 4, 6], [2], [3], [5]) : 0.9065081770
75 : ([1, 2, 3, 5], [4, 6]) : 0.9447582609
76 : ([1], [2, 3, 5], [4, 6]) : 0.9391186349
77 : ([1, 3, 5], [2], [4, 6]) : 0.9093325049
78 : ([1, 2], [3, 5], [4, 6]) : 0.9129660094
79 : ([1], [2], [3, 5], [4, 6]) : 0.9076220849
80 : ([1, 2, 5], [3], [4, 6]) : 0.9140566330
81 : ([1, 3], [2, 5], [4, 6]) : 0.9081191185
82 : ([1], [2, 5], [3], [4, 6]) : 0.9074024685
83 : ([1, 5], [2, 3], [4, 6]) : 0.9385495007
84 : ([1, 5], [2], [3], [4, 6]) : 0.9070799026
85 : ([1, 2, 3], [4, 6], [5]) : 0.9420018659
86 : ([1], [2, 3], [4, 6], [5]) : 0.9377205550
87 : ([1, 3], [2], [4, 6], [5]) : 0.9067097683
88 : ([1, 2], [3], [4, 6], [5]) : 0.9115428000
89 : ([1], [2], [3], [4, 6], [5]) : 0.9061205553
90 : ([1, 2, 3, 6], [4, 5]) : 0.9398928463
91 : ([1, 2, 3, 6], [4], [5]) : 0.9338410480
92 : ([1, 4, 5], [2, 3, 6]) : 0.9369662167
93 : ([1], [2, 3, 6], [4, 5]) : 0.9347895156
94 : ([1, 5], [2, 3, 6], [4]) : 0.9295711785
95 : ([1, 4], [2, 3, 6], [5]) : 0.9275168753
96 : ([1], [2, 3, 6], [4], [5]) : 0.9273625733
97 : ([1, 3, 6], [2, 4, 5]) : 0.9104818240
98 : ([1, 3, 6], [2], [4, 5]) : 0.9048133020
99 : ([1, 3, 6], [2, 5], [4]) : 0.9009133826
100 : ([1, 3, 6], [2, 4], [5]) : 0.9029702865
101 : ([1, 3, 6], [2], [4], [5]) : 0.8997430598
102 : ([1, 2, 4, 5], [3, 6]) : 0.9134273056
103 : ([1], [2, 4, 5], [3, 6]) : 0.9079032135
104 : ([1, 4, 5], [2], [3, 6]) : 0.9048841198
105 : ([1, 2], [3, 6], [4, 5]) : 0.9046118186
106 : ([1], [2], [3, 6], [4, 5]) : 0.9022297654
107 : ([1, 2, 5], [3, 6], [4]) : 0.9052631708
108 : ([1, 4], [2, 5], [3, 6]) : 0.8983691122
109 : ([1], [2, 5], [3, 6], [4]) : 0.8981076220
110 : ([1, 5], [2, 4], [3, 6]) : 0.9026189476
111 : ([1, 5], [2], [3, 6], [4]) : 0.8994227550
112 : ([1, 2, 4], [3, 6], [5]) : 0.9047964026
113 : ([1], [2, 4], [3, 6], [5]) : 0.9003721661
114 : ([1, 4], [2], [3, 6], [5]) : 0.8972271683
115 : ([1, 2], [3, 6], [4], [5]) : 0.9012109703
116 : ([1], [2], [3, 6], [4], [5]) : 0.8970490542
117 : ([1, 2, 6], [3, 4, 5]) : 0.9089787251
118 : ([1, 2, 6], [3], [4, 5]) : 0.9060469080
119 : ([1, 2, 6], [3, 5], [4]) : 0.9037252858
120 : ([1, 2, 6], [3, 4], [5]) : 0.9030421698
121 : ([1, 2, 6], [3], [4], [5]) : 0.9024412947
122 : ([1, 3, 4, 5], [2, 6]) : 0.9060534633
123 : ([1], [2, 6], [3, 4, 5]) : 0.9032356640
124 : ([1, 4, 5], [2, 6], [3]) : 0.9031426258
125 : ([1, 3], [2, 6], [4, 5]) : 0.9008456229
126 : ([1], [2, 6], [3], [4, 5]) : 0.9007291384
127 : ([1, 3, 5], [2, 6], [4]) : 0.8992184958
128 : ([1, 4], [2, 6], [3, 5]) : 0.8971113007
129 : ([1], [2, 6], [3, 5], [4]) : 0.8967508921
130 : ([1, 5], [2, 6], [3, 4]) : 0.8982895485
131 : ([1, 5], [2, 6], [3], [4]) : 0.8975322725
132 : ([1, 3, 4], [2, 6], [5]) : 0.8973334983
133 : ([1], [2, 6], [3, 4], [5]) : 0.8963150365
134 : ([1, 4], [2, 6], [3], [5]) : 0.8958729852
135 : ([1, 3], [2, 6], [4], [5]) : 0.8959308086
136 : ([1], [2, 6], [3], [4], [5]) : 0.8955678415
137 : ([1, 6], [2, 3, 4, 5]) : 0.9401090694
138 : ([1, 6], [2], [3, 4, 5]) : 0.9037153383
139 : ([1, 6], [2, 4, 5], [3]) : 0.9068358890
140 : ([1, 6], [2, 3], [4, 5]) : 0.9348965937
141 : ([1, 6], [2], [3], [4, 5]) : 0.9011165201
142 : ([1, 6], [2, 3, 5], [4]) : 0.9287077901
143 : ([1, 6], [2, 4], [3, 5]) : 0.9007297409
144 : ([1, 6], [2], [3, 5], [4]) : 0.8973013563
145 : ([1, 6], [2, 5], [3, 4]) : 0.8979513085
146 : ([1, 6], [2, 5], [3], [4]) : 0.8972013944
147 : ([1, 6], [2, 3, 4], [5]) : 0.9309558818
148 : ([1, 6], [2], [3, 4], [5]) : 0.8966840924
149 : ([1, 6], [2, 4], [3], [5]) : 0.8990284412
150 : ([1, 6], [2, 3], [4], [5]) : 0.9273475529
151 : ([1, 6], [2], [3], [4], [5]) : 0.8959444680
152 : ([1, 2, 3, 4, 5], [6]) : 0.9460823936
153 : ([1], [2, 3, 4, 5], [6]) : 0.9398653094
154 : ([1, 3, 4, 5], [2], [6]) : 0.9060259496
155 : ([1, 2], [3, 4, 5], [6]) : 0.9064159406
156 : ([1], [2], [3, 4, 5], [6]) : 0.9033036734
157 : ([1, 2, 4, 5], [3], [6]) : 0.9119877397
158 : ([1, 3], [2, 4, 5], [6]) : 0.9070002788
159 : ([1], [2, 4, 5], [3], [6]) : 0.9065471101
160 : ([1, 4, 5], [2, 3], [6]) : 0.9365200575
161 : ([1, 4, 5], [2], [3], [6]) : 0.9029848281
162 : ([1, 2, 3], [4, 5], [6]) : 0.9367643215
163 : ([1], [2, 3], [4, 5], [6]) : 0.9345138521
164 : ([1, 3], [2], [4, 5], [6]) : 0.9008310934
165 : ([1, 2], [3], [4, 5], [6]) : 0.9033410146
166 : ([1], [2], [3], [4, 5], [6]) : 0.9006764474
167 : ([1, 2, 3, 5], [4], [6]) : 0.9347230588
168 : ([1, 4], [2, 3, 5], [6]) : 0.9284843818
169 : ([1], [2, 3, 5], [4], [6]) : 0.9281606558
170 : ([1, 3, 5], [2, 4], [6]) : 0.9032023610
171 : ([1, 3, 5], [2], [4], [6]) : 0.8992490894
172 : ([1, 2, 4], [3, 5], [6]) : 0.9053342768
173 : ([1], [2, 4], [3, 5], [6]) : 0.9005055073
174 : ([1, 4], [2], [3, 5], [6]) : 0.8970632892
175 : ([1, 2], [3, 5], [4], [6]) : 0.9012941524
176 : ([1], [2], [3, 5], [4], [6]) : 0.8967688987
177 : ([1, 2, 5], [3, 4], [6]) : 0.9045037900
178 : ([1, 2, 5], [3], [4], [6]) : 0.9037194183
179 : ([1, 3, 4], [2, 5], [6]) : 0.8985326988
180 : ([1], [2, 5], [3, 4], [6]) : 0.8973945382
181 : ([1, 4], [2, 5], [3], [6]) : 0.8969841546
182 : ([1, 3], [2, 5], [4], [6]) : 0.8970917941
183 : ([1], [2, 5], [3], [4], [6]) : 0.8966417423
184 : ([1, 5], [2, 3, 4], [6]) : 0.9324243550
185 : ([1, 5], [2], [3, 4], [6]) : 0.8982227842
186 : ([1, 5], [2, 4], [3], [6]) : 0.9008298166
187 : ([1, 5], [2, 3], [4], [6]) : 0.9288022841
188 : ([1, 5], [2], [3], [4], [6]) : 0.8974592990
189 : ([1, 2, 3, 4], [5], [6]) : 0.9346505021
190 : ([1], [2, 3, 4], [5], [6]) : 0.9305303712
191 : ([1, 3, 4], [2], [5], [6]) : 0.8972292948
192 : ([1, 2], [3, 4], [5], [6]) : 0.9007441701
193 : ([1], [2], [3, 4], [5], [6]) : 0.8962447535
194 : ([1, 2, 4], [3], [5], [6]) : 0.9035642469
195 : ([1, 3], [2, 4], [5], [6]) : 0.8995555546
196 : ([1], [2, 4], [3], [5], [6]) : 0.8988378052
197 : ([1, 4], [2, 3], [5], [6]) : 0.9269641712
198 : ([1, 4], [2], [3], [5], [6]) : 0.8957005263
199 : ([1, 2, 3], [4], [5], [6]) : 0.9304545894
200 : ([1], [2, 3], [4], [5], [6]) : 0.9267733819
201 : ([1, 3], [2], [4], [5], [6]) : 0.8959069067
202 : ([1, 2], [3], [4], [5], [6]) : 0.9000348213
203 : ([1], [2], [3], [4], [5], [6]) : 0.8954871760
