=== Bootstrap seed: 74 ===
1 : ([1, 2, 3, 4, 5, 6],) : 0.9622596783
2 : ([1], [2, 3, 4, 5, 6]) : 0.9533835754
3 : ([1, 3, 4, 5, 6], [2]) : 0.9241378954
4 : ([1, 2], [3, 4, 5, 6]) : 0.9174544631
5 : ([1], [2], [3, 4, 5, 6]) : 0.9160652075
6 : ([1, 2, 4, 5, 6], [3]) : 0.9229442084
7 : ([1, 3], [2, 4, 5, 6]) : 0.9211489281
8 : ([1], [2, 4, 5, 6], [3]) : 0.9182069294
9 : ([1, 4, 5, 6], [2, 3]) : 0.9518098791
10 : ([1, 4, 5, 6], [2], [3]) : 0.9157433999
11 : ([1, 2, 3], [4, 5, 6]) : 0.9530695543
12 : ([1], [2, 3], [4, 5, 6]) : 0.9502457242
13 : ([1, 3], [2], [4, 5, 6]) : 0.9157558693
14 : ([1, 2], [3], [4, 5, 6]) : 0.9144685025
15 : ([1], [2], [3], [4, 5, 6]) : 0.9128426272
16 : ([1, 2, 3, 5, 6], [4]) : 0.9320546886
17 : ([1, 4], [2, 3, 5, 6]) : 0.9247904852
18 : ([1], [2, 3, 5, 6], [4]) : 0.9245990400
19 : ([1, 3, 5, 6], [2, 4]) : 0.8944516287
20 : ([1, 3, 5, 6], [2], [4]) : 0.8928571000
21 : ([1, 2, 4], [3, 5, 6]) : 0.8912687475
22 : ([1], [2, 4], [3, 5, 6]) : 0.8863815868
23 : ([1, 4], [2], [3, 5, 6]) : 0.8859631969
24 : ([1, 2], [3, 5, 6], [4]) : 0.8872628133
25 : ([1], [2], [3, 5, 6], [4]) : 0.8845151398
26 : ([1, 2, 5, 6], [3, 4]) : 0.8909665125
27 : ([1, 2, 5, 6], [3], [4]) : 0.8902162164
28 : ([1, 3, 4], [2, 5, 6]) : 0.8907268074
29 : ([1], [2, 5, 6], [3, 4]) : 0.8871797051
30 : ([1, 4], [2, 5, 6], [3]) : 0.8877112590
31 : ([1, 3], [2, 5, 6], [4]) : 0.8890800522
32 : ([1], [2, 5, 6], [3], [4]) : 0.8864625809
33 : ([1, 5, 6], [2, 3, 4]) : 0.9230240497
34 : ([1, 5, 6], [2], [3, 4]) : 0.8856223093
35 : ([1, 5, 6], [2, 4], [3]) : 0.8863080092
36 : ([1, 5, 6], [2, 3], [4]) : 0.9214082667
37 : ([1, 5, 6], [2], [3], [4]) : 0.8845923038
38 : ([1, 2, 3, 4], [5, 6]) : 0.9255151499
39 : ([1], [2, 3, 4], [5, 6]) : 0.9216856979
40 : ([1, 3, 4], [2], [5, 6]) : 0.8874727632
41 : ([1, 2], [3, 4], [5, 6]) : 0.8856716200
42 : ([1], [2], [3, 4], [5, 6]) : 0.8832878863
43 : ([1, 2, 4], [3], [5, 6]) : 0.8892304731
44 : ([1, 3], [2, 4], [5, 6]) : 0.8874951586
45 : ([1], [2, 4], [3], [5, 6]) : 0.8842598980
46 : ([1, 4], [2, 3], [5, 6]) : 0.9203561659
47 : ([1, 4], [2], [3], [5, 6]) : 0.8839814640
48 : ([1, 2, 3], [4], [5, 6]) : 0.9240629480
49 : ([1], [2, 3], [4], [5, 6]) : 0.9201816646
50 : ([1, 3], [2], [4], [5, 6]) : 0.8854880964
51 : ([1, 2], [3], [4], [5, 6]) : 0.8849587967
52 : ([1], [2], [3], [4], [5, 6]) : 0.8824663767
53 : ([1, 2, 3, 4, 6], [5]) : 0.9304857616
54 : ([1, 5], [2, 3, 4, 6]) : 0.9256962741
55 : ([1], [2, 3, 4, 6], [5]) : 0.9239302945
56 : ([1, 3, 4, 6], [2, 5]) : 0.8998215896
57 : ([1, 3, 4, 6], [2], [5]) : 0.8985765421
58 : ([1, 2, 5], [3, 4, 6]) : 0.8959504041
59 : ([1], [2, 5], [3, 4, 6]) : 0.8904796432
60 : ([1, 5], [2], [3, 4, 6]) : 0.8898214803
61 : ([1, 2], [3, 4, 6], [5]) : 0.8927257485
62 : ([1], [2], [3, 4, 6], [5]) : 0.8883037868
63 : ([1, 2, 4, 6], [3, 5]) : 0.8991893293
64 : ([1, 2, 4, 6], [3], [5]) : 0.8986950585
65 : ([1, 3, 5], [2, 4, 6]) : 0.8943880769
66 : ([1], [2, 4, 6], [3, 5]) : 0.8906863108
67 : ([1, 5], [2, 4, 6], [3]) : 0.8914225529
68 : ([1, 3], [2, 4, 6], [5]) : 0.8920104471
69 : ([1], [2, 4, 6], [3], [5]) : 0.8899758031
70 : ([1, 4, 6], [2, 3, 5]) : 0.9255308715
71 : ([1, 4, 6], [2], [3, 5]) : 0.8916575373
72 : ([1, 4, 6], [2, 5], [3]) : 0.8930258422
73 : ([1, 4, 6], [2, 3], [5]) : 0.9231267694
74 : ([1, 4, 6], [2], [3], [5]) : 0.8909082724
75 : ([1, 2, 3, 5], [4, 6]) : 0.9299789429
76 : ([1], [2, 3, 5], [4, 6]) : 0.9244600299
77 : ([1, 3, 5], [2], [4, 6]) : 0.8914244103
78 : ([1, 2], [3, 5], [4, 6]) : 0.8910210464
79 : ([1], [2], [3, 5], [4, 6]) : 0.8873142581
80 : ([1, 2, 5], [3], [4, 6]) : 0.8938871102
81 : ([1, 3], [2, 5], [4, 6]) : 0.8908022133
82 : ([1], [2, 5], [3], [4, 6]) : 0.8890660575
83 : ([1, 5], [2, 3], [4, 6]) : 0.9232345344
84 : ([1, 5], [2], [3], [4, 6]) : 0.8881319316
85 : ([1, 2, 3], [4, 6], [5]) : 0.9260573711
86 : ([1], [2, 3], [4, 6], [5]) : 0.9219018602
87 : ([1, 3], [2], [4, 6], [5]) : 0.8887507931
88 : ([1, 2], [3], [4, 6], [5]) : 0.8906616602
89 : ([1], [2], [3], [4, 6], [5]) : 0.8867071415
90 : ([1, 2, 3, 6], [4, 5]) : 0.9336266695
91 : ([1, 2, 3, 6], [4], [5]) : 0.9192947873
92 : ([1, 4, 5], [2, 3, 6]) : 0.9292173381
93 : ([1], [2, 3, 6], [4, 5]) : 0.9275035730
94 : ([1, 5], [2, 3, 6], [4]) : 0.9132828124
95 : ([1, 4], [2, 3, 6], [5]) : 0.9125708378
96 : ([1], [2, 3, 6], [4], [5]) : 0.9120720984
97 : ([1, 3, 6], [2, 4, 5]) : 0.9014601063
98 : ([1, 3, 6], [2], [4, 5]) : 0.8961922661
99 : ([1, 3, 6], [2, 5], [4]) : 0.8850146471
100 : ([1, 3, 6], [2, 4], [5]) : 0.8846181485
101 : ([1, 3, 6], [2], [4], [5]) : 0.8828627356
102 : ([1, 2, 4, 5], [3, 6]) : 0.8968468513
103 : ([1], [2, 4, 5], [3, 6]) : 0.8912363472
104 : ([1, 4, 5], [2], [3, 6]) : 0.8880678668
105 : ([1, 2], [3, 6], [4, 5]) : 0.8871099537
106 : ([1], [2], [3, 6], [4, 5]) : 0.8851700200
107 : ([1, 2, 5], [3, 6], [4]) : 0.8810565707
108 : ([1, 4], [2, 5], [3, 6]) : 0.8784262188
109 : ([1], [2, 5], [3, 6], [4]) : 0.8766751084
110 : ([1, 5], [2, 4], [3, 6]) : 0.8767056999
111 : ([1, 5], [2], [3, 6], [4]) : 0.8748368318
112 : ([1, 2, 4], [3, 6], [5]) : 0.8823034394
113 : ([1], [2, 4], [3, 6], [5]) : 0.8756737435
114 : ([1, 4], [2], [3, 6], [5]) : 0.8755156018
115 : ([1, 2], [3, 6], [4], [5]) : 0.8774731993
116 : ([1], [2], [3, 6], [4], [5]) : 0.8736314890
117 : ([1, 2, 6], [3, 4, 5]) : 0.8930778462
118 : ([1, 2, 6], [3], [4, 5]) : 0.8901083828
119 : ([1, 2, 6], [3, 5], [4]) : 0.8810604821
120 : ([1, 2, 6], [3, 4], [5]) : 0.8804757811
121 : ([1, 2, 6], [3], [4], [5]) : 0.8799247869
122 : ([1, 3, 4, 5], [2, 6]) : 0.8962753329
123 : ([1], [2, 6], [3, 4, 5]) : 0.8894227094
124 : ([1, 4, 5], [2, 6], [3]) : 0.8898422847
125 : ([1, 3], [2, 6], [4, 5]) : 0.8911969464
126 : ([1], [2, 6], [3], [4, 5]) : 0.8866011977
127 : ([1, 3, 5], [2, 6], [4]) : 0.8804903080
128 : ([1, 4], [2, 6], [3, 5]) : 0.8775432794
129 : ([1], [2, 6], [3, 5], [4]) : 0.8756573283
130 : ([1, 5], [2, 6], [3, 4]) : 0.8770252685
131 : ([1, 5], [2, 6], [3], [4]) : 0.8761340029
132 : ([1, 3, 4], [2, 6], [5]) : 0.8798885468
133 : ([1], [2, 6], [3, 4], [5]) : 0.8752528193
134 : ([1, 4], [2, 6], [3], [5]) : 0.8764659497
135 : ([1, 3], [2, 6], [4], [5]) : 0.8777342464
136 : ([1], [2, 6], [3], [4], [5]) : 0.8746103474
137 : ([1, 6], [2, 3, 4, 5]) : 0.9315817828
138 : ([1, 6], [2], [3, 4, 5]) : 0.8901508973
139 : ([1, 6], [2, 4, 5], [3]) : 0.8932597690
140 : ([1, 6], [2, 3], [4, 5]) : 0.9262263005
141 : ([1, 6], [2], [3], [4, 5]) : 0.8870923997
142 : ([1, 6], [2, 3, 5], [4]) : 0.9152259262
143 : ([1, 6], [2, 4], [3, 5]) : 0.8784302396
144 : ([1, 6], [2], [3, 5], [4]) : 0.8765962781
145 : ([1, 6], [2, 5], [3, 4]) : 0.8792696409
146 : ([1, 6], [2, 5], [3], [4]) : 0.8786751457
147 : ([1, 6], [2, 3, 4], [5]) : 0.9128447864
148 : ([1, 6], [2], [3, 4], [5]) : 0.8763048782
149 : ([1, 6], [2, 4], [3], [5]) : 0.8773920322
150 : ([1, 6], [2, 3], [4], [5]) : 0.9116722025
151 : ([1, 6], [2], [3], [4], [5]) : 0.8755525005
152 : ([1, 2, 3, 4, 5], [6]) : 0.9361640252
153 : ([1], [2, 3, 4, 5], [6]) : 0.9305427254
154 : ([1, 3, 4, 5], [2], [6]) : 0.8948753195
155 : ([1, 2], [3, 4, 5], [6]) : 0.8890754459
156 : ([1], [2], [3, 4, 5], [6]) : 0.8876452664
157 : ([1, 2, 4, 5], [3], [6]) : 0.8964575732
158 : ([1, 3], [2, 4, 5], [6]) : 0.8962658718
159 : ([1], [2, 4, 5], [3], [6]) : 0.8910191617
160 : ([1, 4, 5], [2, 3], [6]) : 0.9267260905
161 : ([1, 4, 5], [2], [3], [6]) : 0.8878749271
162 : ([1, 2, 3], [4, 5], [6]) : 0.9294618305
163 : ([1], [2, 3], [4, 5], [6]) : 0.9252897586
164 : ([1, 3], [2], [4, 5], [6]) : 0.8899425471
165 : ([1, 2], [3], [4, 5], [6]) : 0.8865604605
166 : ([1], [2], [3], [4, 5], [6]) : 0.8848829274
167 : ([1, 2, 3, 5], [4], [6]) : 0.9206068876
168 : ([1, 4], [2, 3, 5], [6]) : 0.9148508562
169 : ([1], [2, 3, 5], [4], [6]) : 0.9145374371
170 : ([1, 3, 5], [2, 4], [6]) : 0.8813845341
171 : ([1, 3, 5], [2], [4], [6]) : 0.8794405363
172 : ([1, 2, 4], [3, 5], [6]) : 0.8821610545
173 : ([1], [2, 4], [3, 5], [6]) : 0.8763839814
174 : ([1, 4], [2], [3, 5], [6]) : 0.8761825723
175 : ([1, 2], [3, 5], [4], [6]) : 0.8774194160
176 : ([1], [2], [3, 5], [4], [6]) : 0.8742874413
177 : ([1, 2, 5], [3, 4], [6]) : 0.8814954549
178 : ([1, 2, 5], [3], [4], [6]) : 0.8807234091
179 : ([1, 3, 4], [2, 5], [6]) : 0.8816938218
180 : ([1], [2, 5], [3, 4], [6]) : 0.8771808698
181 : ([1, 4], [2, 5], [3], [6]) : 0.8782944895
182 : ([1, 3], [2, 5], [4], [6]) : 0.8796631267
183 : ([1], [2, 5], [3], [4], [6]) : 0.8765803108
184 : ([1, 5], [2, 3, 4], [6]) : 0.9133400020
185 : ([1, 5], [2], [3, 4], [6]) : 0.8757339945
186 : ([1, 5], [2, 4], [3], [6]) : 0.8766439489
187 : ([1, 5], [2, 3], [4], [6]) : 0.9119413701
188 : ([1, 5], [2], [3], [4], [6]) : 0.8747657244
189 : ([1, 2, 3, 4], [5], [6]) : 0.9172302880
190 : ([1], [2, 3, 4], [5], [6]) : 0.9121861235
191 : ([1, 3, 4], [2], [5], [6]) : 0.8791030167
192 : ([1, 2], [3, 4], [5], [6]) : 0.8773985744
193 : ([1], [2], [3, 4], [5], [6]) : 0.8741762489
194 : ([1, 2, 4], [3], [5], [6]) : 0.8815860989
195 : ([1, 3], [2, 4], [5], [6]) : 0.8791254370
196 : ([1], [2, 4], [3], [5], [6]) : 0.8754816988
197 : ([1, 4], [2, 3], [5], [6]) : 0.9113007356
198 : ([1, 4], [2], [3], [5], [6]) : 0.8752697936
199 : ([1, 2, 3], [4], [5], [6]) : 0.9158620015
200 : ([1], [2, 3], [4], [5], [6]) : 0.9109067718
201 : ([1, 3], [2], [4], [5], [6]) : 0.8768707209
202 : ([1, 2], [3], [4], [5], [6]) : 0.8767899517
203 : ([1], [2], [3], [4], [5], [6]) : 0.8734332396
