=== Bootstrap seed: 13 ===
1 : ([1, 2, 3, 4, 5, 6],) : 0.9574230815
2 : ([1], [2, 3, 4, 5, 6]) : 0.9521437992
3 : ([1, 3, 4, 5, 6], [2]) : 0.9259552662
4 : ([1, 2], [3, 4, 5, 6]) : 0.9203598054
5 : ([1], [2], [3, 4, 5, 6]) : 0.9194668352
6 : ([1, 2, 4, 5, 6], [3]) : 0.9260140417
7 : ([1, 3], [2, 4, 5, 6]) : 0.9219040908
8 : ([1], [2, 4, 5, 6], [3]) : 0.9212506274
9 : ([1, 4, 5, 6], [2, 3]) : 0.9504021248
10 : ([1, 4, 5, 6], [2], [3]) : 0.9191491875
11 : ([1, 2, 3], [4, 5, 6]) : 0.9517269232
12 : ([1], [2, 3], [4, 5, 6]) : 0.9496249933
13 : ([1, 3], [2], [4, 5, 6]) : 0.9167773181
14 : ([1, 2], [3], [4, 5, 6]) : 0.9166245319
15 : ([1], [2], [3], [4, 5, 6]) : 0.9159970577
16 : ([1, 2, 3, 5, 6], [4]) : 0.9354211967
17 : ([1, 4], [2, 3, 5, 6]) : 0.9288070727
18 : ([1], [2, 3, 5, 6], [4]) : 0.9278142726
19 : ([1, 3, 5, 6], [2, 4]) : 0.9050445779
20 : ([1, 3, 5, 6], [2], [4]) : 0.9028693804
21 : ([1, 2, 4], [3, 5, 6]) : 0.9054033839
22 : ([1], [2, 4], [3, 5, 6]) : 0.9009186772
23 : ([1, 4], [2], [3, 5, 6]) : 0.9008942744
24 : ([1, 2], [3, 5, 6], [4]) : 0.9002924144
25 : ([1], [2], [3, 5, 6], [4]) : 0.8986206820
26 : ([1, 2, 5, 6], [3, 4]) : 0.9044529824
27 : ([1, 2, 5, 6], [3], [4]) : 0.9041046296
28 : ([1, 3, 4], [2, 5, 6]) : 0.9013848086
29 : ([1], [2, 5, 6], [3, 4]) : 0.8987474978
30 : ([1, 4], [2, 5, 6], [3]) : 0.8998493105
31 : ([1, 3], [2, 5, 6], [4]) : 0.8984885032
32 : ([1], [2, 5, 6], [3], [4]) : 0.8979472105
33 : ([1, 5, 6], [2, 3, 4]) : 0.9282815822
34 : ([1, 5, 6], [2], [3, 4]) : 0.8968919806
35 : ([1, 5, 6], [2, 4], [3]) : 0.8986389475
36 : ([1, 5, 6], [2, 3], [4]) : 0.9254145345
37 : ([1, 5, 6], [2], [3], [4]) : 0.8964382607
38 : ([1, 2, 3, 4], [5, 6]) : 0.9324166015
39 : ([1], [2, 3, 4], [5, 6]) : 0.9275194888
40 : ([1, 3, 4], [2], [5, 6]) : 0.8982525947
41 : ([1, 2], [3, 4], [5, 6]) : 0.8966524203
42 : ([1], [2], [3, 4], [5, 6]) : 0.8948041363
43 : ([1, 2, 4], [3], [5, 6]) : 0.9015035416
44 : ([1, 3], [2, 4], [5, 6]) : 0.8971692319
45 : ([1], [2, 4], [3], [5, 6]) : 0.8963320040
46 : ([1, 4], [2, 3], [5, 6]) : 0.9253087390
47 : ([1, 4], [2], [3], [5, 6]) : 0.8965929845
48 : ([1, 2, 3], [4], [5, 6]) : 0.9294751939
49 : ([1], [2, 3], [4], [5, 6]) : 0.9245004837
50 : ([1, 3], [2], [4], [5, 6]) : 0.8949470186
51 : ([1, 2], [3], [4], [5, 6]) : 0.8959927656
52 : ([1], [2], [3], [4], [5, 6]) : 0.8940410820
53 : ([1, 2, 3, 4, 6], [5]) : 0.9362324588
54 : ([1, 5], [2, 3, 4, 6]) : 0.9294485778
55 : ([1], [2, 3, 4, 6], [5]) : 0.9291985865
56 : ([1, 3, 4, 6], [2, 5]) : 0.9104002892
57 : ([1, 3, 4, 6], [2], [5]) : 0.9068457918
58 : ([1, 2, 5], [3, 4, 6]) : 0.9082728139
59 : ([1], [2, 5], [3, 4, 6]) : 0.9045266216
60 : ([1, 5], [2], [3, 4, 6]) : 0.9009975310
61 : ([1, 2], [3, 4, 6], [5]) : 0.9021890592
62 : ([1], [2], [3, 4, 6], [5]) : 0.9001341464
63 : ([1, 2, 4, 6], [3, 5]) : 0.9049304015
64 : ([1, 2, 4, 6], [3], [5]) : 0.9031882751
65 : ([1, 3, 5], [2, 4, 6]) : 0.9002217216
66 : ([1], [2, 4, 6], [3, 5]) : 0.8990554898
67 : ([1, 5], [2, 4, 6], [3]) : 0.8975891934
68 : ([1, 3], [2, 4, 6], [5]) : 0.8980899042
69 : ([1], [2, 4, 6], [3], [5]) : 0.8971425366
70 : ([1, 4, 6], [2, 3, 5]) : 0.9294214693
71 : ([1, 4, 6], [2], [3, 5]) : 0.8990199343
72 : ([1, 4, 6], [2, 5], [3]) : 0.9011493273
73 : ([1, 4, 6], [2, 3], [5]) : 0.9270625014
74 : ([1, 4, 6], [2], [3], [5]) : 0.8970482017
75 : ([1, 2, 3, 5], [4, 6]) : 0.9330424831
76 : ([1], [2, 3, 5], [4, 6]) : 0.9271393075
77 : ([1, 3, 5], [2], [4, 6]) : 0.8963781168
78 : ([1, 2], [3, 5], [4, 6]) : 0.8974407287
79 : ([1], [2], [3, 5], [4, 6]) : 0.8950788053
80 : ([1, 2, 5], [3], [4, 6]) : 0.9017397807
81 : ([1, 3], [2, 5], [4, 6]) : 0.8984261301
82 : ([1], [2, 5], [3], [4, 6]) : 0.8978989842
83 : ([1, 5], [2, 3], [4, 6]) : 0.9258767878
84 : ([1, 5], [2], [3], [4, 6]) : 0.8938614489
85 : ([1, 2, 3], [4, 6], [5]) : 0.9304171702
86 : ([1], [2, 3], [4, 6], [5]) : 0.9253691519
87 : ([1, 3], [2], [4, 6], [5]) : 0.8941721703
88 : ([1, 2], [3], [4, 6], [5]) : 0.8959016922
89 : ([1], [2], [3], [4, 6], [5]) : 0.8932954570
90 : ([1, 2, 3, 6], [4, 5]) : 0.9353111166
91 : ([1, 2, 3, 6], [4], [5]) : 0.9260146113
92 : ([1, 4, 5], [2, 3, 6]) : 0.9299465491
93 : ([1], [2, 3, 6], [4, 5]) : 0.9292576000
94 : ([1, 5], [2, 3, 6], [4]) : 0.9174932385
95 : ([1, 4], [2, 3, 6], [5]) : 0.9185562340
96 : ([1], [2, 3, 6], [4], [5]) : 0.9172713348
97 : ([1, 3, 6], [2, 4, 5]) : 0.9094126938
98 : ([1, 3, 6], [2], [4, 5]) : 0.9021663739
99 : ([1, 3, 6], [2, 5], [4]) : 0.8976851149
100 : ([1, 3, 6], [2, 4], [5]) : 0.8951619833
101 : ([1, 3, 6], [2], [4], [5]) : 0.8930989330
102 : ([1, 2, 4, 5], [3, 6]) : 0.9087218149
103 : ([1], [2, 4, 5], [3, 6]) : 0.9043736452
104 : ([1, 4, 5], [2], [3, 6]) : 0.9000515300
105 : ([1, 2], [3, 6], [4, 5]) : 0.8975701535
106 : ([1], [2], [3, 6], [4, 5]) : 0.8968481947
107 : ([1, 2, 5], [3, 6], [4]) : 0.8984690013
108 : ([1, 4], [2, 5], [3, 6]) : 0.8954449891
109 : ([1], [2, 5], [3, 6], [4]) : 0.8934932850
110 : ([1, 5], [2, 4], [3, 6]) : 0.8915583877
111 : ([1, 5], [2], [3, 6], [4]) : 0.8899569893
112 : ([1, 2, 4], [3, 6], [5]) : 0.8955659378
113 : ([1], [2, 4], [3, 6], [5]) : 0.8901330208
114 : ([1, 4], [2], [3, 6], [5]) : 0.8907271711
115 : ([1, 2], [3, 6], [4], [5]) : 0.8906337411
116 : ([1], [2], [3, 6], [4], [5]) : 0.8882735696
117 : ([1, 2, 6], [3, 4, 5]) : 0.8987215796
118 : ([1, 2, 6], [3], [4, 5]) : 0.8963368213
119 : ([1, 2, 6], [3, 5], [4]) : 0.8908920853
120 : ([1, 2, 6], [3, 4], [5]) : 0.8899010875
121 : ([1, 2, 6], [3], [4], [5]) : 0.8888442569
122 : ([1, 3, 4, 5], [2, 6]) : 0.9013146314
123 : ([1], [2, 6], [3, 4, 5]) : 0.8959551904
124 : ([1, 4, 5], [2, 6], [3]) : 0.8962970242
125 : ([1, 3], [2, 6], [4, 5]) : 0.8946885766
126 : ([1], [2, 6], [3], [4, 5]) : 0.8933434847
127 : ([1, 3, 5], [2, 6], [4]) : 0.8879574211
128 : ([1, 4], [2, 6], [3, 5]) : 0.8892030235
129 : ([1], [2, 6], [3, 5], [4]) : 0.8861455461
130 : ([1, 5], [2, 6], [3, 4]) : 0.8864570411
131 : ([1, 5], [2, 6], [3], [4]) : 0.8850860155
132 : ([1, 3, 4], [2, 6], [5]) : 0.8894416163
133 : ([1], [2, 6], [3, 4], [5]) : 0.8852786767
134 : ([1, 4], [2, 6], [3], [5]) : 0.8865813954
135 : ([1, 3], [2, 6], [4], [5]) : 0.8851680867
136 : ([1], [2, 6], [3], [4], [5]) : 0.8838382404
137 : ([1, 6], [2, 3, 4, 5]) : 0.9353666892
138 : ([1, 6], [2], [3, 4, 5]) : 0.8973582336
139 : ([1, 6], [2, 4, 5], [3]) : 0.9028390818
140 : ([1, 6], [2, 3], [4, 5]) : 0.9291430029
141 : ([1, 6], [2], [3], [4, 5]) : 0.8949914553
142 : ([1, 6], [2, 3, 5], [4]) : 0.9205880361
143 : ([1, 6], [2, 4], [3, 5]) : 0.8910171419
144 : ([1, 6], [2], [3, 5], [4]) : 0.8880281104
145 : ([1, 6], [2, 5], [3, 4]) : 0.8922699776
146 : ([1, 6], [2, 5], [3], [4]) : 0.8913099925
147 : ([1, 6], [2, 3, 4], [5]) : 0.9210149567
148 : ([1, 6], [2], [3, 4], [5]) : 0.8868086314
149 : ([1, 6], [2, 4], [3], [5]) : 0.8882520734
150 : ([1, 6], [2, 3], [4], [5]) : 0.9173987457
151 : ([1, 6], [2], [3], [4], [5]) : 0.8857105360
152 : ([1, 2, 3, 4, 5], [6]) : 0.9378564194
153 : ([1], [2, 3, 4, 5], [6]) : 0.9346016631
154 : ([1, 3, 4, 5], [2], [6]) : 0.9010536040
155 : ([1, 2], [3, 4, 5], [6]) : 0.8964036729
156 : ([1], [2], [3, 4, 5], [6]) : 0.8957845497
157 : ([1, 2, 4, 5], [3], [6]) : 0.9049922433
158 : ([1, 3], [2, 4, 5], [6]) : 0.9021620828
159 : ([1], [2, 4, 5], [3], [6]) : 0.9009538679
160 : ([1, 4, 5], [2, 3], [6]) : 0.9291641067
161 : ([1, 4, 5], [2], [3], [6]) : 0.8961776086
162 : ([1, 2, 3], [4, 5], [6]) : 0.9319462705
163 : ([1], [2, 3], [4, 5], [6]) : 0.9283507819
164 : ([1, 3], [2], [4, 5], [6]) : 0.8945765384
165 : ([1, 2], [3], [4, 5], [6]) : 0.8939697791
166 : ([1], [2], [3], [4, 5], [6]) : 0.8932453848
167 : ([1, 2, 3, 5], [4], [6]) : 0.9256874790
168 : ([1, 4], [2, 3, 5], [6]) : 0.9209738056
169 : ([1], [2, 3, 5], [4], [6]) : 0.9195025331
170 : ([1, 3, 5], [2, 4], [6]) : 0.8906910509
171 : ([1, 3, 5], [2], [4], [6]) : 0.8879282421
172 : ([1, 2, 4], [3, 5], [6]) : 0.8943380559
173 : ([1], [2, 4], [3, 5], [6]) : 0.8890682121
174 : ([1, 4], [2], [3, 5], [6]) : 0.8891657227
175 : ([1, 2], [3, 5], [4], [6]) : 0.8884380396
176 : ([1], [2], [3, 5], [4], [6]) : 0.8861119021
177 : ([1, 2, 5], [3, 4], [6]) : 0.8945785425
178 : ([1, 2, 5], [3], [4], [6]) : 0.8936667165
179 : ([1, 3, 4], [2, 5], [6]) : 0.8938675546
180 : ([1], [2, 5], [3, 4], [6]) : 0.8906049795
181 : ([1, 4], [2, 5], [3], [6]) : 0.8914260448
182 : ([1, 3], [2, 5], [4], [6]) : 0.8901500810
183 : ([1], [2, 5], [3], [4], [6]) : 0.8892899903
184 : ([1, 5], [2, 3, 4], [6]) : 0.9205397767
185 : ([1, 5], [2], [3, 4], [6]) : 0.8863524704
186 : ([1, 5], [2, 4], [3], [6]) : 0.8871942786
187 : ([1, 5], [2, 3], [4], [6]) : 0.9168972327
188 : ([1, 5], [2], [3], [4], [6]) : 0.8850215478
189 : ([1, 2, 3, 4], [5], [6]) : 0.9261653358
190 : ([1], [2, 3, 4], [5], [6]) : 0.9203276269
191 : ([1, 3, 4], [2], [5], [6]) : 0.8893664357
192 : ([1, 2], [3, 4], [5], [6]) : 0.8876256393
193 : ([1], [2], [3, 4], [5], [6]) : 0.8851976492
194 : ([1, 2, 4], [3], [5], [6]) : 0.8920162617
195 : ([1, 3], [2, 4], [5], [6]) : 0.8874562976
196 : ([1], [2, 4], [3], [5], [6]) : 0.8861802876
197 : ([1, 4], [2, 3], [5], [6]) : 0.9177718491
198 : ([1, 4], [2], [3], [5], [6]) : 0.8865779702
199 : ([1, 2, 3], [4], [5], [6]) : 0.9226811407
200 : ([1], [2, 3], [4], [5], [6]) : 0.9166020318
201 : ([1, 3], [2], [4], [5], [6]) : 0.8851337825
202 : ([1, 2], [3], [4], [5], [6]) : 0.8864686732
203 : ([1], [2], [3], [4], [5], [6]) : 0.8837982517
