=== Bootstrap seed: 47 ===
1 : ([1, 2, 3, 4, 5, 6],) : 0.9606748736
2 : ([1], [2, 3, 4, 5, 6]) : 0.9569174592
3 : ([1, 3, 4, 5, 6], [2]) : 0.9308079864
4 : ([1, 2], [3, 4, 5, 6]) : 0.9274407770
5 : ([1], [2], [3, 4, 5, 6]) : 0.9258718614
6 : ([1, 2, 4, 5, 6], [3]) : 0.9322648542
7 : ([1, 3], [2, 4, 5, 6]) : 0.9241521280
8 : ([1], [2, 4, 5, 6], [3]) : 0.9241599552
9 : ([1, 4, 5, 6], [2, 3]) : 0.9558181073
10 : ([1, 4, 5, 6], [2], [3]) : 0.9262467524
11 : ([1, 2, 3], [4, 5, 6]) : 0.9559151956
12 : ([1], [2, 3], [4, 5, 6]) : 0.9539701545
13 : ([1, 3], [2], [4, 5, 6]) : 0.9226906573
14 : ([1, 2], [3], [4, 5, 6]) : 0.9244549644
15 : ([1], [2], [3], [4, 5, 6]) : 0.9226224160
16 : ([1, 2, 3, 5, 6], [4]) : 0.9358638334
17 : ([1, 4], [2, 3, 5, 6]) : 0.9316692153
18 : ([1], [2, 3, 5, 6], [4]) : 0.9314224063
19 : ([1, 3, 5, 6], [2, 4]) : 0.9074014901
20 : ([1, 3, 5, 6], [2], [4]) : 0.9056870351
21 : ([1, 2, 4], [3, 5, 6]) : 0.9059795950
22 : ([1], [2, 4], [3, 5, 6]) : 0.9026868542
23 : ([1, 4], [2], [3, 5, 6]) : 0.9024033218
24 : ([1, 2], [3, 5, 6], [4]) : 0.9032048637
25 : ([1], [2], [3, 5, 6], [4]) : 0.9014119576
26 : ([1, 2, 5, 6], [3, 4]) : 0.9052524705
27 : ([1, 2, 5, 6], [3], [4]) : 0.9049546949
28 : ([1, 3, 4], [2, 5, 6]) : 0.8999876789
29 : ([1], [2, 5, 6], [3, 4]) : 0.8977922059
30 : ([1, 4], [2, 5, 6], [3]) : 0.8985674283
31 : ([1, 3], [2, 5, 6], [4]) : 0.8976189971
32 : ([1], [2, 5, 6], [3], [4]) : 0.8976021170
33 : ([1, 5, 6], [2, 3, 4]) : 0.9303131881
34 : ([1, 5, 6], [2], [3, 4]) : 0.8995537070
35 : ([1, 5, 6], [2, 4], [3]) : 0.9008556854
36 : ([1, 5, 6], [2, 3], [4]) : 0.9285360899
37 : ([1, 5, 6], [2], [3], [4]) : 0.8993071997
38 : ([1, 2, 3, 4], [5, 6]) : 0.9326179251
39 : ([1], [2, 3, 4], [5, 6]) : 0.9293357635
40 : ([1, 3, 4], [2], [5, 6]) : 0.8992575609
41 : ([1, 2], [3, 4], [5, 6]) : 0.8995084279
42 : ([1], [2], [3, 4], [5, 6]) : 0.8973228581
43 : ([1, 2, 4], [3], [5, 6]) : 0.9017495417
44 : ([1, 3], [2, 4], [5, 6]) : 0.8984503465
45 : ([1], [2, 4], [3], [5, 6]) : 0.8983365992
46 : ([1, 4], [2, 3], [5, 6]) : 0.9280772535
47 : ([1, 4], [2], [3], [5, 6]) : 0.8978783814
48 : ([1, 2, 3], [4], [5, 6]) : 0.9299764888
49 : ([1], [2, 3], [4], [5, 6]) : 0.9276844376
50 : ([1, 3], [2], [4], [5, 6]) : 0.8971222422
51 : ([1, 2], [3], [4], [5, 6]) : 0.8991649190
52 : ([1], [2], [3], [4], [5, 6]) : 0.8970919720
53 : ([1, 2, 3, 4, 6], [5]) : 0.9327474197
54 : ([1, 5], [2, 3, 4, 6]) : 0.9273947111
55 : ([1], [2, 3, 4, 6], [5]) : 0.9269551513
56 : ([1, 3, 4, 6], [2, 5]) : 0.9000922934
57 : ([1, 3, 4, 6], [2], [5]) : 0.8986388938
58 : ([1, 2, 5], [3, 4, 6]) : 0.9037460260
59 : ([1], [2, 5], [3, 4, 6]) : 0.8963816719
60 : ([1, 5], [2], [3, 4, 6]) : 0.8971304755
61 : ([1, 2], [3, 4, 6], [5]) : 0.8997046844
62 : ([1], [2], [3, 4, 6], [5]) : 0.8955334874
63 : ([1, 2, 4, 6], [3, 5]) : 0.9039344686
64 : ([1, 2, 4, 6], [3], [5]) : 0.9026015344
65 : ([1, 3, 5], [2, 4, 6]) : 0.9012467682
66 : ([1], [2, 4, 6], [3, 5]) : 0.8986080698
67 : ([1, 5], [2, 4, 6], [3]) : 0.8985332167
68 : ([1, 3], [2, 4, 6], [5]) : 0.8972711121
69 : ([1], [2, 4, 6], [3], [5]) : 0.8968795707
70 : ([1, 4, 6], [2, 3, 5]) : 0.9275456181
71 : ([1, 4, 6], [2], [3, 5]) : 0.8960106298
72 : ([1, 4, 6], [2, 5], [3]) : 0.8956453470
73 : ([1, 4, 6], [2, 3], [5]) : 0.9246485987
74 : ([1, 4, 6], [2], [3], [5]) : 0.8943491896
75 : ([1, 2, 3, 5], [4, 6]) : 0.9322153767
76 : ([1], [2, 3, 5], [4, 6]) : 0.9275127400
77 : ([1, 3, 5], [2], [4, 6]) : 0.8977530292
78 : ([1, 2], [3, 5], [4, 6]) : 0.8990762544
79 : ([1], [2], [3, 5], [4, 6]) : 0.8956672700
80 : ([1, 2, 5], [3], [4, 6]) : 0.9016088088
81 : ([1, 3], [2, 5], [4, 6]) : 0.8952308316
82 : ([1], [2, 5], [3], [4, 6]) : 0.8950667031
83 : ([1, 5], [2, 3], [4, 6]) : 0.9244203741
84 : ([1, 5], [2], [3], [4, 6]) : 0.8954287777
85 : ([1, 2, 3], [4, 6], [5]) : 0.9284751870
86 : ([1], [2, 3], [4, 6], [5]) : 0.9242203404
87 : ([1, 3], [2], [4, 6], [5]) : 0.8944438213
88 : ([1, 2], [3], [4, 6], [5]) : 0.8979730730
89 : ([1], [2], [3], [4, 6], [5]) : 0.8941257199
90 : ([1, 2, 3, 6], [4, 5]) : 0.9369779591
91 : ([1, 2, 3, 6], [4], [5]) : 0.9236847858
92 : ([1, 4, 5], [2, 3, 6]) : 0.9343967297
93 : ([1], [2, 3, 6], [4, 5]) : 0.9337216256
94 : ([1, 5], [2, 3, 6], [4]) : 0.9193506933
95 : ([1, 4], [2, 3, 6], [5]) : 0.9195458199
96 : ([1], [2, 3, 6], [4], [5]) : 0.9190110915
97 : ([1, 3, 6], [2, 4, 5]) : 0.9059598056
98 : ([1, 3, 6], [2], [4, 5]) : 0.9037079561
99 : ([1, 3, 6], [2, 5], [4]) : 0.8917423360
100 : ([1, 3, 6], [2, 4], [5]) : 0.8925101328
101 : ([1, 3, 6], [2], [4], [5]) : 0.8906297901
102 : ([1, 2, 4, 5], [3, 6]) : 0.9102115355
103 : ([1], [2, 4, 5], [3, 6]) : 0.9036838600
104 : ([1, 4, 5], [2], [3, 6]) : 0.9039495796
105 : ([1, 2], [3, 6], [4, 5]) : 0.9029619442
106 : ([1], [2], [3, 6], [4, 5]) : 0.9015013935
107 : ([1, 2, 5], [3, 6], [4]) : 0.8963219944
108 : ([1, 4], [2, 5], [3, 6]) : 0.8903402097
109 : ([1], [2, 5], [3, 6], [4]) : 0.8895425591
110 : ([1, 5], [2, 4], [3, 6]) : 0.8924913023
111 : ([1, 5], [2], [3, 6], [4]) : 0.8904048622
112 : ([1, 2, 4], [3, 6], [5]) : 0.8949116709
113 : ([1], [2, 4], [3, 6], [5]) : 0.8904094344
114 : ([1, 4], [2], [3, 6], [5]) : 0.8892364943
115 : ([1, 2], [3, 6], [4], [5]) : 0.8920752220
116 : ([1], [2], [3, 6], [4], [5]) : 0.8887360654
117 : ([1, 2, 6], [3, 4, 5]) : 0.9081445114
118 : ([1, 2, 6], [3], [4, 5]) : 0.9054242100
119 : ([1, 2, 6], [3, 5], [4]) : 0.8952337975
120 : ([1, 2, 6], [3, 4], [5]) : 0.8941224047
121 : ([1, 2, 6], [3], [4], [5]) : 0.8937468625
122 : ([1, 3, 4, 5], [2, 6]) : 0.9083881049
123 : ([1], [2, 6], [3, 4, 5]) : 0.9044940019
124 : ([1, 4, 5], [2, 6], [3]) : 0.9037574194
125 : ([1, 3], [2, 6], [4, 5]) : 0.9015236609
126 : ([1], [2, 6], [3], [4, 5]) : 0.9015781151
127 : ([1, 3, 5], [2, 6], [4]) : 0.8931265541
128 : ([1, 4], [2, 6], [3, 5]) : 0.8910339096
129 : ([1], [2, 6], [3, 5], [4]) : 0.8906556216
130 : ([1, 5], [2, 6], [3, 4]) : 0.8906131436
131 : ([1, 5], [2, 6], [3], [4]) : 0.8902680575
132 : ([1, 3, 4], [2, 6], [5]) : 0.8909113304
133 : ([1], [2, 6], [3, 4], [5]) : 0.8890525977
134 : ([1, 4], [2, 6], [3], [5]) : 0.8890434831
135 : ([1, 3], [2, 6], [4], [5]) : 0.8889975542
136 : ([1], [2, 6], [3], [4], [5]) : 0.8887492497
137 : ([1, 6], [2, 3, 4, 5]) : 0.9378303693
138 : ([1, 6], [2], [3, 4, 5]) : 0.9038933276
139 : ([1, 6], [2, 4, 5], [3]) : 0.9033983132
140 : ([1, 6], [2, 3], [4, 5]) : 0.9330533952
141 : ([1, 6], [2], [3], [4, 5]) : 0.9012609090
142 : ([1, 6], [2, 3, 5], [4]) : 0.9221643351
143 : ([1, 6], [2, 4], [3, 5]) : 0.8918814663
144 : ([1, 6], [2], [3, 5], [4]) : 0.8900234781
145 : ([1, 6], [2, 5], [3, 4]) : 0.8893533598
146 : ([1, 6], [2, 5], [3], [4]) : 0.8890716705
147 : ([1, 6], [2, 3, 4], [5]) : 0.9205839792
148 : ([1, 6], [2], [3, 4], [5]) : 0.8884975388
149 : ([1, 6], [2, 4], [3], [5]) : 0.8898624015
150 : ([1, 6], [2, 3], [4], [5]) : 0.9187313223
151 : ([1, 6], [2], [3], [4], [5]) : 0.8882034583
152 : ([1, 2, 3, 4, 5], [6]) : 0.9420807787
153 : ([1], [2, 3, 4, 5], [6]) : 0.9375628799
154 : ([1, 3, 4, 5], [2], [6]) : 0.9077511216
155 : ([1, 2], [3, 4, 5], [6]) : 0.9050382962
156 : ([1], [2], [3, 4, 5], [6]) : 0.9037286226
157 : ([1, 2, 4, 5], [3], [6]) : 0.9094745404
158 : ([1, 3], [2, 4, 5], [6]) : 0.9032139138
159 : ([1], [2, 4, 5], [3], [6]) : 0.9032158672
160 : ([1, 4, 5], [2, 3], [6]) : 0.9333932599
161 : ([1, 4, 5], [2], [3], [6]) : 0.9032892228
162 : ([1, 2, 3], [4, 5], [6]) : 0.9347291410
163 : ([1], [2, 3], [4, 5], [6]) : 0.9327845097
164 : ([1, 3], [2], [4, 5], [6]) : 0.9010292759
165 : ([1, 2], [3], [4, 5], [6]) : 0.9025023365
166 : ([1], [2], [3], [4, 5], [6]) : 0.9010634901
167 : ([1, 2, 3, 5], [4], [6]) : 0.9268394892
168 : ([1, 4], [2, 3, 5], [6]) : 0.9224341142
169 : ([1], [2, 3, 5], [4], [6]) : 0.9222446242
170 : ([1, 3, 5], [2, 4], [6]) : 0.8952527131
171 : ([1, 3, 5], [2], [4], [6]) : 0.8926054853
172 : ([1, 2, 4], [3, 5], [6]) : 0.8956303198
173 : ([1], [2, 4], [3, 5], [6]) : 0.8920403734
174 : ([1, 4], [2], [3, 5], [6]) : 0.8905514388
175 : ([1, 2], [3, 5], [4], [6]) : 0.8928835903
176 : ([1], [2], [3, 5], [4], [6]) : 0.8901528239
177 : ([1, 2, 5], [3, 4], [6]) : 0.8961129014
178 : ([1, 2, 5], [3], [4], [6]) : 0.8956314510
179 : ([1, 3, 4], [2, 5], [6]) : 0.8916549691
180 : ([1], [2, 5], [3, 4], [6]) : 0.8894240925
181 : ([1, 4], [2, 5], [3], [6]) : 0.8897392253
182 : ([1, 3], [2, 5], [4], [6]) : 0.8892654972
183 : ([1], [2, 5], [3], [4], [6]) : 0.8891346515
184 : ([1, 5], [2, 3, 4], [6]) : 0.9210203837
185 : ([1, 5], [2], [3, 4], [6]) : 0.8902269778
186 : ([1, 5], [2, 4], [3], [6]) : 0.8919993212
187 : ([1, 5], [2, 3], [4], [6]) : 0.9190223501
188 : ([1, 5], [2], [3], [4], [6]) : 0.8898848807
189 : ([1, 2, 3, 4], [5], [6]) : 0.9253830490
190 : ([1], [2, 3, 4], [5], [6]) : 0.9204610180
191 : ([1, 3, 4], [2], [5], [6]) : 0.8906288483
192 : ([1, 2], [3, 4], [5], [6]) : 0.8919812947
193 : ([1], [2], [3, 4], [5], [6]) : 0.8886434109
194 : ([1, 2, 4], [3], [5], [6]) : 0.8941338646
195 : ([1, 3], [2, 4], [5], [6]) : 0.8904683115
196 : ([1], [2, 4], [3], [5], [6]) : 0.8900223696
197 : ([1, 4], [2, 3], [5], [6]) : 0.9191379749
198 : ([1, 4], [2], [3], [5], [6]) : 0.8886795261
199 : ([1, 2, 3], [4], [5], [6]) : 0.9221908809
200 : ([1], [2, 3], [4], [5], [6]) : 0.9186922195
201 : ([1, 3], [2], [4], [5], [6]) : 0.8885817355
202 : ([1, 2], [3], [4], [5], [6]) : 0.8915219126
203 : ([1], [2], [3], [4], [5], [6]) : 0.8883406455
