=== Bootstrap seed: 80 ===
1 : ([1, 2, 3, 4, 5, 6],) : 0.9640794559
2 : ([1], [2, 3, 4, 5, 6]) : 0.9571012934
3 : ([1, 3, 4, 5, 6], [2]) : 0.9317606570
4 : ([1, 2], [3, 4, 5, 6]) : 0.9251744110
5 : ([1], [2], [3, 4, 5, 6]) : 0.9239663178
6 : ([1, 2, 4, 5, 6], [3]) : 0.9332176667
7 : ([1, 3], [2, 4, 5, 6]) : 0.9267567841
8 : ([1], [2, 4, 5, 6], [3]) : 0.9247085061
9 : ([1, 4, 5, 6], [2, 3]) : 0.9543466114
10 : ([1, 4, 5, 6], [2], [3]) : 0.9247651925
11 : ([1, 2, 3], [4, 5, 6]) : 0.9559558642
12 : ([1], [2, 3], [4, 5, 6]) : 0.9534839971
13 : ([1, 3], [2], [4, 5, 6]) : 0.9233206033
14 : ([1, 2], [3], [4, 5, 6]) : 0.9228736475
15 : ([1], [2], [3], [4, 5, 6]) : 0.9215977390
16 : ([1, 2, 3, 5, 6], [4]) : 0.9331892034
17 : ([1, 4], [2, 3, 5, 6]) : 0.9248491493
18 : ([1], [2, 3, 5, 6], [4]) : 0.9246750742
19 : ([1, 3, 5, 6], [2, 4]) : 0.9037058464
20 : ([1, 3, 5, 6], [2], [4]) : 0.8995735447
21 : ([1, 2, 4], [3, 5, 6]) : 0.9031001357
22 : ([1], [2, 4], [3, 5, 6]) : 0.8977306733
23 : ([1, 4], [2], [3, 5, 6]) : 0.8959099847
24 : ([1, 2], [3, 5, 6], [4]) : 0.8971445082
25 : ([1], [2], [3, 5, 6], [4]) : 0.8945055765
26 : ([1, 2, 5, 6], [3, 4]) : 0.8997450398
27 : ([1, 2, 5, 6], [3], [4]) : 0.8991151226
28 : ([1, 3, 4], [2, 5, 6]) : 0.8974144117
29 : ([1], [2, 5, 6], [3, 4]) : 0.8935262143
30 : ([1, 4], [2, 5, 6], [3]) : 0.8943364408
31 : ([1, 3], [2, 5, 6], [4]) : 0.8951217743
32 : ([1], [2, 5, 6], [3], [4]) : 0.8928606944
33 : ([1, 5, 6], [2, 3, 4]) : 0.9246505399
34 : ([1, 5, 6], [2], [3, 4]) : 0.8936126853
35 : ([1, 5, 6], [2, 4], [3]) : 0.8960403299
36 : ([1, 5, 6], [2, 3], [4]) : 0.9210898082
37 : ([1, 5, 6], [2], [3], [4]) : 0.8931243754
38 : ([1, 2, 3, 4], [5, 6]) : 0.9297803245
39 : ([1], [2, 3, 4], [5, 6]) : 0.9245019803
40 : ([1, 3, 4], [2], [5, 6]) : 0.8961289686
41 : ([1, 2], [3, 4], [5, 6]) : 0.8957883324
42 : ([1], [2], [3, 4], [5, 6]) : 0.8926300603
43 : ([1, 2, 4], [3], [5, 6]) : 0.9009248942
44 : ([1, 3], [2, 4], [5, 6]) : 0.8980261752
45 : ([1], [2, 4], [3], [5, 6]) : 0.8948248461
46 : ([1, 4], [2, 3], [5, 6]) : 0.9210587858
47 : ([1, 4], [2], [3], [5, 6]) : 0.8933461669
48 : ([1, 2, 3], [4], [5, 6]) : 0.9257716606
49 : ([1], [2, 3], [4], [5, 6]) : 0.9210022920
50 : ([1, 3], [2], [4], [5, 6]) : 0.8943270478
51 : ([1, 2], [3], [4], [5, 6]) : 0.8952738360
52 : ([1], [2], [3], [4], [5, 6]) : 0.8921091577
53 : ([1, 2, 3, 4, 6], [5]) : 0.9367501288
54 : ([1, 5], [2, 3, 4, 6]) : 0.9300287207
55 : ([1], [2, 3, 4, 6], [5]) : 0.9297451473
56 : ([1, 3, 4, 6], [2, 5]) : 0.9031701565
57 : ([1, 3, 4, 6], [2], [5]) : 0.9023263481
58 : ([1, 2, 5], [3, 4, 6]) : 0.9049197753
59 : ([1], [2, 5], [3, 4, 6]) : 0.8984188822
60 : ([1, 5], [2], [3, 4, 6]) : 0.8982391351
61 : ([1, 2], [3, 4, 6], [5]) : 0.9012758384
62 : ([1], [2], [3, 4, 6], [5]) : 0.8972894083
63 : ([1, 2, 4, 6], [3, 5]) : 0.9069892377
64 : ([1, 2, 4, 6], [3], [5]) : 0.9065136989
65 : ([1, 3, 5], [2, 4, 6]) : 0.9034076309
66 : ([1], [2, 4, 6], [3, 5]) : 0.9005331267
67 : ([1, 5], [2, 4, 6], [3]) : 0.9012915958
68 : ([1, 3], [2, 4, 6], [5]) : 0.9016498654
69 : ([1], [2, 4, 6], [3], [5]) : 0.8999097473
70 : ([1, 4, 6], [2, 3, 5]) : 0.9258027340
71 : ([1, 4, 6], [2], [3, 5]) : 0.8972561245
72 : ([1, 4, 6], [2, 5], [3]) : 0.8974867884
73 : ([1, 4, 6], [2, 3], [5]) : 0.9240735795
74 : ([1, 4, 6], [2], [3], [5]) : 0.8966491430
75 : ([1, 2, 3, 5], [4, 6]) : 0.9310570687
76 : ([1], [2, 3, 5], [4, 6]) : 0.9255292209
77 : ([1, 3, 5], [2], [4, 6]) : 0.8972638181
78 : ([1, 2], [3, 5], [4, 6]) : 0.8996185954
79 : ([1], [2], [3, 5], [4, 6]) : 0.8957806746
80 : ([1, 2, 5], [3], [4, 6]) : 0.9026913522
81 : ([1, 3], [2, 5], [4, 6]) : 0.8969593916
82 : ([1], [2, 5], [3], [4, 6]) : 0.8962146606
83 : ([1, 5], [2, 3], [4, 6]) : 0.9238169274
84 : ([1, 5], [2], [3], [4, 6]) : 0.8960104963
85 : ([1, 2, 3], [4, 6], [5]) : 0.9281209309
86 : ([1], [2, 3], [4, 6], [5]) : 0.9237516482
87 : ([1, 3], [2], [4, 6], [5]) : 0.8961957129
88 : ([1, 2], [3], [4, 6], [5]) : 0.8992463373
89 : ([1], [2], [3], [4, 6], [5]) : 0.8952642752
90 : ([1, 2, 3, 6], [4, 5]) : 0.9365609848
91 : ([1, 2, 3, 6], [4], [5]) : 0.9228672676
92 : ([1, 4, 5], [2, 3, 6]) : 0.9309642710
93 : ([1], [2, 3, 6], [4, 5]) : 0.9302973646
94 : ([1, 5], [2, 3, 6], [4]) : 0.9156229796
95 : ([1, 4], [2, 3, 6], [5]) : 0.9154135334
96 : ([1], [2, 3, 6], [4], [5]) : 0.9153941642
97 : ([1, 3, 6], [2, 4, 5]) : 0.9074727837
98 : ([1, 3, 6], [2], [4, 5]) : 0.9036550431
99 : ([1, 3, 6], [2, 5], [4]) : 0.8911628733
100 : ([1, 3, 6], [2, 4], [5]) : 0.8947499789
101 : ([1, 3, 6], [2], [4], [5]) : 0.8906636048
102 : ([1, 2, 4, 5], [3, 6]) : 0.9104224883
103 : ([1], [2, 4, 5], [3, 6]) : 0.9019879184
104 : ([1, 4, 5], [2], [3, 6]) : 0.9017405042
105 : ([1, 2], [3, 6], [4, 5]) : 0.8996399183
106 : ([1], [2], [3, 6], [4, 5]) : 0.8982919574
107 : ([1, 2, 5], [3, 6], [4]) : 0.8934499029
108 : ([1, 4], [2, 5], [3, 6]) : 0.8885349070
109 : ([1], [2, 5], [3, 6], [4]) : 0.8872625781
110 : ([1, 5], [2, 4], [3, 6]) : 0.8915877003
111 : ([1, 5], [2], [3, 6], [4]) : 0.8877055157
112 : ([1, 2, 4], [3, 6], [5]) : 0.8956065248
113 : ([1], [2, 4], [3, 6], [5]) : 0.8899796629
114 : ([1, 4], [2], [3, 6], [5]) : 0.8877681192
115 : ([1, 2], [3, 6], [4], [5]) : 0.8901550632
116 : ([1], [2], [3, 6], [4], [5]) : 0.8865855499
117 : ([1, 2, 6], [3, 4, 5]) : 0.9027147508
118 : ([1, 2, 6], [3], [4, 5]) : 0.9000724597
119 : ([1, 2, 6], [3, 5], [4]) : 0.8908955692
120 : ([1, 2, 6], [3, 4], [5]) : 0.8904357227
121 : ([1, 2, 6], [3], [4], [5]) : 0.8900875301
122 : ([1, 3, 4, 5], [2, 6]) : 0.9063155226
123 : ([1], [2, 6], [3, 4, 5]) : 0.9004544079
124 : ([1, 4, 5], [2, 6], [3]) : 0.9012371072
125 : ([1, 3], [2, 6], [4, 5]) : 0.9009038945
126 : ([1], [2, 6], [3], [4, 5]) : 0.8980092166
127 : ([1, 3, 5], [2, 6], [4]) : 0.8888971439
128 : ([1, 4], [2, 6], [3, 5]) : 0.8875117057
129 : ([1], [2, 6], [3, 5], [4]) : 0.8864801584
130 : ([1, 5], [2, 6], [3, 4]) : 0.8870388262
131 : ([1, 5], [2, 6], [3], [4]) : 0.8866352257
132 : ([1, 3, 4], [2, 6], [5]) : 0.8891383465
133 : ([1], [2, 6], [3, 4], [5]) : 0.8860997904
134 : ([1, 4], [2, 6], [3], [5]) : 0.8867890436
135 : ([1, 3], [2, 6], [4], [5]) : 0.8874897067
136 : ([1], [2, 6], [3], [4], [5]) : 0.8857245530
137 : ([1, 6], [2, 3, 4, 5]) : 0.9334397243
138 : ([1, 6], [2], [3, 4, 5]) : 0.9002815922
139 : ([1, 6], [2, 4, 5], [3]) : 0.9010812708
140 : ([1, 6], [2, 3], [4, 5]) : 0.9286834926
141 : ([1, 6], [2], [3], [4, 5]) : 0.8977904067
142 : ([1, 6], [2, 3, 5], [4]) : 0.9154401324
143 : ([1, 6], [2, 4], [3, 5]) : 0.8893442281
144 : ([1, 6], [2], [3, 5], [4]) : 0.8865028563
145 : ([1, 6], [2, 5], [3, 4]) : 0.8865798089
146 : ([1, 6], [2, 5], [3], [4]) : 0.8861491256
147 : ([1, 6], [2, 3, 4], [5]) : 0.9172254624
148 : ([1, 6], [2], [3, 4], [5]) : 0.8858590555
149 : ([1, 6], [2, 4], [3], [5]) : 0.8884671292
150 : ([1, 6], [2, 3], [4], [5]) : 0.9134984002
151 : ([1, 6], [2], [3], [4], [5]) : 0.8855633119
152 : ([1, 2, 3, 4, 5], [6]) : 0.9408870776
153 : ([1], [2, 3, 4, 5], [6]) : 0.9335264373
154 : ([1, 3, 4, 5], [2], [6]) : 0.9054613146
155 : ([1, 2], [3, 4, 5], [6]) : 0.9014038218
156 : ([1], [2], [3, 4, 5], [6]) : 0.8998743582
157 : ([1, 2, 4, 5], [3], [6]) : 0.9092352822
158 : ([1, 3], [2, 4, 5], [6]) : 0.9040726695
159 : ([1], [2, 4, 5], [3], [6]) : 0.9007621249
160 : ([1, 4, 5], [2, 3], [6]) : 0.9293524013
161 : ([1, 4, 5], [2], [3], [6]) : 0.9004426319
162 : ([1, 2, 3], [4, 5], [6]) : 0.9333845931
163 : ([1], [2, 3], [4, 5], [6]) : 0.9287938541
164 : ([1, 3], [2], [4, 5], [6]) : 0.9003019205
165 : ([1, 2], [3], [4, 5], [6]) : 0.8988298788
166 : ([1], [2], [3], [4, 5], [6]) : 0.8974037223
167 : ([1, 2, 3, 5], [4], [6]) : 0.9219165656
168 : ([1, 4], [2, 3, 5], [6]) : 0.9155432888
169 : ([1], [2, 3, 5], [4], [6]) : 0.9155015092
170 : ([1, 3, 5], [2, 4], [6]) : 0.8924951758
171 : ([1, 3, 5], [2], [4], [6]) : 0.8883830863
172 : ([1, 2, 4], [3, 5], [6]) : 0.8944599029
173 : ([1], [2, 4], [3, 5], [6]) : 0.8888949903
174 : ([1, 4], [2], [3, 5], [6]) : 0.8869445168
175 : ([1, 2], [3, 5], [4], [6]) : 0.8894882210
176 : ([1], [2], [3, 5], [4], [6]) : 0.8859873931
177 : ([1, 2, 5], [3, 4], [6]) : 0.8925231596
178 : ([1, 2, 5], [3], [4], [6]) : 0.8920301698
179 : ([1, 3, 4], [2, 5], [6]) : 0.8893189369
180 : ([1], [2, 5], [3, 4], [6]) : 0.8863369596
181 : ([1, 4], [2, 5], [3], [6]) : 0.8869400758
182 : ([1, 3], [2, 5], [4], [6]) : 0.8875322009
183 : ([1], [2, 5], [3], [4], [6]) : 0.8858639841
184 : ([1, 5], [2, 3, 4], [6]) : 0.9174512216
185 : ([1, 5], [2], [3, 4], [6]) : 0.8865055092
186 : ([1, 5], [2, 4], [3], [6]) : 0.8894599012
187 : ([1, 5], [2, 3], [4], [6]) : 0.9136883227
188 : ([1, 5], [2], [3], [4], [6]) : 0.8861394425
189 : ([1, 2, 3, 4], [5], [6]) : 0.9229768673
190 : ([1], [2, 3, 4], [5], [6]) : 0.9172603833
191 : ([1, 3, 4], [2], [5], [6]) : 0.8885330739
192 : ([1, 2], [3, 4], [5], [6]) : 0.8893091996
193 : ([1], [2], [3, 4], [5], [6]) : 0.8855839484
194 : ([1, 2, 4], [3], [5], [6]) : 0.8940217025
195 : ([1, 3], [2, 4], [5], [6]) : 0.8908481297
196 : ([1], [2, 4], [3], [5], [6]) : 0.8881677726
197 : ([1, 4], [2, 3], [5], [6]) : 0.9136273149
198 : ([1, 4], [2], [3], [5], [6]) : 0.8862474072
199 : ([1, 2, 3], [4], [5], [6]) : 0.9188747676
200 : ([1], [2, 3], [4], [5], [6]) : 0.9135953843
201 : ([1, 3], [2], [4], [5], [6]) : 0.8870160593
202 : ([1, 2], [3], [4], [5], [6]) : 0.8889235669
203 : ([1], [2], [3], [4], [5], [6]) : 0.8852455836
