=== Bootstrap seed: 58 ===
1 : ([1, 2, 3, 4, 5, 6],) : 0.9614320462
2 : ([1], [2, 3, 4, 5, 6]) : 0.9574666609
3 : ([1, 3, 4, 5, 6], [2]) : 0.9292798130
4 : ([1, 2], [3, 4, 5, 6]) : 0.9258964556
5 : ([1], [2], [3, 4, 5, 6]) : 0.9252044728
6 : ([1, 2, 4, 5, 6], [3]) : 0.9312229860
7 : ([1, 3], [2, 4, 5, 6]) : 0.9248834304
8 : ([1], [2, 4, 5, 6], [3]) : 0.9247769305
9 : ([1, 4, 5, 6], [2, 3]) : 0.9561248119
10 : ([1, 4, 5, 6], [2], [3]) : 0.9246055213
11 : ([1, 2, 3], [4, 5, 6]) : 0.9568907177
12 : ([1], [2, 3], [4, 5, 6]) : 0.9550104253
13 : ([1, 3], [2], [4, 5, 6]) : 0.9221029082
14 : ([1, 2], [3], [4, 5, 6]) : 0.9227248073
15 : ([1], [2], [3], [4, 5, 6]) : 0.9218155131
16 : ([1, 2, 3, 5, 6], [4]) : 0.9382838856
17 : ([1, 4], [2, 3, 5, 6]) : 0.9332351144
18 : ([1], [2, 3, 5, 6], [4]) : 0.9327148074
19 : ([1, 3, 5, 6], [2, 4]) : 0.9039316172
20 : ([1, 3, 5, 6], [2], [4]) : 0.9019004012
21 : ([1, 2, 4], [3, 5, 6]) : 0.9037583076
22 : ([1], [2, 4], [3, 5, 6]) : 0.9009601968
23 : ([1, 4], [2], [3, 5, 6]) : 0.8989325090
24 : ([1, 2], [3, 5, 6], [4]) : 0.9011076359
25 : ([1], [2], [3, 5, 6], [4]) : 0.8986631802
26 : ([1, 2, 5, 6], [3, 4]) : 0.9047907149
27 : ([1, 2, 5, 6], [3], [4]) : 0.9046838992
28 : ([1, 3, 4], [2, 5, 6]) : 0.8998414900
29 : ([1], [2, 5, 6], [3, 4]) : 0.8993235094
30 : ([1, 4], [2, 5, 6], [3]) : 0.8992069237
31 : ([1, 3], [2, 5, 6], [4]) : 0.8991790969
32 : ([1], [2, 5, 6], [3], [4]) : 0.8991192370
33 : ([1, 5, 6], [2, 3, 4]) : 0.9317758701
34 : ([1, 5, 6], [2], [3, 4]) : 0.8982171157
35 : ([1, 5, 6], [2, 4], [3]) : 0.8999778568
36 : ([1, 5, 6], [2, 3], [4]) : 0.9295237987
37 : ([1, 5, 6], [2], [3], [4]) : 0.8981095017
38 : ([1, 2, 3, 4], [5, 6]) : 0.9368793007
39 : ([1], [2, 3, 4], [5, 6]) : 0.9315798226
40 : ([1, 3, 4], [2], [5, 6]) : 0.8972622592
41 : ([1, 2], [3, 4], [5, 6]) : 0.8994665403
42 : ([1], [2], [3, 4], [5, 6]) : 0.8965398797
43 : ([1, 2, 4], [3], [5, 6]) : 0.9016130027
44 : ([1, 3], [2, 4], [5, 6]) : 0.8984853944
45 : ([1], [2, 4], [3], [5, 6]) : 0.8981348300
46 : ([1, 4], [2, 3], [5, 6]) : 0.9298466137
47 : ([1, 4], [2], [3], [5, 6]) : 0.8966030526
48 : ([1, 2, 3], [4], [5, 6]) : 0.9342986419
49 : ([1], [2, 3], [4], [5, 6]) : 0.9293354754
50 : ([1, 3], [2], [4], [5, 6]) : 0.8965731962
51 : ([1, 2], [3], [4], [5, 6]) : 0.8991927352
52 : ([1], [2], [3], [4], [5, 6]) : 0.8962939647
53 : ([1, 2, 3, 4, 6], [5]) : 0.9377191985
54 : ([1, 5], [2, 3, 4, 6]) : 0.9312203532
55 : ([1], [2, 3, 4, 6], [5]) : 0.9310711828
56 : ([1, 3, 4, 6], [2, 5]) : 0.9031845521
57 : ([1, 3, 4, 6], [2], [5]) : 0.9013399584
58 : ([1, 2, 5], [3, 4, 6]) : 0.9055666721
59 : ([1], [2, 5], [3, 4, 6]) : 0.9014021777
60 : ([1, 5], [2], [3, 4, 6]) : 0.9000114480
61 : ([1, 2], [3, 4, 6], [5]) : 0.9024848237
62 : ([1], [2], [3, 4, 6], [5]) : 0.8990997746
63 : ([1, 2, 4, 6], [3, 5]) : 0.9035115481
64 : ([1, 2, 4, 6], [3], [5]) : 0.9034686801
65 : ([1, 3, 5], [2, 4, 6]) : 0.9002712926
66 : ([1], [2, 4, 6], [3, 5]) : 0.8989813284
67 : ([1, 5], [2, 4, 6], [3]) : 0.8996815900
68 : ([1, 3], [2, 4, 6], [5]) : 0.8991942339
69 : ([1], [2, 4, 6], [3], [5]) : 0.8987652758
70 : ([1, 4, 6], [2, 3, 5]) : 0.9287123613
71 : ([1, 4, 6], [2], [3, 5]) : 0.8954383918
72 : ([1, 4, 6], [2, 5], [3]) : 0.8972267004
73 : ([1, 4, 6], [2, 3], [5]) : 0.9269754577
74 : ([1, 4, 6], [2], [3], [5]) : 0.8950877621
75 : ([1, 2, 3, 5], [4, 6]) : 0.9327096876
76 : ([1], [2, 3, 5], [4, 6]) : 0.9280509488
77 : ([1, 3, 5], [2], [4, 6]) : 0.8962567231
78 : ([1, 2], [3, 5], [4, 6]) : 0.8984214984
79 : ([1], [2], [3, 5], [4, 6]) : 0.8951526073
80 : ([1, 2, 5], [3], [4, 6]) : 0.9014246978
81 : ([1, 3], [2, 5], [4, 6]) : 0.8970057324
82 : ([1], [2, 5], [3], [4, 6]) : 0.8969547154
83 : ([1, 5], [2, 3], [4, 6]) : 0.9262971730
84 : ([1, 5], [2], [3], [4, 6]) : 0.8958798910
85 : ([1, 2, 3], [4, 6], [5]) : 0.9321492036
86 : ([1], [2, 3], [4, 6], [5]) : 0.9263474073
87 : ([1, 3], [2], [4, 6], [5]) : 0.8950723821
88 : ([1, 2], [3], [4, 6], [5]) : 0.8982940168
89 : ([1], [2], [3], [4, 6], [5]) : 0.8948347304
90 : ([1, 2, 3, 6], [4, 5]) : 0.9442010889
91 : ([1, 2, 3, 6], [4], [5]) : 0.9303815566
92 : ([1, 4, 5], [2, 3, 6]) : 0.9413854870
93 : ([1], [2, 3, 6], [4, 5]) : 0.9393092511
94 : ([1, 5], [2, 3, 6], [4]) : 0.9224999995
95 : ([1, 4], [2, 3, 6], [5]) : 0.9229308185
96 : ([1], [2, 3, 6], [4], [5]) : 0.9223884768
97 : ([1, 3, 6], [2, 4, 5]) : 0.9085326878
98 : ([1, 3, 6], [2], [4, 5]) : 0.9055003855
99 : ([1, 3, 6], [2, 5], [4]) : 0.8938632740
100 : ([1, 3, 6], [2, 4], [5]) : 0.8938522577
101 : ([1, 3, 6], [2], [4], [5]) : 0.8919833962
102 : ([1, 2, 4, 5], [3, 6]) : 0.9147430050
103 : ([1], [2, 4, 5], [3, 6]) : 0.9074186508
104 : ([1, 4, 5], [2], [3, 6]) : 0.9093136919
105 : ([1, 2], [3, 6], [4, 5]) : 0.9047110961
106 : ([1], [2], [3, 6], [4, 5]) : 0.9036940541
107 : ([1, 2, 5], [3, 6], [4]) : 0.8974644848
108 : ([1, 4], [2, 5], [3, 6]) : 0.8923769090
109 : ([1], [2, 5], [3, 6], [4]) : 0.8921973771
110 : ([1, 5], [2, 4], [3, 6]) : 0.8937272487
111 : ([1, 5], [2], [3, 6], [4]) : 0.8915306485
112 : ([1, 2, 4], [3, 6], [5]) : 0.8958057581
113 : ([1], [2, 4], [3, 6], [5]) : 0.8919846833
114 : ([1, 4], [2], [3, 6], [5]) : 0.8900788446
115 : ([1, 2], [3, 6], [4], [5]) : 0.8934751189
116 : ([1], [2], [3, 6], [4], [5]) : 0.8898706158
117 : ([1, 2, 6], [3, 4, 5]) : 0.9061392556
118 : ([1, 2, 6], [3], [4, 5]) : 0.9052706383
119 : ([1, 2, 6], [3, 5], [4]) : 0.8939336868
120 : ([1, 2, 6], [3, 4], [5]) : 0.8939962982
121 : ([1, 2, 6], [3], [4], [5]) : 0.8936343251
122 : ([1, 3, 4, 5], [2, 6]) : 0.9080657899
123 : ([1], [2, 6], [3, 4, 5]) : 0.9036909187
124 : ([1, 4, 5], [2, 6], [3]) : 0.9068279083
125 : ([1, 3], [2, 6], [4, 5]) : 0.9023368062
126 : ([1], [2, 6], [3], [4, 5]) : 0.9020732154
127 : ([1, 3, 5], [2, 6], [4]) : 0.8908300761
128 : ([1, 4], [2, 6], [3, 5]) : 0.8891590801
129 : ([1], [2, 6], [3, 5], [4]) : 0.8890233173
130 : ([1, 5], [2, 6], [3, 4]) : 0.8903059952
131 : ([1, 5], [2, 6], [3], [4]) : 0.8899918362
132 : ([1, 3, 4], [2, 6], [5]) : 0.8894023258
133 : ([1], [2, 6], [3, 4], [5]) : 0.8887297149
134 : ([1, 4], [2, 6], [3], [5]) : 0.8884742231
135 : ([1, 3], [2, 6], [4], [5]) : 0.8887662932
136 : ([1], [2, 6], [3], [4], [5]) : 0.8883512647
137 : ([1, 6], [2, 3, 4, 5]) : 0.9417400777
138 : ([1, 6], [2], [3, 4, 5]) : 0.9035970275
139 : ([1, 6], [2, 4, 5], [3]) : 0.9055777484
140 : ([1, 6], [2, 3], [4, 5]) : 0.9383516086
141 : ([1, 6], [2], [3], [4, 5]) : 0.9020249250
142 : ([1, 6], [2, 3, 5], [4]) : 0.9235845040
143 : ([1, 6], [2, 4], [3, 5]) : 0.8906743476
144 : ([1, 6], [2], [3, 5], [4]) : 0.8889246912
145 : ([1, 6], [2, 5], [3, 4]) : 0.8908979209
146 : ([1, 6], [2, 5], [3], [4]) : 0.8906636520
147 : ([1, 6], [2, 3, 4], [5]) : 0.9236333618
148 : ([1, 6], [2], [3, 4], [5]) : 0.8885935287
149 : ([1, 6], [2, 4], [3], [5]) : 0.8899408899
150 : ([1, 6], [2, 3], [4], [5]) : 0.9214249131
151 : ([1, 6], [2], [3], [4], [5]) : 0.8882410748
152 : ([1, 2, 3, 4, 5], [6]) : 0.9462522172
153 : ([1], [2, 3, 4, 5], [6]) : 0.9417910077
154 : ([1, 3, 4, 5], [2], [6]) : 0.9078137920
155 : ([1, 2], [3, 4, 5], [6]) : 0.9042340055
156 : ([1], [2], [3, 4, 5], [6]) : 0.9034289621
157 : ([1, 2, 4, 5], [3], [6]) : 0.9127844709
158 : ([1, 3], [2, 4, 5], [6]) : 0.9053274352
159 : ([1], [2, 4, 5], [3], [6]) : 0.9052777172
160 : ([1, 4, 5], [2, 3], [6]) : 0.9402600326
161 : ([1, 4, 5], [2], [3], [6]) : 0.9065645960
162 : ([1, 2, 3], [4, 5], [6]) : 0.9413659394
163 : ([1], [2, 3], [4, 5], [6]) : 0.9383441454
164 : ([1, 3], [2], [4, 5], [6]) : 0.9019919926
165 : ([1, 2], [3], [4, 5], [6]) : 0.9027903305
166 : ([1], [2], [3], [4, 5], [6]) : 0.9016990866
167 : ([1, 2, 3, 5], [4], [6]) : 0.9287264673
168 : ([1, 4], [2, 3, 5], [6]) : 0.9244477402
169 : ([1], [2, 3, 5], [4], [6]) : 0.9236465986
170 : ([1, 3, 5], [2, 4], [6]) : 0.8921900309
171 : ([1, 3, 5], [2], [4], [6]) : 0.8903773311
172 : ([1, 2, 4], [3, 5], [6]) : 0.8941278007
173 : ([1], [2, 4], [3, 5], [6]) : 0.8903689322
174 : ([1, 4], [2], [3, 5], [6]) : 0.8888140243
175 : ([1, 2], [3, 5], [4], [6]) : 0.8920943131
176 : ([1], [2], [3, 5], [4], [6]) : 0.8886393023
177 : ([1, 2, 5], [3, 4], [6]) : 0.8960151773
178 : ([1, 2, 5], [3], [4], [6]) : 0.8958135543
179 : ([1, 3, 4], [2, 5], [6]) : 0.8911161434
180 : ([1], [2, 5], [3, 4], [6]) : 0.8906216543
181 : ([1, 4], [2, 5], [3], [6]) : 0.8905299330
182 : ([1, 3], [2, 5], [4], [6]) : 0.8904760621
183 : ([1], [2, 5], [3], [4], [6]) : 0.8903723336
184 : ([1, 5], [2, 3, 4], [6]) : 0.9237886869
185 : ([1, 5], [2], [3, 4], [6]) : 0.8899090109
186 : ([1, 5], [2, 4], [3], [6]) : 0.8912980715
187 : ([1, 5], [2, 3], [4], [6]) : 0.9214685326
188 : ([1, 5], [2], [3], [4], [6]) : 0.8896219443
189 : ([1, 2, 3, 4], [5], [6]) : 0.9302663807
190 : ([1], [2, 3, 4], [5], [6]) : 0.9236546202
191 : ([1, 3, 4], [2], [5], [6]) : 0.8889960909
192 : ([1, 2], [3, 4], [5], [6]) : 0.8920911528
193 : ([1], [2], [3, 4], [5], [6]) : 0.8883525736
194 : ([1, 2, 4], [3], [5], [6]) : 0.8937046390
195 : ([1, 3], [2, 4], [5], [6]) : 0.8901268411
196 : ([1], [2, 4], [3], [5], [6]) : 0.8896540809
197 : ([1, 4], [2, 3], [5], [6]) : 0.9220801875
198 : ([1, 4], [2], [3], [5], [6]) : 0.8881488384
199 : ([1, 2, 3], [4], [5], [6]) : 0.9277632547
200 : ([1], [2, 3], [4], [5], [6]) : 0.9214519244
201 : ([1, 3], [2], [4], [5], [6]) : 0.8883510654
202 : ([1, 2], [3], [4], [5], [6]) : 0.8916808610
203 : ([1], [2], [3], [4], [5], [6]) : 0.8879794403
