=== Bootstrap seed: 56 ===
1 : ([1, 2, 3, 4, 5, 6],) : 0.9623504596
2 : ([1], [2, 3, 4, 5, 6]) : 0.9555531897
3 : ([1, 3, 4, 5, 6], [2]) : 0.9257140228
4 : ([1, 2], [3, 4, 5, 6]) : 0.9222371855
5 : ([1], [2], [3, 4, 5, 6]) : 0.9214861681
6 : ([1, 2, 4, 5, 6], [3]) : 0.9239719179
7 : ([1, 3], [2, 4, 5, 6]) : 0.9205763024
8 : ([1], [2, 4, 5, 6], [3]) : 0.9201530539
9 : ([1, 4, 5, 6], [2, 3]) : 0.9555271281
10 : ([1, 4, 5, 6], [2], [3]) : 0.9206285234
11 : ([1, 2, 3], [4, 5, 6]) : 0.9560704131
12 : ([1], [2, 3], [4, 5, 6]) : 0.9544930368
13 : ([1, 3], [2], [4, 5, 6]) : 0.9181316396
14 : ([1, 2], [3], [4, 5, 6]) : 0.9182180583
15 : ([1], [2], [3], [4, 5, 6]) : 0.9178410803
16 : ([1, 2, 3, 5, 6], [4]) : 0.9369752035
17 : ([1, 4], [2, 3, 5, 6]) : 0.9320293735
18 : ([1], [2, 3, 5, 6], [4]) : 0.9320101716
19 : ([1, 3, 5, 6], [2, 4]) : 0.9068306927
20 : ([1, 3, 5, 6], [2], [4]) : 0.9044761015
21 : ([1, 2, 4], [3, 5, 6]) : 0.9048549103
22 : ([1], [2, 4], [3, 5, 6]) : 0.9038361554
23 : ([1, 4], [2], [3, 5, 6]) : 0.9014642783
24 : ([1, 2], [3, 5, 6], [4]) : 0.9022414806
25 : ([1], [2], [3, 5, 6], [4]) : 0.9013147477
26 : ([1, 2, 5, 6], [3, 4]) : 0.9050371075
27 : ([1, 2, 5, 6], [3], [4]) : 0.9032602646
28 : ([1, 3, 4], [2, 5, 6]) : 0.9013472239
29 : ([1], [2, 5, 6], [3, 4]) : 0.9005228524
30 : ([1, 4], [2, 5, 6], [3]) : 0.8992105158
31 : ([1, 3], [2, 5, 6], [4]) : 0.8989731533
32 : ([1], [2, 5, 6], [3], [4]) : 0.8987197927
33 : ([1, 5, 6], [2, 3, 4]) : 0.9333459146
34 : ([1, 5, 6], [2], [3, 4]) : 0.9016263971
35 : ([1, 5, 6], [2, 4], [3]) : 0.9022368573
36 : ([1, 5, 6], [2, 3], [4]) : 0.9313900387
37 : ([1, 5, 6], [2], [3], [4]) : 0.8998467791
38 : ([1, 2, 3, 4], [5, 6]) : 0.9343464916
39 : ([1], [2, 3, 4], [5, 6]) : 0.9325534232
40 : ([1, 3, 4], [2], [5, 6]) : 0.9005256547
41 : ([1, 2], [3, 4], [5, 6]) : 0.9002792768
42 : ([1], [2], [3, 4], [5, 6]) : 0.8994441553
43 : ([1, 2, 4], [3], [5, 6]) : 0.9017129073
44 : ([1, 3], [2, 4], [5, 6]) : 0.9009400303
45 : ([1], [2, 4], [3], [5, 6]) : 0.9003003195
46 : ([1, 4], [2, 3], [5, 6]) : 0.9306727754
47 : ([1, 4], [2], [3], [5, 6]) : 0.8982971911
48 : ([1, 2, 3], [4], [5, 6]) : 0.9327286338
49 : ([1], [2, 3], [4], [5, 6]) : 0.9306486608
50 : ([1, 3], [2], [4], [5, 6]) : 0.8981373234
51 : ([1, 2], [3], [4], [5, 6]) : 0.8985390623
52 : ([1], [2], [3], [4], [5, 6]) : 0.8976793277
53 : ([1, 2, 3, 4, 6], [5]) : 0.9386616788
54 : ([1, 5], [2, 3, 4, 6]) : 0.9371275759
55 : ([1], [2, 3, 4, 6], [5]) : 0.9356832472
56 : ([1, 3, 4, 6], [2, 5]) : 0.9054913303
57 : ([1, 3, 4, 6], [2], [5]) : 0.9043008031
58 : ([1, 2, 5], [3, 4, 6]) : 0.9087207702
59 : ([1], [2, 5], [3, 4, 6]) : 0.9030720798
60 : ([1, 5], [2], [3, 4, 6]) : 0.9046420817
61 : ([1, 2], [3, 4, 6], [5]) : 0.9028013991
62 : ([1], [2], [3, 4, 6], [5]) : 0.9015033185
63 : ([1, 2, 4, 6], [3, 5]) : 0.9033524583
64 : ([1, 2, 4, 6], [3], [5]) : 0.9024841205
65 : ([1, 3, 5], [2, 4, 6]) : 0.9039742732
66 : ([1], [2, 4, 6], [3, 5]) : 0.9013392535
67 : ([1, 5], [2, 4, 6], [3]) : 0.9028051429
68 : ([1, 3], [2, 4, 6], [5]) : 0.9004353961
69 : ([1], [2, 4, 6], [3], [5]) : 0.9003293409
70 : ([1, 4, 6], [2, 3, 5]) : 0.9346015030
71 : ([1, 4, 6], [2], [3, 5]) : 0.8999420206
72 : ([1, 4, 6], [2, 5], [3]) : 0.9004157219
73 : ([1, 4, 6], [2, 3], [5]) : 0.9334586885
74 : ([1, 4, 6], [2], [3], [5]) : 0.8990084856
75 : ([1, 2, 3, 5], [4, 6]) : 0.9389556216
76 : ([1], [2, 3, 5], [4, 6]) : 0.9343812673
77 : ([1, 3, 5], [2], [4, 6]) : 0.9017290733
78 : ([1, 2], [3, 5], [4, 6]) : 0.9001049036
79 : ([1], [2], [3, 5], [4, 6]) : 0.8989216756
80 : ([1, 2, 5], [3], [4, 6]) : 0.9047273937
81 : ([1, 3], [2, 5], [4, 6]) : 0.8995019991
82 : ([1], [2, 5], [3], [4, 6]) : 0.8995068570
83 : ([1, 5], [2, 3], [4, 6]) : 0.9346586423
84 : ([1, 5], [2], [3], [4, 6]) : 0.9005445450
85 : ([1, 2, 3], [4, 6], [5]) : 0.9350448634
86 : ([1], [2, 3], [4, 6], [5]) : 0.9333327301
87 : ([1, 3], [2], [4, 6], [5]) : 0.8978485797
88 : ([1, 2], [3], [4, 6], [5]) : 0.8989253181
89 : ([1], [2], [3], [4, 6], [5]) : 0.8978604132
90 : ([1, 2, 3, 6], [4, 5]) : 0.9380357572
91 : ([1, 2, 3, 6], [4], [5]) : 0.9265541735
92 : ([1, 4, 5], [2, 3, 6]) : 0.9359330879
93 : ([1], [2, 3, 6], [4, 5]) : 0.9346366426
94 : ([1, 5], [2, 3, 6], [4]) : 0.9236375310
95 : ([1, 4], [2, 3, 6], [5]) : 0.9229320748
96 : ([1], [2, 3, 6], [4], [5]) : 0.9228626937
97 : ([1, 3, 6], [2, 4, 5]) : 0.9071433280
98 : ([1, 3, 6], [2], [4, 5]) : 0.9029306175
99 : ([1, 3, 6], [2, 5], [4]) : 0.8936009961
100 : ([1, 3, 6], [2, 4], [5]) : 0.8958998813
101 : ([1, 3, 6], [2], [4], [5]) : 0.8926313519
102 : ([1, 2, 4, 5], [3, 6]) : 0.9078143318
103 : ([1], [2, 4, 5], [3, 6]) : 0.9044161182
104 : ([1, 4, 5], [2], [3, 6]) : 0.9028629568
105 : ([1, 2], [3, 6], [4, 5]) : 0.9007878696
106 : ([1], [2], [3, 6], [4, 5]) : 0.9002561560
107 : ([1, 2, 5], [3, 6], [4]) : 0.8967959182
108 : ([1, 4], [2, 5], [3, 6]) : 0.8919372777
109 : ([1], [2, 5], [3, 6], [4]) : 0.8919053883
110 : ([1, 5], [2, 4], [3, 6]) : 0.8964115231
111 : ([1, 5], [2], [3, 6], [4]) : 0.8935232669
112 : ([1, 2, 4], [3, 6], [5]) : 0.8953987827
113 : ([1], [2, 4], [3, 6], [5]) : 0.8939142313
114 : ([1, 4], [2], [3, 6], [5]) : 0.8907881033
115 : ([1, 2], [3, 6], [4], [5]) : 0.8918903706
116 : ([1], [2], [3, 6], [4], [5]) : 0.8906967680
117 : ([1, 2, 6], [3, 4, 5]) : 0.9026950829
118 : ([1, 2, 6], [3], [4, 5]) : 0.9000051002
119 : ([1, 2, 6], [3, 5], [4]) : 0.8932466665
120 : ([1, 2, 6], [3, 4], [5]) : 0.8936756304
121 : ([1, 2, 6], [3], [4], [5]) : 0.8913723374
122 : ([1, 3, 4, 5], [2, 6]) : 0.9048188243
123 : ([1], [2, 6], [3, 4, 5]) : 0.9015921071
124 : ([1, 4, 5], [2, 6], [3]) : 0.9015182068
125 : ([1, 3], [2, 6], [4, 5]) : 0.8993017584
126 : ([1], [2, 6], [3], [4, 5]) : 0.8988474787
127 : ([1, 3, 5], [2, 6], [4]) : 0.8941175264
128 : ([1, 4], [2, 6], [3, 5]) : 0.8916630269
129 : ([1], [2, 6], [3, 5], [4]) : 0.8914517248
130 : ([1, 5], [2, 6], [3, 4]) : 0.8946378355
131 : ([1, 5], [2, 6], [3], [4]) : 0.8921931339
132 : ([1, 3, 4], [2, 6], [5]) : 0.8925370590
133 : ([1], [2, 6], [3, 4], [5]) : 0.8918090177
134 : ([1, 4], [2, 6], [3], [5]) : 0.8898241638
135 : ([1, 3], [2, 6], [4], [5]) : 0.8897645627
136 : ([1], [2, 6], [3], [4], [5]) : 0.8895623254
137 : ([1, 6], [2, 3, 4, 5]) : 0.9367897946
138 : ([1, 6], [2], [3, 4, 5]) : 0.9019742646
139 : ([1, 6], [2, 4, 5], [3]) : 0.9036631460
140 : ([1, 6], [2, 3], [4, 5]) : 0.9338953011
141 : ([1, 6], [2], [3], [4, 5]) : 0.8993750738
142 : ([1, 6], [2, 3, 5], [4]) : 0.9246061334
143 : ([1, 6], [2, 4], [3, 5]) : 0.8950048902
144 : ([1, 6], [2], [3, 5], [4]) : 0.8919652776
145 : ([1, 6], [2, 5], [3, 4]) : 0.8939742909
146 : ([1, 6], [2, 5], [3], [4]) : 0.8916062404
147 : ([1, 6], [2, 3, 4], [5]) : 0.9254286735
148 : ([1, 6], [2], [3, 4], [5]) : 0.8924005333
149 : ([1, 6], [2, 4], [3], [5]) : 0.8932522949
150 : ([1, 6], [2, 3], [4], [5]) : 0.9226333604
151 : ([1, 6], [2], [3], [4], [5]) : 0.8901650548
152 : ([1, 2, 3, 4, 5], [6]) : 0.9413500209
153 : ([1], [2, 3, 4, 5], [6]) : 0.9368263441
154 : ([1, 3, 4, 5], [2], [6]) : 0.9044661488
155 : ([1, 2], [3, 4, 5], [6]) : 0.9018535358
156 : ([1], [2], [3, 4, 5], [6]) : 0.9013764621
157 : ([1, 2, 4, 5], [3], [6]) : 0.9061167113
158 : ([1, 3], [2, 4, 5], [6]) : 0.9039972385
159 : ([1], [2, 4, 5], [3], [6]) : 0.9030033137
160 : ([1, 4, 5], [2, 3], [6]) : 0.9351527062
161 : ([1, 4, 5], [2], [3], [6]) : 0.9010984882
162 : ([1, 2, 3], [4, 5], [6]) : 0.9363050902
163 : ([1], [2, 3], [4, 5], [6]) : 0.9339415355
164 : ([1, 3], [2], [4, 5], [6]) : 0.8991764122
165 : ([1, 2], [3], [4, 5], [6]) : 0.8990072966
166 : ([1], [2], [3], [4, 5], [6]) : 0.8986324937
167 : ([1, 2, 3, 5], [4], [6]) : 0.9287272884
168 : ([1, 4], [2, 3, 5], [6]) : 0.9246739561
169 : ([1], [2, 3, 5], [4], [6]) : 0.9245720048
170 : ([1, 3, 5], [2, 4], [6]) : 0.8970829765
171 : ([1, 3, 5], [2], [4], [6]) : 0.8940175495
172 : ([1, 2, 4], [3, 5], [6]) : 0.8957854000
173 : ([1], [2, 4], [3, 5], [6]) : 0.8945641474
174 : ([1, 4], [2], [3, 5], [6]) : 0.8916212936
175 : ([1, 2], [3, 5], [4], [6]) : 0.8924721137
176 : ([1], [2], [3, 5], [4], [6]) : 0.8913895654
177 : ([1, 2, 5], [3, 4], [6]) : 0.8979865483
178 : ([1, 2, 5], [3], [4], [6]) : 0.8955619479
179 : ([1, 3, 4], [2, 5], [6]) : 0.8939568744
180 : ([1], [2, 5], [3, 4], [6]) : 0.8933090066
181 : ([1, 4], [2, 5], [3], [6]) : 0.8911287475
182 : ([1, 3], [2, 5], [4], [6]) : 0.8911883303
183 : ([1], [2, 5], [3], [4], [6]) : 0.8909700988
184 : ([1, 5], [2, 3, 4], [6]) : 0.9262674330
185 : ([1, 5], [2], [3, 4], [6]) : 0.8944223658
186 : ([1, 5], [2, 4], [3], [6]) : 0.8949437096
187 : ([1, 5], [2, 3], [4], [6]) : 0.9233971530
188 : ([1, 5], [2], [3], [4], [6]) : 0.8920245637
189 : ([1, 2, 3, 4], [5], [6]) : 0.9274827565
190 : ([1], [2, 3, 4], [5], [6]) : 0.9253952275
191 : ([1, 3, 4], [2], [5], [6]) : 0.8925236627
192 : ([1, 2], [3, 4], [5], [6]) : 0.8928519196
193 : ([1], [2], [3, 4], [5], [6]) : 0.8917526539
194 : ([1, 2, 4], [3], [5], [6]) : 0.8941441380
195 : ([1, 3], [2, 4], [5], [6]) : 0.8932715443
196 : ([1], [2, 4], [3], [5], [6]) : 0.8927518705
197 : ([1, 4], [2, 3], [5], [6]) : 0.9226739446
198 : ([1, 4], [2], [3], [5], [6]) : 0.8897944276
199 : ([1, 2, 3], [4], [5], [6]) : 0.9248230901
200 : ([1], [2, 3], [4], [5], [6]) : 0.9225956452
201 : ([1, 3], [2], [4], [5], [6]) : 0.8897873446
202 : ([1, 2], [3], [4], [5], [6]) : 0.8905825898
203 : ([1], [2], [3], [4], [5], [6]) : 0.8895221701
