=== Bootstrap seed: 42 ===
1 : ([1, 2, 3, 4, 5, 6],) : 0.9592838195
2 : ([1], [2, 3, 4, 5, 6]) : 0.9537880473
3 : ([1, 3, 4, 5, 6], [2]) : 0.9255548315
4 : ([1, 2], [3, 4, 5, 6]) : 0.9162365204
5 : ([1], [2], [3, 4, 5, 6]) : 0.9155665111
6 : ([1, 2, 4, 5, 6], [3]) : 0.9280320415
7 : ([1, 3], [2, 4, 5, 6]) : 0.9202629443
8 : ([1], [2, 4, 5, 6], [3]) : 0.9197490422
9 : ([1, 4, 5, 6], [2, 3]) : 0.9506637238
10 : ([1, 4, 5, 6], [2], [3]) : 0.9189132923
11 : ([1, 2, 3], [4, 5, 6]) : 0.9514024846
12 : ([1], [2, 3], [4, 5, 6]) : 0.9492965045
13 : ([1, 3], [2], [4, 5, 6]) : 0.9143908716
14 : ([1, 2], [3], [4, 5, 6]) : 0.9140234541
15 : ([1], [2], [3], [4, 5, 6]) : 0.9133563362
16 : ([1, 2, 3, 5, 6], [4]) : 0.9349341860
17 : ([1, 4], [2, 3, 5, 6]) : 0.9304115047
18 : ([1], [2, 3, 5, 6], [4]) : 0.9268345520
19 : ([1, 3, 5, 6], [2, 4]) : 0.8978046953
20 : ([1, 3, 5, 6], [2], [4]) : 0.8961990247
21 : ([1, 2, 4], [3, 5, 6]) : 0.9046223208
22 : ([1], [2, 4], [3, 5, 6]) : 0.8933132880
23 : ([1, 4], [2], [3, 5, 6]) : 0.8974585032
24 : ([1, 2], [3, 5, 6], [4]) : 0.8923961647
25 : ([1], [2], [3, 5, 6], [4]) : 0.8901831682
26 : ([1, 2, 5, 6], [3, 4]) : 0.8953331731
27 : ([1, 2, 5, 6], [3], [4]) : 0.8952585840
28 : ([1, 3, 4], [2, 5, 6]) : 0.8996904251
29 : ([1], [2, 5, 6], [3, 4]) : 0.8912912901
30 : ([1, 4], [2, 5, 6], [3]) : 0.8974750166
31 : ([1, 3], [2, 5, 6], [4]) : 0.8939609694
32 : ([1], [2, 5, 6], [3], [4]) : 0.8911579279
33 : ([1, 5, 6], [2, 3, 4]) : 0.9274500312
34 : ([1, 5, 6], [2], [3, 4]) : 0.8892505750
35 : ([1, 5, 6], [2, 4], [3]) : 0.8926976944
36 : ([1, 5, 6], [2, 3], [4]) : 0.9239224543
37 : ([1, 5, 6], [2], [3], [4]) : 0.8890452744
38 : ([1, 2, 3, 4], [5, 6]) : 0.9342708633
39 : ([1], [2, 3, 4], [5, 6]) : 0.9273868848
40 : ([1, 3, 4], [2], [5, 6]) : 0.8978163600
41 : ([1, 2], [3, 4], [5, 6]) : 0.8895475788
42 : ([1], [2], [3, 4], [5, 6]) : 0.8876190406
43 : ([1, 2, 4], [3], [5, 6]) : 0.9034619435
44 : ([1, 3], [2, 4], [5, 6]) : 0.8935820030
45 : ([1], [2, 4], [3], [5, 6]) : 0.8914317165
46 : ([1, 4], [2, 3], [5, 6]) : 0.9269298862
47 : ([1, 4], [2], [3], [5, 6]) : 0.8948488469
48 : ([1, 2, 3], [4], [5, 6]) : 0.9289610912
49 : ([1], [2, 3], [4], [5, 6]) : 0.9236533914
50 : ([1, 3], [2], [4], [5, 6]) : 0.8910377252
51 : ([1, 2], [3], [4], [5, 6]) : 0.8894748747
52 : ([1], [2], [3], [4], [5, 6]) : 0.8873591988
53 : ([1, 2, 3, 4, 6], [5]) : 0.9382703894
54 : ([1, 5], [2, 3, 4, 6]) : 0.9292677924
55 : ([1], [2, 3, 4, 6], [5]) : 0.9292582994
56 : ([1, 3, 4, 6], [2, 5]) : 0.9031179895
57 : ([1, 3, 4, 6], [2], [5]) : 0.9000463971
58 : ([1, 2, 5], [3, 4, 6]) : 0.8969295034
59 : ([1], [2, 5], [3, 4, 6]) : 0.8925818218
60 : ([1, 5], [2], [3, 4, 6]) : 0.8893180597
61 : ([1, 2], [3, 4, 6], [5]) : 0.8909419253
62 : ([1], [2], [3, 4, 6], [5]) : 0.8879531160
63 : ([1, 2, 4, 6], [3, 5]) : 0.9069095126
64 : ([1, 2, 4, 6], [3], [5]) : 0.9055565308
65 : ([1, 3, 5], [2, 4, 6]) : 0.8948746592
66 : ([1], [2, 4, 6], [3, 5]) : 0.8937562320
67 : ([1, 5], [2, 4, 6], [3]) : 0.8928414151
68 : ([1, 3], [2, 4, 6], [5]) : 0.8930271868
69 : ([1], [2, 4, 6], [3], [5]) : 0.8920483095
70 : ([1, 4, 6], [2, 3, 5]) : 0.9320884787
71 : ([1, 4, 6], [2], [3, 5]) : 0.8963070831
72 : ([1, 4, 6], [2, 5], [3]) : 0.8974683613
73 : ([1, 4, 6], [2, 3], [5]) : 0.9277235098
74 : ([1, 4, 6], [2], [3], [5]) : 0.8935756465
75 : ([1, 2, 3, 5], [4, 6]) : 0.9341997775
76 : ([1], [2, 3, 5], [4, 6]) : 0.9276671131
77 : ([1, 3, 5], [2], [4, 6]) : 0.8895299042
78 : ([1, 2], [3, 5], [4, 6]) : 0.8900480727
79 : ([1], [2], [3, 5], [4, 6]) : 0.8869998938
80 : ([1, 2, 5], [3], [4, 6]) : 0.8936793948
81 : ([1, 3], [2, 5], [4, 6]) : 0.8908280303
82 : ([1], [2, 5], [3], [4, 6]) : 0.8895302664
83 : ([1, 5], [2, 3], [4, 6]) : 0.9242376727
84 : ([1, 5], [2], [3], [4, 6]) : 0.8858747863
85 : ([1, 2, 3], [4, 6], [5]) : 0.9300915552
86 : ([1], [2, 3], [4, 6], [5]) : 0.9236946082
87 : ([1, 3], [2], [4, 6], [5]) : 0.8865684909
88 : ([1, 2], [3], [4, 6], [5]) : 0.8875912092
89 : ([1], [2], [3], [4, 6], [5]) : 0.8844982201
90 : ([1, 2, 3, 6], [4, 5]) : 0.9315782160
91 : ([1, 2, 3, 6], [4], [5]) : 0.9233231817
92 : ([1, 4, 5], [2, 3, 6]) : 0.9302345770
93 : ([1], [2, 3, 6], [4, 5]) : 0.9264586225
94 : ([1, 5], [2, 3, 6], [4]) : 0.9149400292
95 : ([1, 4], [2, 3, 6], [5]) : 0.9191403592
96 : ([1], [2, 3, 6], [4], [5]) : 0.9145608746
97 : ([1, 3, 6], [2, 4, 5]) : 0.9036372871
98 : ([1, 3, 6], [2], [4, 5]) : 0.8953389794
99 : ([1, 3, 6], [2, 5], [4]) : 0.8883337659
100 : ([1, 3, 6], [2, 4], [5]) : 0.8865198804
101 : ([1, 3, 6], [2], [4], [5]) : 0.8836063327
102 : ([1, 2, 4, 5], [3, 6]) : 0.9111466115
103 : ([1], [2, 4, 5], [3, 6]) : 0.8997442496
104 : ([1, 4, 5], [2], [3, 6]) : 0.8996389569
105 : ([1, 2], [3, 6], [4, 5]) : 0.8915970751
106 : ([1], [2], [3, 6], [4, 5]) : 0.8900514629
107 : ([1, 2, 5], [3, 6], [4]) : 0.8883008879
108 : ([1, 4], [2, 5], [3, 6]) : 0.8908644370
109 : ([1], [2, 5], [3, 6], [4]) : 0.8837034927
110 : ([1, 5], [2, 4], [3, 6]) : 0.8832478592
111 : ([1, 5], [2], [3, 6], [4]) : 0.8794061600
112 : ([1, 2, 4], [3, 6], [5]) : 0.8964025847
113 : ([1], [2, 4], [3, 6], [5]) : 0.8826068023
114 : ([1, 4], [2], [3, 6], [5]) : 0.8866556657
115 : ([1, 2], [3, 6], [4], [5]) : 0.8817098180
116 : ([1], [2], [3, 6], [4], [5]) : 0.8779553410
117 : ([1, 2, 6], [3, 4, 5]) : 0.8944225551
118 : ([1, 2, 6], [3], [4, 5]) : 0.8920083508
119 : ([1, 2, 6], [3, 5], [4]) : 0.8853093883
120 : ([1, 2, 6], [3, 4], [5]) : 0.8819004867
121 : ([1, 2, 6], [3], [4], [5]) : 0.8818141807
122 : ([1, 3, 4, 5], [2, 6]) : 0.9027076534
123 : ([1], [2, 6], [3, 4, 5]) : 0.8910516515
124 : ([1, 4, 5], [2, 6], [3]) : 0.8987693421
125 : ([1, 3], [2, 6], [4, 5]) : 0.8909224472
126 : ([1], [2, 6], [3], [4, 5]) : 0.8890993344
127 : ([1, 3, 5], [2, 6], [4]) : 0.8835072041
128 : ([1, 4], [2, 6], [3, 5]) : 0.8887197340
129 : ([1], [2, 6], [3, 5], [4]) : 0.8804264638
130 : ([1, 5], [2, 6], [3, 4]) : 0.8792478141
131 : ([1, 5], [2, 6], [3], [4]) : 0.8788334171
132 : ([1, 3, 4], [2, 6], [5]) : 0.8884778161
133 : ([1], [2, 6], [3, 4], [5]) : 0.8778485131
134 : ([1, 4], [2, 6], [3], [5]) : 0.8858575364
135 : ([1, 3], [2, 6], [4], [5]) : 0.8806202359
136 : ([1], [2, 6], [3], [4], [5]) : 0.8774041470
137 : ([1, 6], [2, 3, 4, 5]) : 0.9330755469
138 : ([1, 6], [2], [3, 4, 5]) : 0.8924021508
139 : ([1, 6], [2, 4, 5], [3]) : 0.9003147217
140 : ([1, 6], [2, 3], [4, 5]) : 0.9255784012
141 : ([1, 6], [2], [3], [4, 5]) : 0.8900586527
142 : ([1, 6], [2, 3, 5], [4]) : 0.9183612459
143 : ([1, 6], [2, 4], [3, 5]) : 0.8854257331
144 : ([1, 6], [2], [3, 5], [4]) : 0.8811448346
145 : ([1, 6], [2, 5], [3, 4]) : 0.8837646547
146 : ([1, 6], [2, 5], [3], [4]) : 0.8835741401
147 : ([1, 6], [2, 3, 4], [5]) : 0.9184150475
148 : ([1, 6], [2], [3, 4], [5]) : 0.8780017376
149 : ([1, 6], [2, 4], [3], [5]) : 0.8827374007
150 : ([1, 6], [2, 3], [4], [5]) : 0.9137173304
151 : ([1, 6], [2], [3], [4], [5]) : 0.8775991101
152 : ([1, 2, 3, 4, 5], [6]) : 0.9407245227
153 : ([1], [2, 3, 4, 5], [6]) : 0.9328162349
154 : ([1, 3, 4, 5], [2], [6]) : 0.9027350394
155 : ([1, 2], [3, 4, 5], [6]) : 0.8925875251
156 : ([1], [2], [3, 4, 5], [6]) : 0.8909664709
157 : ([1, 2, 4, 5], [3], [6]) : 0.9106581986
158 : ([1, 3], [2, 4, 5], [6]) : 0.8997534248
159 : ([1], [2, 4, 5], [3], [6]) : 0.8990881112
160 : ([1, 4, 5], [2, 3], [6]) : 0.9290053626
161 : ([1, 4, 5], [2], [3], [6]) : 0.8986066311
162 : ([1, 2, 3], [4, 5], [6]) : 0.9290006919
163 : ([1], [2, 3], [4, 5], [6]) : 0.9252769907
164 : ([1, 3], [2], [4, 5], [6]) : 0.8905798799
165 : ([1, 2], [3], [4, 5], [6]) : 0.8903931327
166 : ([1], [2], [3], [4, 5], [6]) : 0.8888399696
167 : ([1, 2, 3, 5], [4], [6]) : 0.9254729389
168 : ([1, 4], [2, 3, 5], [6]) : 0.9224160780
169 : ([1], [2, 3, 5], [4], [6]) : 0.9181821459
170 : ([1, 3, 5], [2, 4], [6]) : 0.8854842815
171 : ([1, 3, 5], [2], [4], [6]) : 0.8829258553
172 : ([1, 2, 4], [3, 5], [6]) : 0.8974260961
173 : ([1], [2, 4], [3, 5], [6]) : 0.8843225982
174 : ([1, 4], [2], [3, 5], [6]) : 0.8883787899
175 : ([1, 2], [3, 5], [4], [6]) : 0.8834680638
176 : ([1], [2], [3, 5], [4], [6]) : 0.8798909376
177 : ([1, 2, 5], [3, 4], [6]) : 0.8873073204
178 : ([1, 2, 5], [3], [4], [6]) : 0.8872402253
179 : ([1, 3, 4], [2, 5], [6]) : 0.8916999214
180 : ([1], [2, 5], [3, 4], [6]) : 0.8830190898
181 : ([1, 4], [2, 5], [3], [6]) : 0.8899231305
182 : ([1, 3], [2, 5], [4], [6]) : 0.8848548598
183 : ([1], [2, 5], [3], [4], [6]) : 0.8827585649
184 : ([1, 5], [2, 3, 4], [6]) : 0.9184045196
185 : ([1, 5], [2], [3, 4], [6]) : 0.8788446821
186 : ([1, 5], [2, 4], [3], [6]) : 0.8826440763
187 : ([1, 5], [2, 3], [4], [6]) : 0.9139373045
188 : ([1, 5], [2], [3], [4], [6]) : 0.8782735207
189 : ([1, 2, 3, 4], [5], [6]) : 0.9272822538
190 : ([1], [2, 3, 4], [5], [6]) : 0.9183828582
191 : ([1, 3, 4], [2], [5], [6]) : 0.8881223051
192 : ([1, 2], [3, 4], [5], [6]) : 0.8806888427
193 : ([1], [2], [3, 4], [5], [6]) : 0.8773757274
194 : ([1, 2, 4], [3], [5], [6]) : 0.8957783133
195 : ([1, 3], [2, 4], [5], [6]) : 0.8834233550
196 : ([1], [2, 4], [3], [5], [6]) : 0.8819917583
197 : ([1, 4], [2, 3], [5], [6]) : 0.9177356242
198 : ([1, 4], [2], [3], [5], [6]) : 0.8854100860
199 : ([1, 2, 3], [4], [5], [6]) : 0.9207845269
200 : ([1], [2, 3], [4], [5], [6]) : 0.9134978889
201 : ([1, 3], [2], [4], [5], [6]) : 0.8798856201
202 : ([1, 2], [3], [4], [5], [6]) : 0.8804413872
203 : ([1], [2], [3], [4], [5], [6]) : 0.8767665631
