=== Bootstrap seed: 61 ===
1 : ([1, 2, 3, 4, 5, 6],) : 0.9687423756
2 : ([1], [2, 3, 4, 5, 6]) : 0.9613573878
3 : ([1, 3, 4, 5, 6], [2]) : 0.9371414192
4 : ([1, 2], [3, 4, 5, 6]) : 0.9325018936
5 : ([1], [2], [3, 4, 5, 6]) : 0.9306899726
6 : ([1, 2, 4, 5, 6], [3]) : 0.9333920575
7 : ([1, 3], [2, 4, 5, 6]) : 0.9307367322
8 : ([1], [2, 4, 5, 6], [3]) : 0.9301759068
9 : ([1, 4, 5, 6], [2, 3]) : 0.9599026886
10 : ([1, 4, 5, 6], [2], [3]) : 0.9297320257
11 : ([1, 2, 3], [4, 5, 6]) : 0.9611986596
12 : ([1], [2, 3], [4, 5, 6]) : 0.9589848095
13 : ([1, 3], [2], [4, 5, 6]) : 0.9288847008
14 : ([1, 2], [3], [4, 5, 6]) : 0.9295958203
15 : ([1], [2], [3], [4, 5, 6]) : 0.9279034241
16 : ([1, 2, 3, 5, 6], [4]) : 0.9444820839
17 : ([1, 4], [2, 3, 5, 6]) : 0.9386622218
18 : ([1], [2, 3, 5, 6], [4]) : 0.9378877462
19 : ([1, 3, 5, 6], [2, 4]) : 0.9103618390
20 : ([1, 3, 5, 6], [2], [4]) : 0.9085520512
21 : ([1, 2, 4], [3, 5, 6]) : 0.9091081795
22 : ([1], [2, 4], [3, 5, 6]) : 0.9049320897
23 : ([1, 4], [2], [3, 5, 6]) : 0.9043946969
24 : ([1, 2], [3, 5, 6], [4]) : 0.9053584019
25 : ([1], [2], [3, 5, 6], [4]) : 0.9025969648
26 : ([1, 2, 5, 6], [3, 4]) : 0.9072501650
27 : ([1, 2, 5, 6], [3], [4]) : 0.9065066664
28 : ([1, 3, 4], [2, 5, 6]) : 0.9074156471
29 : ([1], [2, 5, 6], [3, 4]) : 0.9045582864
30 : ([1, 4], [2, 5, 6], [3]) : 0.9054984256
31 : ([1, 3], [2, 5, 6], [4]) : 0.9045587735
32 : ([1], [2, 5, 6], [3], [4]) : 0.9036793147
33 : ([1, 5, 6], [2, 3, 4]) : 0.9411774936
34 : ([1, 5, 6], [2], [3, 4]) : 0.9029106376
35 : ([1, 5, 6], [2, 4], [3]) : 0.9043858268
36 : ([1, 5, 6], [2, 3], [4]) : 0.9367954463
37 : ([1, 5, 6], [2], [3], [4]) : 0.9019615322
38 : ([1, 2, 3, 4], [5, 6]) : 0.9427523012
39 : ([1], [2, 3, 4], [5, 6]) : 0.9407799697
40 : ([1, 3, 4], [2], [5, 6]) : 0.9055275509
41 : ([1, 2], [3, 4], [5, 6]) : 0.9046462584
42 : ([1], [2], [3, 4], [5, 6]) : 0.9024758592
43 : ([1, 2, 4], [3], [5, 6]) : 0.9078853747
44 : ([1, 3], [2, 4], [5, 6]) : 0.9047140585
45 : ([1], [2, 4], [3], [5, 6]) : 0.9040038527
46 : ([1, 4], [2, 3], [5, 6]) : 0.9365497879
47 : ([1, 4], [2], [3], [5, 6]) : 0.9032803988
48 : ([1, 2, 3], [4], [5, 6]) : 0.9379253739
49 : ([1], [2, 3], [4], [5, 6]) : 0.9358451720
50 : ([1, 3], [2], [4], [5, 6]) : 0.9026841063
51 : ([1, 2], [3], [4], [5, 6]) : 0.9037291427
52 : ([1], [2], [3], [4], [5, 6]) : 0.9014335911
53 : ([1, 2, 3, 4, 6], [5]) : 0.9463840380
54 : ([1, 5], [2, 3, 4, 6]) : 0.9423457681
55 : ([1], [2, 3, 4, 6], [5]) : 0.9418161426
56 : ([1, 3, 4, 6], [2, 5]) : 0.9152191964
57 : ([1, 3, 4, 6], [2], [5]) : 0.9123807910
58 : ([1, 2, 5], [3, 4, 6]) : 0.9106614770
59 : ([1], [2, 5], [3, 4, 6]) : 0.9081291179
60 : ([1, 5], [2], [3, 4, 6]) : 0.9057540061
61 : ([1, 2], [3, 4, 6], [5]) : 0.9085572991
62 : ([1], [2], [3, 4, 6], [5]) : 0.9052860763
63 : ([1, 2, 4, 6], [3, 5]) : 0.9073978721
64 : ([1, 2, 4, 6], [3], [5]) : 0.9073838247
65 : ([1, 3, 5], [2, 4, 6]) : 0.9046497925
66 : ([1], [2, 4, 6], [3, 5]) : 0.9029912110
67 : ([1, 5], [2, 4, 6], [3]) : 0.9032837913
68 : ([1, 3], [2, 4, 6], [5]) : 0.9035064870
69 : ([1], [2, 4, 6], [3], [5]) : 0.9030564199
70 : ([1, 4, 6], [2, 3, 5]) : 0.9367033046
71 : ([1, 4, 6], [2], [3, 5]) : 0.9028256477
72 : ([1, 4, 6], [2, 5], [3]) : 0.9061294427
73 : ([1, 4, 6], [2, 3], [5]) : 0.9349051935
74 : ([1, 4, 6], [2], [3], [5]) : 0.9028143081
75 : ([1, 2, 3, 5], [4, 6]) : 0.9401187668
76 : ([1], [2, 3, 5], [4, 6]) : 0.9356048715
77 : ([1, 3, 5], [2], [4, 6]) : 0.9014981756
78 : ([1, 2], [3, 5], [4, 6]) : 0.9028804533
79 : ([1], [2], [3, 5], [4, 6]) : 0.8996601362
80 : ([1, 2, 5], [3], [4, 6]) : 0.9053657040
81 : ([1, 3], [2, 5], [4, 6]) : 0.9035503018
82 : ([1], [2, 5], [3], [4, 6]) : 0.9030750071
83 : ([1, 5], [2, 3], [4, 6]) : 0.9347995494
84 : ([1, 5], [2], [3], [4, 6]) : 0.9000985117
85 : ([1, 2, 3], [4, 6], [5]) : 0.9369496208
86 : ([1], [2, 3], [4, 6], [5]) : 0.9337820961
87 : ([1, 3], [2], [4, 6], [5]) : 0.9005319024
88 : ([1, 2], [3], [4, 6], [5]) : 0.9029862132
89 : ([1], [2], [3], [4, 6], [5]) : 0.8997799248
90 : ([1, 2, 3, 6], [4, 5]) : 0.9424149932
91 : ([1, 2, 3, 6], [4], [5]) : 0.9308852872
92 : ([1, 4, 5], [2, 3, 6]) : 0.9366909969
93 : ([1], [2, 3, 6], [4, 5]) : 0.9360393092
94 : ([1, 5], [2, 3, 6], [4]) : 0.9244877100
95 : ([1, 4], [2, 3, 6], [5]) : 0.9238576827
96 : ([1], [2, 3, 6], [4], [5]) : 0.9234585912
97 : ([1, 3, 6], [2, 4, 5]) : 0.9098770025
98 : ([1, 3, 6], [2], [4, 5]) : 0.9069444410
99 : ([1, 3, 6], [2, 5], [4]) : 0.8959645649
100 : ([1, 3, 6], [2, 4], [5]) : 0.8948675200
101 : ([1, 3, 6], [2], [4], [5]) : 0.8925036197
102 : ([1, 2, 4, 5], [3, 6]) : 0.9097247822
103 : ([1], [2, 4, 5], [3, 6]) : 0.9063230555
104 : ([1, 4, 5], [2], [3, 6]) : 0.9037894054
105 : ([1, 2], [3, 6], [4, 5]) : 0.9055999998
106 : ([1], [2], [3, 6], [4, 5]) : 0.9026568647
107 : ([1, 2, 5], [3, 6], [4]) : 0.8949977116
108 : ([1, 4], [2, 5], [3, 6]) : 0.8934282108
109 : ([1], [2, 5], [3, 6], [4]) : 0.8918521317
110 : ([1, 5], [2, 4], [3, 6]) : 0.8917422744
111 : ([1, 5], [2], [3, 6], [4]) : 0.8891205808
112 : ([1, 2, 4], [3, 6], [5]) : 0.8953751576
113 : ([1], [2, 4], [3, 6], [5]) : 0.8909988523
114 : ([1, 4], [2], [3, 6], [5]) : 0.8895711590
115 : ([1, 2], [3, 6], [4], [5]) : 0.8917422055
116 : ([1], [2], [3, 6], [4], [5]) : 0.8880189120
117 : ([1, 2, 6], [3, 4, 5]) : 0.9078490126
118 : ([1, 2, 6], [3], [4, 5]) : 0.9049145921
119 : ([1, 2, 6], [3, 5], [4]) : 0.8921990313
120 : ([1, 2, 6], [3, 4], [5]) : 0.8936921536
121 : ([1, 2, 6], [3], [4], [5]) : 0.8919199081
122 : ([1, 3, 4, 5], [2, 6]) : 0.9075498348
123 : ([1], [2, 6], [3, 4, 5]) : 0.9047272345
124 : ([1, 4, 5], [2, 6], [3]) : 0.9023550148
125 : ([1, 3], [2, 6], [4, 5]) : 0.9025570583
126 : ([1], [2, 6], [3], [4, 5]) : 0.9011951592
127 : ([1, 3, 5], [2, 6], [4]) : 0.8893812428
128 : ([1, 4], [2, 6], [3, 5]) : 0.8891013740
129 : ([1], [2, 6], [3, 5], [4]) : 0.8871966606
130 : ([1, 5], [2, 6], [3, 4]) : 0.8896030741
131 : ([1, 5], [2, 6], [3], [4]) : 0.8877280993
132 : ([1, 3, 4], [2, 6], [5]) : 0.8914998808
133 : ([1], [2, 6], [3, 4], [5]) : 0.8888017143
134 : ([1, 4], [2, 6], [3], [5]) : 0.8885300099
135 : ([1, 3], [2, 6], [4], [5]) : 0.8878727650
136 : ([1], [2, 6], [3], [4], [5]) : 0.8867700063
137 : ([1, 6], [2, 3, 4, 5]) : 0.9392634062
138 : ([1, 6], [2], [3, 4, 5]) : 0.9049613946
139 : ([1, 6], [2, 4, 5], [3]) : 0.9055298849
140 : ([1, 6], [2, 3], [4, 5]) : 0.9344514433
141 : ([1, 6], [2], [3], [4, 5]) : 0.9018121744
142 : ([1, 6], [2, 3, 5], [4]) : 0.9252368402
143 : ([1, 6], [2, 4], [3, 5]) : 0.8904975244
144 : ([1, 6], [2], [3, 5], [4]) : 0.8875904438
145 : ([1, 6], [2, 5], [3, 4]) : 0.8926227252
146 : ([1, 6], [2, 5], [3], [4]) : 0.8912052631
147 : ([1, 6], [2, 3, 4], [5]) : 0.9279431869
148 : ([1, 6], [2], [3, 4], [5]) : 0.8890144405
149 : ([1, 6], [2, 4], [3], [5]) : 0.8902060609
150 : ([1, 6], [2, 3], [4], [5]) : 0.9221400944
151 : ([1, 6], [2], [3], [4], [5]) : 0.8872218201
152 : ([1, 2, 3, 4, 5], [6]) : 0.9429431730
153 : ([1], [2, 3, 4, 5], [6]) : 0.9390598712
154 : ([1, 3, 4, 5], [2], [6]) : 0.9070308947
155 : ([1, 2], [3, 4, 5], [6]) : 0.9061548168
156 : ([1], [2], [3, 4, 5], [6]) : 0.9041993235
157 : ([1, 2, 4, 5], [3], [6]) : 0.9080347439
158 : ([1, 3], [2, 4, 5], [6]) : 0.9057611940
159 : ([1], [2, 4, 5], [3], [6]) : 0.9049193135
160 : ([1, 4, 5], [2, 3], [6]) : 0.9347915142
161 : ([1, 4, 5], [2], [3], [6]) : 0.9020448490
162 : ([1, 2, 3], [4, 5], [6]) : 0.9375912414
163 : ([1], [2, 3], [4, 5], [6]) : 0.9340874616
164 : ([1, 3], [2], [4, 5], [6]) : 0.9023318447
165 : ([1, 2], [3], [4, 5], [6]) : 0.9033662551
166 : ([1], [2], [3], [4, 5], [6]) : 0.9009518792
167 : ([1, 2, 3, 5], [4], [6]) : 0.9293145199
168 : ([1, 4], [2, 3, 5], [6]) : 0.9256251904
169 : ([1], [2, 3, 5], [4], [6]) : 0.9250174998
170 : ([1, 3, 5], [2, 4], [6]) : 0.8916674098
171 : ([1, 3, 5], [2], [4], [6]) : 0.8891083271
172 : ([1, 2, 4], [3, 5], [6]) : 0.8944187364
173 : ([1], [2, 4], [3, 5], [6]) : 0.8900632326
174 : ([1, 4], [2], [3, 5], [6]) : 0.8888967965
175 : ([1, 2], [3, 5], [4], [6]) : 0.8902841705
176 : ([1], [2], [3, 5], [4], [6]) : 0.8869630355
177 : ([1, 2, 5], [3, 4], [6]) : 0.8945554559
178 : ([1, 2, 5], [3], [4], [6]) : 0.8932581883
179 : ([1, 3, 4], [2, 5], [6]) : 0.8947644768
180 : ([1], [2, 5], [3, 4], [6]) : 0.8921085943
181 : ([1, 4], [2, 5], [3], [6]) : 0.8923760149
182 : ([1, 3], [2, 5], [4], [6]) : 0.8913499374
183 : ([1], [2, 5], [3], [4], [6]) : 0.8905919483
184 : ([1, 5], [2, 3, 4], [6]) : 0.9282919439
185 : ([1, 5], [2], [3, 4], [6]) : 0.8892382994
186 : ([1, 5], [2, 4], [3], [6]) : 0.8902951479
187 : ([1, 5], [2, 3], [4], [6]) : 0.9228498185
188 : ([1, 5], [2], [3], [4], [6]) : 0.8874576549
189 : ([1, 2, 3, 4], [5], [6]) : 0.9307542866
190 : ([1], [2, 3, 4], [5], [6]) : 0.9277882687
191 : ([1, 3, 4], [2], [5], [6]) : 0.8913364746
192 : ([1, 2], [3, 4], [5], [6]) : 0.8916622788
193 : ([1], [2], [3, 4], [5], [6]) : 0.8885323558
194 : ([1, 2, 4], [3], [5], [6]) : 0.8940233705
195 : ([1, 3], [2, 4], [5], [6]) : 0.8904391732
196 : ([1], [2, 4], [3], [5], [6]) : 0.8897638408
197 : ([1, 4], [2, 3], [5], [6]) : 0.9222768351
198 : ([1, 4], [2], [3], [5], [6]) : 0.8883785262
199 : ([1, 2, 3], [4], [5], [6]) : 0.9252784711
200 : ([1], [2, 3], [4], [5], [6]) : 0.9217906421
201 : ([1, 3], [2], [4], [5], [6]) : 0.8877698486
202 : ([1, 2], [3], [4], [5], [6]) : 0.8899488797
203 : ([1], [2], [3], [4], [5], [6]) : 0.8866042688
