=== Bootstrap seed: 73 ===
1 : ([1, 2, 3, 4, 5, 6],) : 0.9622566486
2 : ([1], [2, 3, 4, 5, 6]) : 0.9580725620
3 : ([1, 3, 4, 5, 6], [2]) : 0.9220858333
4 : ([1, 2], [3, 4, 5, 6]) : 0.9196844964
5 : ([1], [2], [3, 4, 5, 6]) : 0.9179779072
6 : ([1, 2, 4, 5, 6], [3]) : 0.9259989083
7 : ([1, 3], [2, 4, 5, 6]) : 0.9192299070
8 : ([1], [2, 4, 5, 6], [3]) : 0.9179248854
9 : ([1, 4, 5, 6], [2, 3]) : 0.9548014467
10 : ([1, 4, 5, 6], [2], [3]) : 0.9171265464
11 : ([1, 2, 3], [4, 5, 6]) : 0.9541339638
12 : ([1], [2, 3], [4, 5, 6]) : 0.9540185899
13 : ([1, 3], [2], [4, 5, 6]) : 0.9163914179
14 : ([1, 2], [3], [4, 5, 6]) : 0.9170636663
15 : ([1], [2], [3], [4, 5, 6]) : 0.9150183285
16 : ([1, 2, 3, 5, 6], [4]) : 0.9376913743
17 : ([1, 4], [2, 3, 5, 6]) : 0.9334572688
18 : ([1], [2, 3, 5, 6], [4]) : 0.9329319618
19 : ([1, 3, 5, 6], [2, 4]) : 0.8958914221
20 : ([1, 3, 5, 6], [2], [4]) : 0.8951303666
21 : ([1, 2, 4], [3, 5, 6]) : 0.8955493400
22 : ([1], [2, 4], [3, 5, 6]) : 0.8910438215
23 : ([1, 4], [2], [3, 5, 6]) : 0.8912077910
24 : ([1, 2], [3, 5, 6], [4]) : 0.8938697545
25 : ([1], [2], [3, 5, 6], [4]) : 0.8903913821
26 : ([1, 2, 5, 6], [3, 4]) : 0.9032821624
27 : ([1, 2, 5, 6], [3], [4]) : 0.9026998397
28 : ([1, 3, 4], [2, 5, 6]) : 0.8964600278
29 : ([1], [2, 5, 6], [3, 4]) : 0.8929954770
30 : ([1, 4], [2, 5, 6], [3]) : 0.8931153788
31 : ([1, 3], [2, 5, 6], [4]) : 0.8945038182
32 : ([1], [2, 5, 6], [3], [4]) : 0.8924475229
33 : ([1, 5, 6], [2, 3, 4]) : 0.9322194665
34 : ([1, 5, 6], [2], [3, 4]) : 0.8918000334
35 : ([1, 5, 6], [2, 4], [3]) : 0.8920667198
36 : ([1, 5, 6], [2, 3], [4]) : 0.9303796421
37 : ([1, 5, 6], [2], [3], [4]) : 0.8912889268
38 : ([1, 2, 3, 4], [5, 6]) : 0.9340797271
39 : ([1], [2, 3, 4], [5, 6]) : 0.9312621273
40 : ([1, 3, 4], [2], [5, 6]) : 0.8938596024
41 : ([1, 2], [3, 4], [5, 6]) : 0.8939597637
42 : ([1], [2], [3, 4], [5, 6]) : 0.8900529280
43 : ([1, 2, 4], [3], [5, 6]) : 0.8951088557
44 : ([1, 3], [2, 4], [5, 6]) : 0.8925571794
45 : ([1], [2, 4], [3], [5, 6]) : 0.8902342486
46 : ([1, 4], [2, 3], [5, 6]) : 0.9300401882
47 : ([1, 4], [2], [3], [5, 6]) : 0.8903239444
48 : ([1, 2, 3], [4], [5, 6]) : 0.9309780241
49 : ([1], [2, 3], [4], [5, 6]) : 0.9293548003
50 : ([1, 3], [2], [4], [5, 6]) : 0.8916740279
51 : ([1, 2], [3], [4], [5, 6]) : 0.8931555396
52 : ([1], [2], [3], [4], [5, 6]) : 0.8894745509
53 : ([1, 2, 3, 4, 6], [5]) : 0.9377900938
54 : ([1, 5], [2, 3, 4, 6]) : 0.9329023566
55 : ([1], [2, 3, 4, 6], [5]) : 0.9319307007
56 : ([1, 3, 4, 6], [2, 5]) : 0.8969449557
57 : ([1, 3, 4, 6], [2], [5]) : 0.8946716466
58 : ([1, 2, 5], [3, 4, 6]) : 0.8980372400
59 : ([1], [2, 5], [3, 4, 6]) : 0.8920928640
60 : ([1, 5], [2], [3, 4, 6]) : 0.8894870762
61 : ([1, 2], [3, 4, 6], [5]) : 0.8935380118
62 : ([1], [2], [3, 4, 6], [5]) : 0.8890315502
63 : ([1, 2, 4, 6], [3, 5]) : 0.9014583091
64 : ([1, 2, 4, 6], [3], [5]) : 0.9009480414
65 : ([1, 3, 5], [2, 4, 6]) : 0.8950743002
66 : ([1], [2, 4, 6], [3, 5]) : 0.8923269590
67 : ([1, 5], [2, 4, 6], [3]) : 0.8917982899
68 : ([1, 3], [2, 4, 6], [5]) : 0.8932992044
69 : ([1], [2, 4, 6], [3], [5]) : 0.8914197299
70 : ([1, 4, 6], [2, 3, 5]) : 0.9314700760
71 : ([1, 4, 6], [2], [3, 5]) : 0.8920647064
72 : ([1, 4, 6], [2, 5], [3]) : 0.8941360984
73 : ([1, 4, 6], [2, 3], [5]) : 0.9293283933
74 : ([1, 4, 6], [2], [3], [5]) : 0.8910692794
75 : ([1, 2, 3, 5], [4, 6]) : 0.9329055914
76 : ([1], [2, 3, 5], [4, 6]) : 0.9298380031
77 : ([1, 3, 5], [2], [4, 6]) : 0.8915396529
78 : ([1, 2], [3, 5], [4, 6]) : 0.8926181608
79 : ([1], [2], [3, 5], [4, 6]) : 0.8887054346
80 : ([1, 2, 5], [3], [4, 6]) : 0.8965110135
81 : ([1, 3], [2, 5], [4, 6]) : 0.8922535248
82 : ([1], [2, 5], [3], [4, 6]) : 0.8909412180
83 : ([1, 5], [2, 3], [4, 6]) : 0.9286851699
84 : ([1, 5], [2], [3], [4, 6]) : 0.8883152196
85 : ([1, 2, 3], [4, 6], [5]) : 0.9299652695
86 : ([1], [2, 3], [4, 6], [5]) : 0.9273683801
87 : ([1, 3], [2], [4, 6], [5]) : 0.8894031920
88 : ([1, 2], [3], [4, 6], [5]) : 0.8917559594
89 : ([1], [2], [3], [4, 6], [5]) : 0.8877577993
90 : ([1, 2, 3, 6], [4, 5]) : 0.9378880111
91 : ([1, 2, 3, 6], [4], [5]) : 0.9257645846
92 : ([1, 4, 5], [2, 3, 6]) : 0.9371440332
93 : ([1], [2, 3, 6], [4, 5]) : 0.9360185336
94 : ([1, 5], [2, 3, 6], [4]) : 0.9220966489
95 : ([1, 4], [2, 3, 6], [5]) : 0.9217816057
96 : ([1], [2, 3, 6], [4], [5]) : 0.9207747587
97 : ([1, 3, 6], [2, 4, 5]) : 0.8970536532
98 : ([1, 3, 6], [2], [4, 5]) : 0.8937532483
99 : ([1, 3, 6], [2, 5], [4]) : 0.8856972928
100 : ([1, 3, 6], [2, 4], [5]) : 0.8834355219
101 : ([1, 3, 6], [2], [4], [5]) : 0.8828717267
102 : ([1, 2, 4, 5], [3, 6]) : 0.9005619464
103 : ([1], [2, 4, 5], [3, 6]) : 0.8948971058
104 : ([1, 4, 5], [2], [3, 6]) : 0.8934563998
105 : ([1, 2], [3, 6], [4, 5]) : 0.8934665996
106 : ([1], [2], [3, 6], [4, 5]) : 0.8912282752
107 : ([1, 2, 5], [3, 6], [4]) : 0.8878844741
108 : ([1, 4], [2, 5], [3, 6]) : 0.8833371211
109 : ([1], [2, 5], [3, 6], [4]) : 0.8823775730
110 : ([1, 5], [2, 4], [3, 6]) : 0.8801281483
111 : ([1, 5], [2], [3, 6], [4]) : 0.8796864212
112 : ([1, 2, 4], [3, 6], [5]) : 0.8854980477
113 : ([1], [2, 4], [3, 6], [5]) : 0.8795925632
114 : ([1, 4], [2], [3, 6], [5]) : 0.8803644510
115 : ([1, 2], [3, 6], [4], [5]) : 0.8834772605
116 : ([1], [2], [3, 6], [4], [5]) : 0.8790997727
117 : ([1, 2, 6], [3, 4, 5]) : 0.8974695270
118 : ([1, 2, 6], [3], [4, 5]) : 0.8943107947
119 : ([1, 2, 6], [3, 5], [4]) : 0.8864821708
120 : ([1, 2, 6], [3, 4], [5]) : 0.8874989124
121 : ([1, 2, 6], [3], [4], [5]) : 0.8860542875
122 : ([1, 3, 4, 5], [2, 6]) : 0.8975240531
123 : ([1], [2, 6], [3, 4, 5]) : 0.8928043165
124 : ([1, 4, 5], [2, 6], [3]) : 0.8930506535
125 : ([1, 3], [2, 6], [4, 5]) : 0.8916870029
126 : ([1], [2, 6], [3], [4, 5]) : 0.8905248735
127 : ([1, 3, 5], [2, 6], [4]) : 0.8827312087
128 : ([1, 4], [2, 6], [3, 5]) : 0.8814855125
129 : ([1], [2, 6], [3, 5], [4]) : 0.8800303659
130 : ([1, 5], [2, 6], [3, 4]) : 0.8807788004
131 : ([1, 5], [2, 6], [3], [4]) : 0.8800427468
132 : ([1, 3, 4], [2, 6], [5]) : 0.8842108482
133 : ([1], [2, 6], [3, 4], [5]) : 0.8800061395
134 : ([1, 4], [2, 6], [3], [5]) : 0.8805552096
135 : ([1, 3], [2, 6], [4], [5]) : 0.8809561052
136 : ([1], [2, 6], [3], [4], [5]) : 0.8792057884
137 : ([1, 6], [2, 3, 4, 5]) : 0.9388768897
138 : ([1, 6], [2], [3, 4, 5]) : 0.8922981321
139 : ([1, 6], [2, 4, 5], [3]) : 0.8941139777
140 : ([1, 6], [2, 3], [4, 5]) : 0.9344898465
141 : ([1, 6], [2], [3], [4, 5]) : 0.8901882809
142 : ([1, 6], [2, 3, 5], [4]) : 0.9225792270
143 : ([1, 6], [2, 4], [3, 5]) : 0.8806194389
144 : ([1, 6], [2], [3, 5], [4]) : 0.8802354769
145 : ([1, 6], [2, 5], [3, 4]) : 0.8835825744
146 : ([1, 6], [2, 5], [3], [4]) : 0.8830158619
147 : ([1, 6], [2, 3, 4], [5]) : 0.9224247227
148 : ([1, 6], [2], [3, 4], [5]) : 0.8802483429
149 : ([1, 6], [2, 4], [3], [5]) : 0.8799063512
150 : ([1, 6], [2, 3], [4], [5]) : 0.9200823819
151 : ([1, 6], [2], [3], [4], [5]) : 0.8795096479
152 : ([1, 2, 3, 4, 5], [6]) : 0.9406343287
153 : ([1], [2, 3, 4, 5], [6]) : 0.9388246292
154 : ([1, 3, 4, 5], [2], [6]) : 0.8965881822
155 : ([1, 2], [3, 4, 5], [6]) : 0.8952295209
156 : ([1], [2], [3, 4, 5], [6]) : 0.8920772569
157 : ([1, 2, 4, 5], [3], [6]) : 0.8999136291
158 : ([1, 3], [2, 4, 5], [6]) : 0.8946352567
159 : ([1], [2, 4, 5], [3], [6]) : 0.8937432217
160 : ([1, 4, 5], [2, 3], [6]) : 0.9354309707
161 : ([1, 4, 5], [2], [3], [6]) : 0.8923322733
162 : ([1, 2, 3], [4, 5], [6]) : 0.9350124775
163 : ([1], [2, 3], [4, 5], [6]) : 0.9343577654
164 : ([1, 3], [2], [4, 5], [6]) : 0.8910501841
165 : ([1, 2], [3], [4, 5], [6]) : 0.8923710841
166 : ([1], [2], [3], [4, 5], [6]) : 0.8899491608
167 : ([1, 2, 3, 5], [4], [6]) : 0.9251670702
168 : ([1, 4], [2, 3, 5], [6]) : 0.9230526375
169 : ([1], [2, 3, 5], [4], [6]) : 0.9221150197
170 : ([1, 3, 5], [2, 4], [6]) : 0.8822000127
171 : ([1, 3, 5], [2], [4], [6]) : 0.8817929063
172 : ([1, 2, 4], [3, 5], [6]) : 0.8854967277
173 : ([1], [2, 4], [3, 5], [6]) : 0.8796747397
174 : ([1, 4], [2], [3, 5], [6]) : 0.8806404878
175 : ([1, 2], [3, 5], [4], [6]) : 0.8834468509
176 : ([1], [2], [3, 5], [4], [6]) : 0.8792727500
177 : ([1, 2, 5], [3, 4], [6]) : 0.8883612763
178 : ([1, 2, 5], [3], [4], [6]) : 0.8875696116
179 : ([1, 3, 4], [2, 5], [6]) : 0.8854185932
180 : ([1], [2, 5], [3, 4], [6]) : 0.8823919878
181 : ([1, 4], [2, 5], [3], [6]) : 0.8828032427
182 : ([1, 3], [2, 5], [4], [6]) : 0.8832202487
183 : ([1], [2, 5], [3], [4], [6]) : 0.8818577923
184 : ([1, 5], [2, 3, 4], [6]) : 0.9229589647
185 : ([1, 5], [2], [3, 4], [6]) : 0.8799097795
186 : ([1, 5], [2, 4], [3], [6]) : 0.8796692062
187 : ([1, 5], [2, 3], [4], [6]) : 0.9206820547
188 : ([1, 5], [2], [3], [4], [6]) : 0.8792782971
189 : ([1, 2, 3, 4], [5], [6]) : 0.9258911881
190 : ([1], [2, 3, 4], [5], [6]) : 0.9218239612
191 : ([1, 3, 4], [2], [5], [6]) : 0.8829970673
192 : ([1, 2], [3, 4], [5], [6]) : 0.8839716929
193 : ([1], [2], [3, 4], [5], [6]) : 0.8791982176
194 : ([1, 2, 4], [3], [5], [6]) : 0.8849350516
195 : ([1, 3], [2, 4], [5], [6]) : 0.8807017837
196 : ([1], [2, 4], [3], [5], [6]) : 0.8789461823
197 : ([1, 4], [2, 3], [5], [6]) : 0.9204103585
198 : ([1, 4], [2], [3], [5], [6]) : 0.8797693691
199 : ([1, 2, 3], [4], [5], [6]) : 0.9222176881
200 : ([1], [2, 3], [4], [5], [6]) : 0.9194567301
201 : ([1, 3], [2], [4], [5], [6]) : 0.8801693795
202 : ([1, 2], [3], [4], [5], [6]) : 0.8828563102
203 : ([1], [2], [3], [4], [5], [6]) : 0.8785098114
