=== Bootstrap seed: 96 ===
1 : ([1, 2, 3, 4, 5, 6],) : 0.9712469046
2 : ([1], [2, 3, 4, 5, 6]) : 0.9624347157
3 : ([1, 3, 4, 5, 6], [2]) : 0.9352616318
4 : ([1, 2], [3, 4, 5, 6]) : 0.9325695479
5 : ([1], [2], [3, 4, 5, 6]) : 0.9312345245
6 : ([1, 2, 4, 5, 6], [3]) : 0.9353298656
7 : ([1, 3], [2, 4, 5, 6]) : 0.9305643701
8 : ([1], [2, 4, 5, 6], [3]) : 0.9296193693
9 : ([1, 4, 5, 6], [2, 3]) : 0.9584035268
10 : ([1, 4, 5, 6], [2], [3]) : 0.9291969341
11 : ([1, 2, 3], [4, 5, 6]) : 0.9605858263
12 : ([1], [2, 3], [4, 5, 6]) : 0.9576567973
13 : ([1, 3], [2], [4, 5, 6]) : 0.9277085907
14 : ([1, 2], [3], [4, 5, 6]) : 0.9280477975
15 : ([1], [2], [3], [4, 5, 6]) : 0.9266675160
16 : ([1, 2, 3, 5, 6], [4]) : 0.9462728554
17 : ([1, 4], [2, 3, 5, 6]) : 0.9370779407
18 : ([1], [2, 3, 5, 6], [4]) : 0.9359392676
19 : ([1, 3, 5, 6], [2, 4]) : 0.9010821177
20 : ([1, 3, 5, 6], [2], [4]) : 0.9007841571
21 : ([1, 2, 4], [3, 5, 6]) : 0.9078229229
22 : ([1], [2, 4], [3, 5, 6]) : 0.8988271734
23 : ([1, 4], [2], [3, 5, 6]) : 0.9030511921
24 : ([1, 2], [3, 5, 6], [4]) : 0.9012592019
25 : ([1], [2], [3, 5, 6], [4]) : 0.8983574165
26 : ([1, 2, 5, 6], [3, 4]) : 0.9012798623
27 : ([1, 2, 5, 6], [3], [4]) : 0.9009735834
28 : ([1, 3, 4], [2, 5, 6]) : 0.9014814023
29 : ([1], [2, 5, 6], [3, 4]) : 0.8967415002
30 : ([1, 4], [2, 5, 6], [3]) : 0.9007947457
31 : ([1, 3], [2, 5, 6], [4]) : 0.8967405306
32 : ([1], [2, 5, 6], [3], [4]) : 0.8963323025
33 : ([1, 5, 6], [2, 3, 4]) : 0.9358059906
34 : ([1, 5, 6], [2], [3, 4]) : 0.8957822115
35 : ([1, 5, 6], [2, 4], [3]) : 0.8954918734
36 : ([1, 5, 6], [2, 3], [4]) : 0.9332599045
37 : ([1, 5, 6], [2], [3], [4]) : 0.8951965731
38 : ([1, 2, 3, 4], [5, 6]) : 0.9391480081
39 : ([1], [2, 3, 4], [5, 6]) : 0.9341082174
40 : ([1, 3, 4], [2], [5, 6]) : 0.9000438724
41 : ([1, 2], [3, 4], [5, 6]) : 0.8973296259
42 : ([1], [2], [3, 4], [5, 6]) : 0.8949540097
43 : ([1, 2, 4], [3], [5, 6]) : 0.9041265365
44 : ([1, 3], [2, 4], [5, 6]) : 0.8950775752
45 : ([1], [2, 4], [3], [5, 6]) : 0.8946378397
46 : ([1, 4], [2, 3], [5, 6]) : 0.9328725605
47 : ([1, 4], [2], [3], [5, 6]) : 0.8992086306
48 : ([1, 2, 3], [4], [5, 6]) : 0.9359365377
49 : ([1], [2, 3], [4], [5, 6]) : 0.9317095488
50 : ([1, 3], [2], [4], [5, 6]) : 0.8949167665
51 : ([1, 2], [3], [4], [5, 6]) : 0.8968148930
52 : ([1], [2], [3], [4], [5, 6]) : 0.8943059936
53 : ([1, 2, 3, 4, 6], [5]) : 0.9410474596
54 : ([1, 5], [2, 3, 4, 6]) : 0.9353137588
55 : ([1], [2, 3, 4, 6], [5]) : 0.9351779173
56 : ([1, 3, 4, 6], [2, 5]) : 0.9073015330
57 : ([1, 3, 4, 6], [2], [5]) : 0.9058927947
58 : ([1, 2, 5], [3, 4, 6]) : 0.9073309514
59 : ([1], [2, 5], [3, 4, 6]) : 0.9009398516
60 : ([1, 5], [2], [3, 4, 6]) : 0.9002803995
61 : ([1, 2], [3, 4, 6], [5]) : 0.9041374777
62 : ([1], [2], [3, 4, 6], [5]) : 0.8997139975
63 : ([1, 2, 4, 6], [3, 5]) : 0.9086182832
64 : ([1, 2, 4, 6], [3], [5]) : 0.9082116150
65 : ([1, 3, 5], [2, 4, 6]) : 0.8998982035
66 : ([1], [2, 4, 6], [3, 5]) : 0.8994497042
67 : ([1, 5], [2, 4, 6], [3]) : 0.8990260814
68 : ([1, 3], [2, 4, 6], [5]) : 0.8986938583
69 : ([1], [2, 4, 6], [3], [5]) : 0.8986299518
70 : ([1, 4, 6], [2, 3, 5]) : 0.9344627485
71 : ([1, 4, 6], [2], [3, 5]) : 0.9010992567
72 : ([1, 4, 6], [2, 5], [3]) : 0.9016727569
73 : ([1, 4, 6], [2, 3], [5]) : 0.9317568315
74 : ([1, 4, 6], [2], [3], [5]) : 0.9001694275
75 : ([1, 2, 3, 5], [4, 6]) : 0.9374271098
76 : ([1], [2, 3, 5], [4, 6]) : 0.9323511177
77 : ([1, 3, 5], [2], [4, 6]) : 0.8977146552
78 : ([1, 2], [3, 5], [4, 6]) : 0.9009247105
79 : ([1], [2], [3, 5], [4, 6]) : 0.8970250821
80 : ([1, 2, 5], [3], [4, 6]) : 0.9036004829
81 : ([1, 3], [2, 5], [4, 6]) : 0.8977170890
82 : ([1], [2, 5], [3], [4, 6]) : 0.8975919611
83 : ([1, 5], [2, 3], [4, 6]) : 0.9303953953
84 : ([1, 5], [2], [3], [4, 6]) : 0.8967777616
85 : ([1, 2, 3], [4, 6], [5]) : 0.9349516362
86 : ([1], [2, 3], [4, 6], [5]) : 0.9299241000
87 : ([1, 3], [2], [4, 6], [5]) : 0.8962682999
88 : ([1, 2], [3], [4, 6], [5]) : 0.9002336450
89 : ([1], [2], [3], [4, 6], [5]) : 0.8960780124
90 : ([1, 2, 3, 6], [4, 5]) : 0.9427395323
91 : ([1, 2, 3, 6], [4], [5]) : 0.9321235481
92 : ([1, 4, 5], [2, 3, 6]) : 0.9390319968
93 : ([1], [2, 3, 6], [4, 5]) : 0.9378781580
94 : ([1, 5], [2, 3, 6], [4]) : 0.9255556410
95 : ([1, 4], [2, 3, 6], [5]) : 0.9254255851
96 : ([1], [2, 3, 6], [4], [5]) : 0.9249855922
97 : ([1, 3, 6], [2, 4, 5]) : 0.9093898964
98 : ([1, 3, 6], [2], [4, 5]) : 0.9076044661
99 : ([1, 3, 6], [2, 5], [4]) : 0.8916489814
100 : ([1, 3, 6], [2, 4], [5]) : 0.8907329922
101 : ([1, 3, 6], [2], [4], [5]) : 0.8904534130
102 : ([1, 2, 4, 5], [3, 6]) : 0.9152291618
103 : ([1], [2, 4, 5], [3, 6]) : 0.9072940879
104 : ([1, 4, 5], [2], [3, 6]) : 0.9084296830
105 : ([1, 2], [3, 6], [4, 5]) : 0.9066179942
106 : ([1], [2], [3, 6], [4, 5]) : 0.9047762861
107 : ([1, 2, 5], [3, 6], [4]) : 0.8960314928
108 : ([1, 4], [2, 5], [3, 6]) : 0.8924767846
109 : ([1], [2, 5], [3, 6], [4]) : 0.8894207238
110 : ([1, 5], [2, 4], [3, 6]) : 0.8893239224
111 : ([1, 5], [2], [3, 6], [4]) : 0.8889908136
112 : ([1, 2, 4], [3, 6], [5]) : 0.8976593880
113 : ([1], [2, 4], [3, 6], [5]) : 0.8883853086
114 : ([1, 4], [2], [3, 6], [5]) : 0.8912634815
115 : ([1, 2], [3, 6], [4], [5]) : 0.8922388822
116 : ([1], [2], [3, 6], [4], [5]) : 0.8880325101
117 : ([1, 2, 6], [3, 4, 5]) : 0.9054660191
118 : ([1, 2, 6], [3], [4, 5]) : 0.9033805828
119 : ([1, 2, 6], [3, 5], [4]) : 0.8908686829
120 : ([1, 2, 6], [3, 4], [5]) : 0.8902773099
121 : ([1, 2, 6], [3], [4], [5]) : 0.8896629250
122 : ([1, 3, 4, 5], [2, 6]) : 0.9083676244
123 : ([1], [2, 6], [3, 4, 5]) : 0.9035181310
124 : ([1, 4, 5], [2, 6], [3]) : 0.9049583692
125 : ([1, 3], [2, 6], [4, 5]) : 0.9020477026
126 : ([1], [2, 6], [3], [4, 5]) : 0.9013472822
127 : ([1, 3, 5], [2, 6], [4]) : 0.8887653755
128 : ([1, 4], [2, 6], [3, 5]) : 0.8905478114
129 : ([1], [2, 6], [3, 5], [4]) : 0.8872918512
130 : ([1, 5], [2, 6], [3, 4]) : 0.8876541109
131 : ([1, 5], [2, 6], [3], [4]) : 0.8869529179
132 : ([1, 3, 4], [2, 6], [5]) : 0.8902176297
133 : ([1], [2, 6], [3, 4], [5]) : 0.8866350234
134 : ([1, 4], [2, 6], [3], [5]) : 0.8892057367
135 : ([1, 3], [2, 6], [4], [5]) : 0.8864077362
136 : ([1], [2, 6], [3], [4], [5]) : 0.8859671177
137 : ([1, 6], [2, 3, 4, 5]) : 0.9406052906
138 : ([1, 6], [2], [3, 4, 5]) : 0.9034582921
139 : ([1, 6], [2, 4, 5], [3]) : 0.9043355786
140 : ([1, 6], [2, 3], [4, 5]) : 0.9355668253
141 : ([1, 6], [2], [3], [4, 5]) : 0.9014933812
142 : ([1, 6], [2, 3, 5], [4]) : 0.9256923706
143 : ([1, 6], [2, 4], [3, 5]) : 0.8870862123
144 : ([1, 6], [2], [3, 5], [4]) : 0.8867637929
145 : ([1, 6], [2, 5], [3, 4]) : 0.8877080342
146 : ([1, 6], [2, 5], [3], [4]) : 0.8870512524
147 : ([1, 6], [2, 3, 4], [5]) : 0.9255400367
148 : ([1, 6], [2], [3, 4], [5]) : 0.8862373242
149 : ([1, 6], [2, 4], [3], [5]) : 0.8858825161
150 : ([1, 6], [2, 3], [4], [5]) : 0.9227198266
151 : ([1, 6], [2], [3], [4], [5]) : 0.8853899802
152 : ([1, 2, 3, 4, 5], [6]) : 0.9457336379
153 : ([1], [2, 3, 4, 5], [6]) : 0.9404181873
154 : ([1, 3, 4, 5], [2], [6]) : 0.9079180352
155 : ([1, 2], [3, 4, 5], [6]) : 0.9047472778
156 : ([1], [2], [3, 4, 5], [6]) : 0.9030402965
157 : ([1, 2, 4, 5], [3], [6]) : 0.9117356859
158 : ([1, 3], [2, 4, 5], [6]) : 0.9041964845
159 : ([1], [2, 4, 5], [3], [6]) : 0.9038884157
160 : ([1, 4, 5], [2, 3], [6]) : 0.9363027054
161 : ([1, 4, 5], [2], [3], [6]) : 0.9045240201
162 : ([1, 2, 3], [4, 5], [6]) : 0.9385870033
163 : ([1], [2, 3], [4, 5], [6]) : 0.9351458783
164 : ([1, 3], [2], [4, 5], [6]) : 0.9015574176
165 : ([1, 2], [3], [4, 5], [6]) : 0.9024860588
166 : ([1], [2], [3], [4, 5], [6]) : 0.9008401289
167 : ([1, 2, 3, 5], [4], [6]) : 0.9310540475
168 : ([1, 4], [2, 3, 5], [6]) : 0.9259475019
169 : ([1], [2, 3, 5], [4], [6]) : 0.9253519429
170 : ([1, 3, 5], [2, 4], [6]) : 0.8878839600
171 : ([1, 3, 5], [2], [4], [6]) : 0.8877876714
172 : ([1, 2, 4], [3, 5], [6]) : 0.8951901438
173 : ([1], [2, 4], [3, 5], [6]) : 0.8865004578
174 : ([1, 4], [2], [3, 5], [6]) : 0.8896670939
175 : ([1, 2], [3, 5], [4], [6]) : 0.8896840268
176 : ([1], [2], [3, 5], [4], [6]) : 0.8862437512
177 : ([1, 2, 5], [3, 4], [6]) : 0.8934029885
178 : ([1, 2, 5], [3], [4], [6]) : 0.8926579436
179 : ([1, 3, 4], [2, 5], [6]) : 0.8908115371
180 : ([1], [2, 5], [3, 4], [6]) : 0.8872940012
181 : ([1, 4], [2, 5], [3], [6]) : 0.8898313963
182 : ([1, 3], [2, 5], [4], [6]) : 0.8869077627
183 : ([1], [2, 5], [3], [4], [6]) : 0.8866138369
184 : ([1, 5], [2, 3, 4], [6]) : 0.9255469362
185 : ([1, 5], [2], [3, 4], [6]) : 0.8869472784
186 : ([1, 5], [2, 4], [3], [6]) : 0.8863515752
187 : ([1, 5], [2, 3], [4], [6]) : 0.9228687380
188 : ([1, 5], [2], [3], [4], [6]) : 0.8860307952
189 : ([1, 2, 3, 4], [5], [6]) : 0.9297265857
190 : ([1], [2, 3, 4], [5], [6]) : 0.9248941113
191 : ([1, 3, 4], [2], [5], [6]) : 0.8894545504
192 : ([1, 2], [3, 4], [5], [6]) : 0.8892855693
193 : ([1], [2], [3, 4], [5], [6]) : 0.8857819028
194 : ([1, 2, 4], [3], [5], [6]) : 0.8944716962
195 : ([1, 3], [2, 4], [5], [6]) : 0.8855519123
196 : ([1], [2, 4], [3], [5], [6]) : 0.8853112789
197 : ([1, 4], [2, 3], [5], [6]) : 0.9226558624
198 : ([1, 4], [2], [3], [5], [6]) : 0.8883098168
199 : ([1, 2, 3], [4], [5], [6]) : 0.9271516259
200 : ([1], [2, 3], [4], [5], [6]) : 0.9222055076
201 : ([1, 3], [2], [4], [5], [6]) : 0.8853828138
202 : ([1, 2], [3], [4], [5], [6]) : 0.8885058013
203 : ([1], [2], [3], [4], [5], [6]) : 0.8849073229
