=== Bootstrap seed: 71 ===
1 : ([1, 2, 3, 4, 5, 6],) : 0.9574834466
2 : ([1], [2, 3, 4, 5, 6]) : 0.9505766506
3 : ([1, 3, 4, 5, 6], [2]) : 0.9234815553
4 : ([1, 2], [3, 4, 5, 6]) : 0.9188643310
5 : ([1], [2], [3, 4, 5, 6]) : 0.9172569315
6 : ([1, 2, 4, 5, 6], [3]) : 0.9266134126
7 : ([1, 3], [2, 4, 5, 6]) : 0.9190369302
8 : ([1], [2, 4, 5, 6], [3]) : 0.9189077490
9 : ([1, 4, 5, 6], [2, 3]) : 0.9513596812
10 : ([1, 4, 5, 6], [2], [3]) : 0.9187705799
11 : ([1, 2, 3], [4, 5, 6]) : 0.9500552933
12 : ([1], [2, 3], [4, 5, 6]) : 0.9482998904
13 : ([1, 3], [2], [4, 5, 6]) : 0.9142472511
14 : ([1, 2], [3], [4, 5, 6]) : 0.9152290390
15 : ([1], [2], [3], [4, 5, 6]) : 0.9139411030
16 : ([1, 2, 3, 5, 6], [4]) : 0.9306637901
17 : ([1, 4], [2, 3, 5, 6]) : 0.9235325683
18 : ([1], [2, 3, 5, 6], [4]) : 0.9233274456
19 : ([1, 3, 5, 6], [2, 4]) : 0.8961331500
20 : ([1, 3, 5, 6], [2], [4]) : 0.8953112971
21 : ([1, 2, 4], [3, 5, 6]) : 0.8981779714
22 : ([1], [2, 4], [3, 5, 6]) : 0.8913919029
23 : ([1, 4], [2], [3, 5, 6]) : 0.8908887007
24 : ([1, 2], [3, 5, 6], [4]) : 0.8951005810
25 : ([1], [2], [3, 5, 6], [4]) : 0.8901774599
26 : ([1, 2, 5, 6], [3, 4]) : 0.8991506790
27 : ([1, 2, 5, 6], [3], [4]) : 0.8989122507
28 : ([1, 3, 4], [2, 5, 6]) : 0.8932245895
29 : ([1], [2, 5, 6], [3, 4]) : 0.8916935611
30 : ([1, 4], [2, 5, 6], [3]) : 0.8924424960
31 : ([1, 3], [2, 5, 6], [4]) : 0.8922810554
32 : ([1], [2, 5, 6], [3], [4]) : 0.8915462950
33 : ([1, 5, 6], [2, 3, 4]) : 0.9232137426
34 : ([1, 5, 6], [2], [3, 4]) : 0.8894644513
35 : ([1, 5, 6], [2, 4], [3]) : 0.8904186549
36 : ([1, 5, 6], [2, 3], [4]) : 0.9221360093
37 : ([1, 5, 6], [2], [3], [4]) : 0.8892248570
38 : ([1, 2, 3, 4], [5, 6]) : 0.9274625510
39 : ([1], [2, 3, 4], [5, 6]) : 0.9221883162
40 : ([1, 3, 4], [2], [5, 6]) : 0.8886987915
41 : ([1, 2], [3, 4], [5, 6]) : 0.8907713787
42 : ([1], [2], [3, 4], [5, 6]) : 0.8864405371
43 : ([1, 2, 4], [3], [5, 6]) : 0.8941650963
44 : ([1, 3], [2, 4], [5, 6]) : 0.8886636525
45 : ([1], [2, 4], [3], [5, 6]) : 0.8875643040
46 : ([1, 4], [2, 3], [5, 6]) : 0.9210990132
47 : ([1, 4], [2], [3], [5, 6]) : 0.8873116399
48 : ([1, 2, 3], [4], [5, 6]) : 0.9262551221
49 : ([1], [2, 3], [4], [5, 6]) : 0.9208274254
50 : ([1, 3], [2], [4], [5, 6]) : 0.8873649520
51 : ([1, 2], [3], [4], [5, 6]) : 0.8906481370
52 : ([1], [2], [3], [4], [5, 6]) : 0.8861793028
53 : ([1, 2, 3, 4, 6], [5]) : 0.9321676882
54 : ([1, 5], [2, 3, 4, 6]) : 0.9256392221
55 : ([1], [2, 3, 4, 6], [5]) : 0.9256138893
56 : ([1, 3, 4, 6], [2, 5]) : 0.8988014681
57 : ([1, 3, 4, 6], [2], [5]) : 0.8960243164
58 : ([1, 2, 5], [3, 4, 6]) : 0.9034060641
59 : ([1], [2, 5], [3, 4, 6]) : 0.8965366317
60 : ([1, 5], [2], [3, 4, 6]) : 0.8937442610
61 : ([1, 2], [3, 4, 6], [5]) : 0.8975503046
62 : ([1], [2], [3, 4, 6], [5]) : 0.8927195211
63 : ([1, 2, 4, 6], [3, 5]) : 0.8998213715
64 : ([1, 2, 4, 6], [3], [5]) : 0.8996782736
65 : ([1, 3, 5], [2, 4, 6]) : 0.8937979169
66 : ([1], [2, 4, 6], [3, 5]) : 0.8927301976
67 : ([1, 5], [2, 4, 6], [3]) : 0.8932745046
68 : ([1, 3], [2, 4, 6], [5]) : 0.8927401851
69 : ([1], [2, 4, 6], [3], [5]) : 0.8926371594
70 : ([1, 4, 6], [2, 3, 5]) : 0.9254174120
71 : ([1, 4, 6], [2], [3, 5]) : 0.8902121894
72 : ([1, 4, 6], [2, 5], [3]) : 0.8936066374
73 : ([1, 4, 6], [2, 3], [5]) : 0.9246548418
74 : ([1, 4, 6], [2], [3], [5]) : 0.8903653143
75 : ([1, 2, 3, 5], [4, 6]) : 0.9290810178
76 : ([1], [2, 3, 5], [4, 6]) : 0.9228085174
77 : ([1, 3, 5], [2], [4, 6]) : 0.8895634270
78 : ([1, 2], [3, 5], [4, 6]) : 0.8924261006
79 : ([1], [2], [3, 5], [4, 6]) : 0.8879163075
80 : ([1, 2, 5], [3], [4, 6]) : 0.8979882291
81 : ([1, 3], [2, 5], [4, 6]) : 0.8918165835
82 : ([1], [2, 5], [3], [4, 6]) : 0.8916276117
83 : ([1, 5], [2, 3], [4, 6]) : 0.9221289792
84 : ([1, 5], [2], [3], [4, 6]) : 0.8888297968
85 : ([1, 2, 3], [4, 6], [5]) : 0.9275508449
86 : ([1], [2, 3], [4, 6], [5]) : 0.9220884449
87 : ([1, 3], [2], [4, 6], [5]) : 0.8880241181
88 : ([1, 2], [3], [4, 6], [5]) : 0.8922481421
89 : ([1], [2], [3], [4, 6], [5]) : 0.8878986558
90 : ([1, 2, 3, 6], [4, 5]) : 0.9306975006
91 : ([1, 2, 3, 6], [4], [5]) : 0.9224661923
92 : ([1, 4, 5], [2, 3, 6]) : 0.9267120160
93 : ([1], [2, 3, 6], [4, 5]) : 0.9253226638
94 : ([1, 5], [2, 3, 6], [4]) : 0.9148940360
95 : ([1, 4], [2, 3, 6], [5]) : 0.9150075249
96 : ([1], [2, 3, 6], [4], [5]) : 0.9147973795
97 : ([1, 3, 6], [2, 4, 5]) : 0.8991013845
98 : ([1, 3, 6], [2], [4, 5]) : 0.8942376845
99 : ([1, 3, 6], [2, 5], [4]) : 0.8879628605
100 : ([1, 3, 6], [2, 4], [5]) : 0.8857999413
101 : ([1, 3, 6], [2], [4], [5]) : 0.8844898212
102 : ([1, 2, 4, 5], [3, 6]) : 0.9037039611
103 : ([1], [2, 4, 5], [3, 6]) : 0.8966036586
104 : ([1, 4, 5], [2], [3, 6]) : 0.8947580764
105 : ([1, 2], [3, 6], [4, 5]) : 0.8941862177
106 : ([1], [2], [3, 6], [4, 5]) : 0.8912427814
107 : ([1, 2, 5], [3, 6], [4]) : 0.8933120307
108 : ([1, 4], [2, 5], [3, 6]) : 0.8857249629
109 : ([1], [2, 5], [3, 6], [4]) : 0.8854843812
110 : ([1, 5], [2, 4], [3, 6]) : 0.8837485564
111 : ([1, 5], [2], [3, 6], [4]) : 0.8826201137
112 : ([1, 2, 4], [3, 6], [5]) : 0.8903775154
113 : ([1], [2, 4], [3, 6], [5]) : 0.8829323351
114 : ([1, 4], [2], [3, 6], [5]) : 0.8821633073
115 : ([1, 2], [3, 6], [4], [5]) : 0.8876188421
116 : ([1], [2], [3, 6], [4], [5]) : 0.8815875243
117 : ([1, 2, 6], [3, 4, 5]) : 0.8932410154
118 : ([1, 2, 6], [3], [4, 5]) : 0.8917247106
119 : ([1, 2, 6], [3, 5], [4]) : 0.8849510403
120 : ([1, 2, 6], [3, 4], [5]) : 0.8848560709
121 : ([1, 2, 6], [3], [4], [5]) : 0.8848084709
122 : ([1, 3, 4, 5], [2, 6]) : 0.8952377887
123 : ([1], [2, 6], [3, 4, 5]) : 0.8908864180
124 : ([1, 4, 5], [2, 6], [3]) : 0.8925906242
125 : ([1, 3], [2, 6], [4, 5]) : 0.8900861969
126 : ([1], [2, 6], [3], [4, 5]) : 0.8894485189
127 : ([1, 3, 5], [2, 6], [4]) : 0.8813354131
128 : ([1, 4], [2, 6], [3, 5]) : 0.8804809031
129 : ([1], [2, 6], [3, 5], [4]) : 0.8797340863
130 : ([1, 5], [2, 6], [3, 4]) : 0.8808097957
131 : ([1, 5], [2, 6], [3], [4]) : 0.8806625115
132 : ([1, 3, 4], [2, 6], [5]) : 0.8812277711
133 : ([1], [2, 6], [3, 4], [5]) : 0.8798736404
134 : ([1, 4], [2, 6], [3], [5]) : 0.8805771730
135 : ([1, 3], [2, 6], [4], [5]) : 0.8803133943
136 : ([1], [2, 6], [3], [4], [5]) : 0.8797464857
137 : ([1, 6], [2, 3, 4, 5]) : 0.9275874109
138 : ([1, 6], [2], [3, 4, 5]) : 0.8896750143
139 : ([1, 6], [2, 4, 5], [3]) : 0.8932498497
140 : ([1, 6], [2, 3], [4, 5]) : 0.9247469222
141 : ([1, 6], [2], [3], [4, 5]) : 0.8880385768
142 : ([1, 6], [2, 3, 5], [4]) : 0.9148131348
143 : ([1, 6], [2, 4], [3, 5]) : 0.8793453215
144 : ([1, 6], [2], [3, 5], [4]) : 0.8778848618
145 : ([1, 6], [2, 5], [3, 4]) : 0.8820886439
146 : ([1, 6], [2, 5], [3], [4]) : 0.8819285719
147 : ([1, 6], [2, 3, 4], [5]) : 0.9151639289
148 : ([1, 6], [2], [3, 4], [5]) : 0.8781160694
149 : ([1, 6], [2, 4], [3], [5]) : 0.8794016874
150 : ([1, 6], [2, 3], [4], [5]) : 0.9138262100
151 : ([1, 6], [2], [3], [4], [5]) : 0.8779252419
152 : ([1, 2, 3, 4, 5], [6]) : 0.9339107669
153 : ([1], [2, 3, 4, 5], [6]) : 0.9269409474
154 : ([1, 3, 4, 5], [2], [6]) : 0.8939919001
155 : ([1, 2], [3, 4, 5], [6]) : 0.8917344293
156 : ([1], [2], [3, 4, 5], [6]) : 0.8892908790
157 : ([1, 2, 4, 5], [3], [6]) : 0.8994858886
158 : ([1, 3], [2, 4, 5], [6]) : 0.8938471243
159 : ([1], [2, 4, 5], [3], [6]) : 0.8928345634
160 : ([1, 4, 5], [2, 3], [6]) : 0.9254409979
161 : ([1, 4, 5], [2], [3], [6]) : 0.8908281418
162 : ([1, 2, 3], [4, 5], [6]) : 0.9283344482
163 : ([1], [2, 3], [4, 5], [6]) : 0.9241357863
164 : ([1, 3], [2], [4, 5], [6]) : 0.8884035080
165 : ([1, 2], [3], [4, 5], [6]) : 0.8901233629
166 : ([1], [2], [3], [4, 5], [6]) : 0.8876797485
167 : ([1, 2, 3, 5], [4], [6]) : 0.9207662332
168 : ([1, 4], [2, 3, 5], [6]) : 0.9141127639
169 : ([1], [2, 3, 5], [4], [6]) : 0.9136692842
170 : ([1, 3, 5], [2, 4], [6]) : 0.8800694024
171 : ([1, 3, 5], [2], [4], [6]) : 0.8788277769
172 : ([1, 2, 4], [3, 5], [6]) : 0.8855531373
173 : ([1], [2, 4], [3, 5], [6]) : 0.8785033346
174 : ([1, 4], [2], [3, 5], [6]) : 0.8777092768
175 : ([1, 2], [3, 5], [4], [6]) : 0.8826682212
176 : ([1], [2], [3, 5], [4], [6]) : 0.8770071587
177 : ([1, 2, 5], [3, 4], [6]) : 0.8882708118
178 : ([1, 2, 5], [3], [4], [6]) : 0.8881368870
179 : ([1, 3, 4], [2, 5], [6]) : 0.8820952420
180 : ([1], [2, 5], [3, 4], [6]) : 0.8811325326
181 : ([1, 4], [2, 5], [3], [6]) : 0.8813847192
182 : ([1, 3], [2, 5], [4], [6]) : 0.8815080378
183 : ([1], [2, 5], [3], [4], [6]) : 0.8809227968
184 : ([1, 5], [2, 3, 4], [6]) : 0.9143308498
185 : ([1, 5], [2], [3, 4], [6]) : 0.8782874254
186 : ([1, 5], [2, 4], [3], [6]) : 0.8792264478
187 : ([1, 5], [2, 3], [4], [6]) : 0.9128512498
188 : ([1, 5], [2], [3], [4], [6]) : 0.8779857995
189 : ([1, 2, 3, 4], [5], [6]) : 0.9208426604
190 : ([1], [2, 3, 4], [5], [6]) : 0.9142774528
191 : ([1, 3, 4], [2], [5], [6]) : 0.8787112614
192 : ([1, 2], [3, 4], [5], [6]) : 0.8826570123
193 : ([1], [2], [3, 4], [5], [6]) : 0.8772692021
194 : ([1, 2, 4], [3], [5], [6]) : 0.8855582997
195 : ([1, 3], [2, 4], [5], [6]) : 0.8793115161
196 : ([1], [2, 4], [3], [5], [6]) : 0.8785410762
197 : ([1, 4], [2, 3], [5], [6]) : 0.9130348131
198 : ([1, 4], [2], [3], [5], [6]) : 0.8778137759
199 : ([1, 2, 3], [4], [5], [6]) : 0.9193981429
200 : ([1], [2, 3], [4], [5], [6]) : 0.9127452693
201 : ([1, 3], [2], [4], [5], [6]) : 0.8777230657
202 : ([1, 2], [3], [4], [5], [6]) : 0.8825265185
203 : ([1], [2], [3], [4], [5], [6]) : 0.8770207285
