=== Bootstrap seed: 76 ===
1 : ([1, 2, 3, 4, 5, 6],) : 0.9629070189
2 : ([1], [2, 3, 4, 5, 6]) : 0.9557257314
3 : ([1, 3, 4, 5, 6], [2]) : 0.9283921682
4 : ([1, 2], [3, 4, 5, 6]) : 0.9215356864
5 : ([1], [2], [3, 4, 5, 6]) : 0.9184654159
6 : ([1, 2, 4, 5, 6], [3]) : 0.9259500857
7 : ([1, 3], [2, 4, 5, 6]) : 0.9168556061
8 : ([1], [2, 4, 5, 6], [3]) : 0.9151231109
9 : ([1, 4, 5, 6], [2, 3]) : 0.9545251887
10 : ([1, 4, 5, 6], [2], [3]) : 0.9162478640
11 : ([1, 2, 3], [4, 5, 6]) : 0.9579019851
12 : ([1], [2, 3], [4, 5, 6]) : 0.9532998127
13 : ([1, 3], [2], [4, 5, 6]) : 0.9140802684
14 : ([1, 2], [3], [4, 5, 6]) : 0.9161536322
15 : ([1], [2], [3], [4, 5, 6]) : 0.9128279102
16 : ([1, 2, 3, 5, 6], [4]) : 0.9386560102
17 : ([1, 4], [2, 3, 5, 6]) : 0.9309990626
18 : ([1], [2, 3, 5, 6], [4]) : 0.9308434900
19 : ([1, 3, 5, 6], [2, 4]) : 0.9027287767
20 : ([1, 3, 5, 6], [2], [4]) : 0.9020754566
21 : ([1, 2, 4], [3, 5, 6]) : 0.9036498886
22 : ([1], [2, 4], [3, 5, 6]) : 0.8962996854
23 : ([1, 4], [2], [3, 5, 6]) : 0.8962077475
24 : ([1, 2], [3, 5, 6], [4]) : 0.9002629986
25 : ([1], [2], [3, 5, 6], [4]) : 0.8956836156
26 : ([1, 2, 5, 6], [3, 4]) : 0.9028638956
27 : ([1, 2, 5, 6], [3], [4]) : 0.9019204629
28 : ([1, 3, 4], [2, 5, 6]) : 0.8972674780
29 : ([1], [2, 5, 6], [3, 4]) : 0.8947823646
30 : ([1, 4], [2, 5, 6], [3]) : 0.8941052999
31 : ([1, 3], [2, 5, 6], [4]) : 0.8949154360
32 : ([1], [2, 5, 6], [3], [4]) : 0.8935278578
33 : ([1, 5, 6], [2, 3, 4]) : 0.9310927840
34 : ([1, 5, 6], [2], [3, 4]) : 0.8952163575
35 : ([1, 5, 6], [2, 4], [3]) : 0.8946535169
36 : ([1, 5, 6], [2, 3], [4]) : 0.9294575011
37 : ([1, 5, 6], [2], [3], [4]) : 0.8941065440
38 : ([1, 2, 3, 4], [5, 6]) : 0.9364233528
39 : ([1], [2, 3, 4], [5, 6]) : 0.9299545435
40 : ([1, 3, 4], [2], [5, 6]) : 0.8964195971
41 : ([1, 2], [3, 4], [5, 6]) : 0.8980727897
42 : ([1], [2], [3, 4], [5, 6]) : 0.8937375913
43 : ([1, 2, 4], [3], [5, 6]) : 0.9004222837
44 : ([1, 3], [2, 4], [5, 6]) : 0.8948557630
45 : ([1], [2, 4], [3], [5, 6]) : 0.8930774301
46 : ([1, 4], [2, 3], [5, 6]) : 0.9282787632
47 : ([1, 4], [2], [3], [5, 6]) : 0.8928686278
48 : ([1, 2, 3], [4], [5, 6]) : 0.9342416399
49 : ([1], [2, 3], [4], [5, 6]) : 0.9282363859
50 : ([1, 3], [2], [4], [5, 6]) : 0.8940232396
51 : ([1, 2], [3], [4], [5, 6]) : 0.8969878796
52 : ([1], [2], [3], [4], [5, 6]) : 0.8924567401
53 : ([1, 2, 3, 4, 6], [5]) : 0.9409887827
54 : ([1, 5], [2, 3, 4, 6]) : 0.9300020904
55 : ([1], [2, 3, 4, 6], [5]) : 0.9294083977
56 : ([1, 3, 4, 6], [2, 5]) : 0.9002416854
57 : ([1, 3, 4, 6], [2], [5]) : 0.8999493321
58 : ([1, 2, 5], [3, 4, 6]) : 0.9023667952
59 : ([1], [2, 5], [3, 4, 6]) : 0.8924025376
60 : ([1, 5], [2], [3, 4, 6]) : 0.8918444579
61 : ([1, 2], [3, 4, 6], [5]) : 0.9003080549
62 : ([1], [2], [3, 4, 6], [5]) : 0.8918909235
63 : ([1, 2, 4, 6], [3, 5]) : 0.9034193849
64 : ([1, 2, 4, 6], [3], [5]) : 0.9027556821
65 : ([1, 3, 5], [2, 4, 6]) : 0.8939004239
66 : ([1], [2, 4, 6], [3, 5]) : 0.8906439318
67 : ([1, 5], [2, 4, 6], [3]) : 0.8897716536
68 : ([1, 3], [2, 4, 6], [5]) : 0.8915772337
69 : ([1], [2, 4, 6], [3], [5]) : 0.8896949532
70 : ([1, 4, 6], [2, 3, 5]) : 0.9286692774
71 : ([1, 4, 6], [2], [3, 5]) : 0.8925079410
72 : ([1, 4, 6], [2, 5], [3]) : 0.8914449600
73 : ([1, 4, 6], [2, 3], [5]) : 0.9264563384
74 : ([1, 4, 6], [2], [3], [5]) : 0.8909188364
75 : ([1, 2, 3, 5], [4, 6]) : 0.9364598113
76 : ([1], [2, 3, 5], [4, 6]) : 0.9270784353
77 : ([1, 3, 5], [2], [4, 6]) : 0.8916129937
78 : ([1, 2], [3, 5], [4, 6]) : 0.8961784958
79 : ([1], [2], [3, 5], [4, 6]) : 0.8890413567
80 : ([1, 2, 5], [3], [4, 6]) : 0.8975734475
81 : ([1, 3], [2, 5], [4, 6]) : 0.8899215537
82 : ([1], [2, 5], [3], [4, 6]) : 0.8884018893
83 : ([1, 5], [2, 3], [4, 6]) : 0.9257765832
84 : ([1, 5], [2], [3], [4, 6]) : 0.8877785517
85 : ([1, 2, 3], [4, 6], [5]) : 0.9340848155
86 : ([1], [2, 3], [4, 6], [5]) : 0.9252382373
87 : ([1, 3], [2], [4, 6], [5]) : 0.8893692749
88 : ([1, 2], [3], [4, 6], [5]) : 0.8955459143
89 : ([1], [2], [3], [4, 6], [5]) : 0.8878165527
90 : ([1, 2, 3, 6], [4, 5]) : 0.9411261106
91 : ([1, 2, 3, 6], [4], [5]) : 0.9297255475
92 : ([1, 4, 5], [2, 3, 6]) : 0.9358094025
93 : ([1], [2, 3, 6], [4, 5]) : 0.9351972011
94 : ([1, 5], [2, 3, 6], [4]) : 0.9202136820
95 : ([1, 4], [2, 3, 6], [5]) : 0.9200675996
96 : ([1], [2, 3, 6], [4], [5]) : 0.9199837146
97 : ([1, 3, 6], [2, 4, 5]) : 0.9065757594
98 : ([1, 3, 6], [2], [4, 5]) : 0.9050689131
99 : ([1, 3, 6], [2, 5], [4]) : 0.8917191655
100 : ([1, 3, 6], [2, 4], [5]) : 0.8917195595
101 : ([1, 3, 6], [2], [4], [5]) : 0.8911593062
102 : ([1, 2, 4, 5], [3, 6]) : 0.9109453225
103 : ([1], [2, 4, 5], [3, 6]) : 0.9008472915
104 : ([1, 4, 5], [2], [3, 6]) : 0.9012283198
105 : ([1, 2], [3, 6], [4, 5]) : 0.9026224742
106 : ([1], [2], [3, 6], [4, 5]) : 0.8992216925
107 : ([1, 2, 5], [3, 6], [4]) : 0.8938406083
108 : ([1, 4], [2, 5], [3, 6]) : 0.8861206709
109 : ([1], [2, 5], [3, 6], [4]) : 0.8855463226
110 : ([1, 5], [2, 4], [3, 6]) : 0.8858494761
111 : ([1, 5], [2], [3, 6], [4]) : 0.8850336375
112 : ([1, 2, 4], [3, 6], [5]) : 0.8951060198
113 : ([1], [2, 4], [3, 6], [5]) : 0.8857192171
114 : ([1, 4], [2], [3, 6], [5]) : 0.8855644827
115 : ([1, 2], [3, 6], [4], [5]) : 0.8915066359
116 : ([1], [2], [3, 6], [4], [5]) : 0.8850024422
117 : ([1, 2, 6], [3, 4, 5]) : 0.9076274973
118 : ([1, 2, 6], [3], [4, 5]) : 0.9041270845
119 : ([1, 2, 6], [3, 5], [4]) : 0.8941869853
120 : ([1, 2, 6], [3, 4], [5]) : 0.8954686833
121 : ([1, 2, 6], [3], [4], [5]) : 0.8934997434
122 : ([1, 3, 4, 5], [2, 6]) : 0.9068390858
123 : ([1], [2, 6], [3, 4, 5]) : 0.9021135425
124 : ([1, 4, 5], [2, 6], [3]) : 0.9004496171
125 : ([1, 3], [2, 6], [4, 5]) : 0.8998739284
126 : ([1], [2, 6], [3], [4, 5]) : 0.8984061068
127 : ([1, 3, 5], [2, 6], [4]) : 0.8878873348
128 : ([1, 4], [2, 6], [3, 5]) : 0.8861441190
129 : ([1], [2, 6], [3, 5], [4]) : 0.8853082422
130 : ([1, 5], [2, 6], [3, 4]) : 0.8864748913
131 : ([1, 5], [2, 6], [3], [4]) : 0.8841984370
132 : ([1, 3, 4], [2, 6], [5]) : 0.8893275279
133 : ([1], [2, 6], [3, 4], [5]) : 0.8865871533
134 : ([1, 4], [2, 6], [3], [5]) : 0.8849203357
135 : ([1, 3], [2, 6], [4], [5]) : 0.8857320528
136 : ([1], [2, 6], [3], [4], [5]) : 0.8842440827
137 : ([1, 6], [2, 3, 4, 5]) : 0.9388763440
138 : ([1, 6], [2], [3, 4, 5]) : 0.9028474381
139 : ([1, 6], [2, 4, 5], [3]) : 0.9007116283
140 : ([1, 6], [2, 3], [4, 5]) : 0.9352465132
141 : ([1, 6], [2], [3], [4, 5]) : 0.8991223472
142 : ([1, 6], [2, 3, 5], [4]) : 0.9227690555
143 : ([1, 6], [2, 4], [3, 5]) : 0.8879339611
144 : ([1, 6], [2], [3, 5], [4]) : 0.8873334098
145 : ([1, 6], [2, 5], [3, 4]) : 0.8885850115
146 : ([1, 6], [2, 5], [3], [4]) : 0.8867072372
147 : ([1, 6], [2, 3, 4], [5]) : 0.9229396027
148 : ([1, 6], [2], [3, 4], [5]) : 0.8880782673
149 : ([1, 6], [2, 4], [3], [5]) : 0.8867569863
150 : ([1, 6], [2, 3], [4], [5]) : 0.9206844923
151 : ([1, 6], [2], [3], [4], [5]) : 0.8861027410
152 : ([1, 2, 3, 4, 5], [6]) : 0.9449192825
153 : ([1], [2, 3, 4, 5], [6]) : 0.9382602999
154 : ([1, 3, 4, 5], [2], [6]) : 0.9059595685
155 : ([1, 2], [3, 4, 5], [6]) : 0.9041935697
156 : ([1], [2], [3, 4, 5], [6]) : 0.9014374112
157 : ([1, 2, 4, 5], [3], [6]) : 0.9091435980
158 : ([1, 3], [2, 4, 5], [6]) : 0.9016104060
159 : ([1], [2, 4, 5], [3], [6]) : 0.8996141587
160 : ([1, 4, 5], [2, 3], [6]) : 0.9350787371
161 : ([1, 4, 5], [2], [3], [6]) : 0.8996216033
162 : ([1, 2, 3], [4, 5], [6]) : 0.9393734782
163 : ([1], [2, 3], [4, 5], [6]) : 0.9345956350
164 : ([1, 3], [2], [4, 5], [6]) : 0.8993984074
165 : ([1, 2], [3], [4, 5], [6]) : 0.9008987138
166 : ([1], [2], [3], [4, 5], [6]) : 0.8978096911
167 : ([1, 2, 3, 5], [4], [6]) : 0.9295360201
168 : ([1, 4], [2, 3, 5], [6]) : 0.9215532385
169 : ([1], [2, 3, 5], [4], [6]) : 0.9213605790
170 : ([1, 3, 5], [2, 4], [6]) : 0.8890042665
171 : ([1, 3, 5], [2], [4], [6]) : 0.8876778156
172 : ([1, 2, 4], [3, 5], [6]) : 0.8943277217
173 : ([1], [2, 4], [3, 5], [6]) : 0.8858200409
174 : ([1, 4], [2], [3, 5], [6]) : 0.8858155527
175 : ([1, 2], [3, 5], [4], [6]) : 0.8904717927
176 : ([1], [2], [3, 5], [4], [6]) : 0.8850629976
177 : ([1, 2, 5], [3, 4], [6]) : 0.8932826574
178 : ([1, 2, 5], [3], [4], [6]) : 0.8919757524
179 : ([1, 3, 4], [2, 5], [6]) : 0.8891474046
180 : ([1], [2, 5], [3, 4], [6]) : 0.8865505034
181 : ([1, 4], [2, 5], [3], [6]) : 0.8850833975
182 : ([1, 3], [2, 5], [4], [6]) : 0.8860413953
183 : ([1], [2, 5], [3], [4], [6]) : 0.8844921620
184 : ([1, 5], [2, 3, 4], [6]) : 0.9220193718
185 : ([1, 5], [2], [3, 4], [6]) : 0.8859363467
186 : ([1, 5], [2, 4], [3], [6]) : 0.8847587456
187 : ([1, 5], [2, 3], [4], [6]) : 0.9195429289
188 : ([1, 5], [2], [3], [4], [6]) : 0.8838442853
189 : ([1, 2, 3, 4], [5], [6]) : 0.9297201377
190 : ([1], [2, 3, 4], [5], [6]) : 0.9218287361
191 : ([1, 3, 4], [2], [5], [6]) : 0.8887846015
192 : ([1, 2], [3, 4], [5], [6]) : 0.8916184104
193 : ([1], [2], [3, 4], [5], [6]) : 0.8860755936
194 : ([1, 2, 4], [3], [5], [6]) : 0.8937191690
195 : ([1, 3], [2, 4], [5], [6]) : 0.8865688082
196 : ([1], [2, 4], [3], [5], [6]) : 0.8847269341
197 : ([1, 4], [2, 3], [5], [6]) : 0.9193799477
198 : ([1, 4], [2], [3], [5], [6]) : 0.8844788981
199 : ([1, 2, 3], [4], [5], [6]) : 0.9267890001
200 : ([1], [2, 3], [4], [5], [6]) : 0.9193291627
201 : ([1, 3], [2], [4], [5], [6]) : 0.8854956573
202 : ([1, 2], [3], [4], [5], [6]) : 0.8898589857
203 : ([1], [2], [3], [4], [5], [6]) : 0.8839052273
