=== Bootstrap seed: 54 ===
1 : ([1, 2, 3, 4, 5, 6],) : 0.9618156555
2 : ([1], [2, 3, 4, 5, 6]) : 0.9567141987
3 : ([1, 3, 4, 5, 6], [2]) : 0.9372015347
4 : ([1, 2], [3, 4, 5, 6]) : 0.9321223647
5 : ([1], [2], [3, 4, 5, 6]) : 0.9306898019
6 : ([1, 2, 4, 5, 6], [3]) : 0.9342877647
7 : ([1, 3], [2, 4, 5, 6]) : 0.9287874978
8 : ([1], [2, 4, 5, 6], [3]) : 0.9283253624
9 : ([1, 4, 5, 6], [2, 3]) : 0.9564260564
10 : ([1, 4, 5, 6], [2], [3]) : 0.9288918374
11 : ([1, 2, 3], [4, 5, 6]) : 0.9550512497
12 : ([1], [2, 3], [4, 5, 6]) : 0.9536587627
13 : ([1, 3], [2], [4, 5, 6]) : 0.9259933400
14 : ([1, 2], [3], [4, 5, 6]) : 0.9272759330
15 : ([1], [2], [3], [4, 5, 6]) : 0.9256202994
16 : ([1, 2, 3, 5, 6], [4]) : 0.9382703625
17 : ([1, 4], [2, 3, 5, 6]) : 0.9343931959
18 : ([1], [2, 3, 5, 6], [4]) : 0.9325160493
19 : ([1, 3, 5, 6], [2, 4]) : 0.9103777182
20 : ([1, 3, 5, 6], [2], [4]) : 0.9087056439
21 : ([1, 2, 4], [3, 5, 6]) : 0.9113291641
22 : ([1], [2, 4], [3, 5, 6]) : 0.9072580513
23 : ([1, 4], [2], [3, 5, 6]) : 0.9075596051
24 : ([1, 2], [3, 5, 6], [4]) : 0.9067756722
25 : ([1], [2], [3, 5, 6], [4]) : 0.9052634023
26 : ([1, 2, 5, 6], [3, 4]) : 0.9075961284
27 : ([1, 2, 5, 6], [3], [4]) : 0.9073594694
28 : ([1, 3, 4], [2, 5, 6]) : 0.9068102339
29 : ([1], [2, 5, 6], [3, 4]) : 0.9027906811
30 : ([1, 4], [2, 5, 6], [3]) : 0.9051249603
31 : ([1, 3], [2, 5, 6], [4]) : 0.9034266990
32 : ([1], [2, 5, 6], [3], [4]) : 0.9026992761
33 : ([1, 5, 6], [2, 3, 4]) : 0.9316842492
34 : ([1, 5, 6], [2], [3, 4]) : 0.9029341977
35 : ([1, 5, 6], [2, 4], [3]) : 0.9044094551
36 : ([1, 5, 6], [2, 3], [4]) : 0.9303549446
37 : ([1, 5, 6], [2], [3], [4]) : 0.9027684267
38 : ([1, 2, 3, 4], [5, 6]) : 0.9339510120
39 : ([1], [2, 3, 4], [5, 6]) : 0.9298511033
40 : ([1, 3, 4], [2], [5, 6]) : 0.9057538339
41 : ([1, 2], [3, 4], [5, 6]) : 0.9035314491
42 : ([1], [2], [3, 4], [5, 6]) : 0.9019771597
43 : ([1, 2, 4], [3], [5, 6]) : 0.9079650138
44 : ([1, 3], [2, 4], [5, 6]) : 0.9043871351
45 : ([1], [2, 4], [3], [5, 6]) : 0.9036995086
46 : ([1, 4], [2, 3], [5, 6]) : 0.9302863911
47 : ([1, 4], [2], [3], [5, 6]) : 0.9041470512
48 : ([1, 2, 3], [4], [5, 6]) : 0.9300930426
49 : ([1], [2, 3], [4], [5, 6]) : 0.9284096123
50 : ([1, 3], [2], [4], [5, 6]) : 0.9023969727
51 : ([1, 2], [3], [4], [5, 6]) : 0.9033071626
52 : ([1], [2], [3], [4], [5, 6]) : 0.9018407324
53 : ([1, 2, 3, 4, 6], [5]) : 0.9402025485
54 : ([1, 5], [2, 3, 4, 6]) : 0.9336279858
55 : ([1], [2, 3, 4, 6], [5]) : 0.9330551864
56 : ([1, 3, 4, 6], [2, 5]) : 0.9125382296
57 : ([1, 3, 4, 6], [2], [5]) : 0.9111023957
58 : ([1, 2, 5], [3, 4, 6]) : 0.9105031431
59 : ([1], [2, 5], [3, 4, 6]) : 0.9062909555
60 : ([1, 5], [2], [3, 4, 6]) : 0.9053939235
61 : ([1, 2], [3, 4, 6], [5]) : 0.9098516306
62 : ([1], [2], [3, 4, 6], [5]) : 0.9054157894
63 : ([1, 2, 4, 6], [3, 5]) : 0.9147976448
64 : ([1, 2, 4, 6], [3], [5]) : 0.9129279806
65 : ([1, 3, 5], [2, 4, 6]) : 0.9102273479
66 : ([1], [2, 4, 6], [3, 5]) : 0.9090058905
67 : ([1, 5], [2, 4, 6], [3]) : 0.9068335854
68 : ([1, 3], [2, 4, 6], [5]) : 0.9071652525
69 : ([1], [2, 4, 6], [3], [5]) : 0.9065750788
70 : ([1, 4, 6], [2, 3, 5]) : 0.9341038562
71 : ([1, 4, 6], [2], [3, 5]) : 0.9057542375
72 : ([1, 4, 6], [2, 5], [3]) : 0.9050135088
73 : ([1, 4, 6], [2, 3], [5]) : 0.9308296194
74 : ([1, 4, 6], [2], [3], [5]) : 0.9037818282
75 : ([1, 2, 3, 5], [4, 6]) : 0.9349881503
76 : ([1], [2, 3, 5], [4, 6]) : 0.9309643569
77 : ([1, 3, 5], [2], [4, 6]) : 0.9040368598
78 : ([1, 2], [3, 5], [4, 6]) : 0.9076024172
79 : ([1], [2], [3, 5], [4, 6]) : 0.9034597658
80 : ([1, 2, 5], [3], [4, 6]) : 0.9061043043
81 : ([1, 3], [2, 5], [4, 6]) : 0.9022963548
82 : ([1], [2, 5], [3], [4, 6]) : 0.9018830683
83 : ([1, 5], [2, 3], [4, 6]) : 0.9283074756
84 : ([1, 5], [2], [3], [4, 6]) : 0.9009570981
85 : ([1, 2, 3], [4, 6], [5]) : 0.9315766365
86 : ([1], [2, 3], [4, 6], [5]) : 0.9280955183
87 : ([1, 3], [2], [4, 6], [5]) : 0.9013637065
88 : ([1, 2], [3], [4, 6], [5]) : 0.9055591006
89 : ([1], [2], [3], [4, 6], [5]) : 0.9010147487
90 : ([1, 2, 3, 6], [4, 5]) : 0.9374636753
91 : ([1, 2, 3, 6], [4], [5]) : 0.9279156679
92 : ([1, 4, 5], [2, 3, 6]) : 0.9352588742
93 : ([1], [2, 3, 6], [4, 5]) : 0.9332414917
94 : ([1, 5], [2, 3, 6], [4]) : 0.9226716315
95 : ([1, 4], [2, 3, 6], [5]) : 0.9234024015
96 : ([1], [2, 3, 6], [4], [5]) : 0.9221126051
97 : ([1, 3, 6], [2, 4, 5]) : 0.9095516067
98 : ([1, 3, 6], [2], [4, 5]) : 0.9077547511
99 : ([1, 3, 6], [2, 5], [4]) : 0.8983790292
100 : ([1, 3, 6], [2, 4], [5]) : 0.8995528027
101 : ([1, 3, 6], [2], [4], [5]) : 0.8973678905
102 : ([1, 2, 4, 5], [3, 6]) : 0.9100648609
103 : ([1], [2, 4, 5], [3, 6]) : 0.9062720356
104 : ([1, 4, 5], [2], [3, 6]) : 0.9063148728
105 : ([1, 2], [3, 6], [4, 5]) : 0.9059809109
106 : ([1], [2], [3, 6], [4, 5]) : 0.9043350952
107 : ([1, 2, 5], [3, 6], [4]) : 0.8976898034
108 : ([1, 4], [2, 5], [3, 6]) : 0.8965706635
109 : ([1], [2, 5], [3, 6], [4]) : 0.8948006640
110 : ([1, 5], [2, 4], [3, 6]) : 0.8967383540
111 : ([1, 5], [2], [3, 6], [4]) : 0.8941273069
112 : ([1, 2, 4], [3, 6], [5]) : 0.9004543013
113 : ([1], [2, 4], [3, 6], [5]) : 0.8964602270
114 : ([1, 4], [2], [3, 6], [5]) : 0.8957138835
115 : ([1, 2], [3, 6], [4], [5]) : 0.8968337505
116 : ([1], [2], [3, 6], [4], [5]) : 0.8941150815
117 : ([1, 2, 6], [3, 4, 5]) : 0.9088893344
118 : ([1, 2, 6], [3], [4, 5]) : 0.9051858074
119 : ([1, 2, 6], [3, 5], [4]) : 0.8983266529
120 : ([1, 2, 6], [3, 4], [5]) : 0.8962270891
121 : ([1, 2, 6], [3], [4], [5]) : 0.8960221667
122 : ([1, 3, 4, 5], [2, 6]) : 0.9112268840
123 : ([1], [2, 6], [3, 4, 5]) : 0.9069388328
124 : ([1, 4, 5], [2, 6], [3]) : 0.9045533541
125 : ([1, 3], [2, 6], [4, 5]) : 0.9030446688
126 : ([1], [2, 6], [3], [4, 5]) : 0.9025772465
127 : ([1, 3, 5], [2, 6], [4]) : 0.8953399852
128 : ([1, 4], [2, 6], [3, 5]) : 0.8958103177
129 : ([1], [2, 6], [3, 5], [4]) : 0.8942468071
130 : ([1, 5], [2, 6], [3, 4]) : 0.8918128538
131 : ([1, 5], [2, 6], [3], [4]) : 0.8917757550
132 : ([1, 3, 4], [2, 6], [5]) : 0.8952488041
133 : ([1], [2, 6], [3, 4], [5]) : 0.8918184649
134 : ([1, 4], [2, 6], [3], [5]) : 0.8933138385
135 : ([1, 3], [2, 6], [4], [5]) : 0.8923329643
136 : ([1], [2, 6], [3], [4], [5]) : 0.8917818847
137 : ([1, 6], [2, 3, 4, 5]) : 0.9358479597
138 : ([1, 6], [2], [3, 4, 5]) : 0.9061624621
139 : ([1, 6], [2, 4, 5], [3]) : 0.9037144584
140 : ([1, 6], [2, 3], [4, 5]) : 0.9312524166
141 : ([1, 6], [2], [3], [4, 5]) : 0.9019185205
142 : ([1, 6], [2, 3, 5], [4]) : 0.9228658342
143 : ([1, 6], [2, 4], [3, 5]) : 0.8956422388
144 : ([1, 6], [2], [3, 5], [4]) : 0.8938379581
145 : ([1, 6], [2, 5], [3, 4]) : 0.8922398350
146 : ([1, 6], [2, 5], [3], [4]) : 0.8921750090
147 : ([1, 6], [2, 3, 4], [5]) : 0.9213318504
148 : ([1, 6], [2], [3, 4], [5]) : 0.8915239506
149 : ([1, 6], [2, 4], [3], [5]) : 0.8934970123
150 : ([1, 6], [2, 3], [4], [5]) : 0.9199898498
151 : ([1, 6], [2], [3], [4], [5]) : 0.8914560089
152 : ([1, 2, 3, 4, 5], [6]) : 0.9410208647
153 : ([1], [2, 3, 4, 5], [6]) : 0.9359157200
154 : ([1, 3, 4, 5], [2], [6]) : 0.9103290960
155 : ([1, 2], [3, 4, 5], [6]) : 0.9073320331
156 : ([1], [2], [3, 4, 5], [6]) : 0.9061963000
157 : ([1, 2, 4, 5], [3], [6]) : 0.9077195206
158 : ([1, 3], [2, 4, 5], [6]) : 0.9042570869
159 : ([1], [2, 4, 5], [3], [6]) : 0.9036819196
160 : ([1, 4, 5], [2, 3], [6]) : 0.9334686975
161 : ([1, 4, 5], [2], [3], [6]) : 0.9039535470
162 : ([1, 2, 3], [4, 5], [6]) : 0.9328246789
163 : ([1], [2, 3], [4, 5], [6]) : 0.9311143343
164 : ([1, 3], [2], [4, 5], [6]) : 0.9023774033
165 : ([1, 2], [3], [4, 5], [6]) : 0.9033895934
166 : ([1], [2], [3], [4, 5], [6]) : 0.9019123480
167 : ([1, 2, 3, 5], [4], [6]) : 0.9261741632
168 : ([1, 4], [2, 3, 5], [6]) : 0.9239893651
169 : ([1], [2, 3, 5], [4], [6]) : 0.9223368736
170 : ([1, 3, 5], [2, 4], [6]) : 0.8970051171
171 : ([1, 3, 5], [2], [4], [6]) : 0.8947554270
172 : ([1, 2, 4], [3, 5], [6]) : 0.8997749941
173 : ([1], [2, 4], [3, 5], [6]) : 0.8956199258
174 : ([1, 4], [2], [3, 5], [6]) : 0.8954336107
175 : ([1, 2], [3, 5], [4], [6]) : 0.8961627967
176 : ([1], [2], [3, 5], [4], [6]) : 0.8937696500
177 : ([1, 2, 5], [3, 4], [6]) : 0.8948847476
178 : ([1, 2, 5], [3], [4], [6]) : 0.8947518890
179 : ([1, 3, 4], [2, 5], [6]) : 0.8959449907
180 : ([1], [2, 5], [3, 4], [6]) : 0.8920239597
181 : ([1, 4], [2, 5], [3], [6]) : 0.8938199508
182 : ([1, 3], [2, 5], [4], [6]) : 0.8926095847
183 : ([1], [2, 5], [3], [4], [6]) : 0.8919744964
184 : ([1, 5], [2, 3, 4], [6]) : 0.9214616234
185 : ([1, 5], [2], [3, 4], [6]) : 0.8913923789
186 : ([1, 5], [2, 4], [3], [6]) : 0.8937139330
187 : ([1, 5], [2, 3], [4], [6]) : 0.9197992251
188 : ([1, 5], [2], [3], [4], [6]) : 0.8913376023
189 : ([1, 2, 3, 4], [5], [6]) : 0.9251825128
190 : ([1], [2, 3, 4], [5], [6]) : 0.9206842863
191 : ([1, 3, 4], [2], [5], [6]) : 0.8949231002
192 : ([1, 2], [3, 4], [5], [6]) : 0.8941310549
193 : ([1], [2], [3, 4], [5], [6]) : 0.8913992316
194 : ([1, 2, 4], [3], [5], [6]) : 0.8976848297
195 : ([1, 3], [2, 4], [5], [6]) : 0.8941957888
196 : ([1], [2, 4], [3], [5], [6]) : 0.8934603148
197 : ([1, 4], [2, 3], [5], [6]) : 0.9207243872
198 : ([1, 4], [2], [3], [5], [6]) : 0.8929628473
199 : ([1, 2, 3], [4], [5], [6]) : 0.9218302218
200 : ([1], [2, 3], [4], [5], [6]) : 0.9192818769
201 : ([1, 3], [2], [4], [5], [6]) : 0.8918953632
202 : ([1, 2], [3], [4], [5], [6]) : 0.8939947901
203 : ([1], [2], [3], [4], [5], [6]) : 0.8913468313
