=== Bootstrap seed: 27 ===
1 : ([1, 2, 3, 4, 5, 6],) : 0.9690633254
2 : ([1], [2, 3, 4, 5, 6]) : 0.9630924271
3 : ([1, 3, 4, 5, 6], [2]) : 0.9372706767
4 : ([1, 2], [3, 4, 5, 6]) : 0.9323802044
5 : ([1], [2], [3, 4, 5, 6]) : 0.9314345550
6 : ([1, 2, 4, 5, 6], [3]) : 0.9412248330
7 : ([1, 3], [2, 4, 5, 6]) : 0.9340163353
8 : ([1], [2, 4, 5, 6], [3]) : 0.9339667369
9 : ([1, 4, 5, 6], [2, 3]) : 0.9615557964
10 : ([1, 4, 5, 6], [2], [3]) : 0.9334589607
11 : ([1, 2, 3], [4, 5, 6]) : 0.9623097677
12 : ([1], [2, 3], [4, 5, 6]) : 0.9600380183
13 : ([1, 3], [2], [4, 5, 6]) : 0.9298815781
14 : ([1, 2], [3], [4, 5, 6]) : 0.9303172108
15 : ([1], [2], [3], [4, 5, 6]) : 0.9296088206
16 : ([1, 2, 3, 5, 6], [4]) : 0.9400648667
17 : ([1, 4], [2, 3, 5, 6]) : 0.9329624259
18 : ([1], [2, 3, 5, 6], [4]) : 0.9327196461
19 : ([1, 3, 5, 6], [2, 4]) : 0.9098699420
20 : ([1, 3, 5, 6], [2], [4]) : 0.9072329754
21 : ([1, 2, 4], [3, 5, 6]) : 0.9088223632
22 : ([1], [2, 4], [3, 5, 6]) : 0.9051132074
23 : ([1, 4], [2], [3, 5, 6]) : 0.9038277164
24 : ([1, 2], [3, 5, 6], [4]) : 0.9042506239
25 : ([1], [2], [3, 5, 6], [4]) : 0.9026678660
26 : ([1, 2, 5, 6], [3, 4]) : 0.9124622089
27 : ([1, 2, 5, 6], [3], [4]) : 0.9113147295
28 : ([1, 3, 4], [2, 5, 6]) : 0.9076355851
29 : ([1], [2, 5, 6], [3, 4]) : 0.9063003039
30 : ([1, 4], [2, 5, 6], [3]) : 0.9068627403
31 : ([1, 3], [2, 5, 6], [4]) : 0.9055835391
32 : ([1], [2, 5, 6], [3], [4]) : 0.9054845266
33 : ([1, 5, 6], [2, 3, 4]) : 0.9342594536
34 : ([1, 5, 6], [2], [3, 4]) : 0.9057308883
35 : ([1, 5, 6], [2, 4], [3]) : 0.9076153009
36 : ([1, 5, 6], [2, 3], [4]) : 0.9319110709
37 : ([1, 5, 6], [2], [3], [4]) : 0.9050278745
38 : ([1, 2, 3, 4], [5, 6]) : 0.9365119898
39 : ([1], [2, 3, 4], [5, 6]) : 0.9321640642
40 : ([1, 3, 4], [2], [5, 6]) : 0.9035661231
41 : ([1, 2], [3, 4], [5, 6]) : 0.9038897225
42 : ([1], [2], [3, 4], [5, 6]) : 0.9020646031
43 : ([1, 2, 4], [3], [5, 6]) : 0.9079725533
44 : ([1, 3], [2, 4], [5, 6]) : 0.9045284037
45 : ([1], [2, 4], [3], [5, 6]) : 0.9041179584
46 : ([1, 4], [2, 3], [5, 6]) : 0.9297431093
47 : ([1, 4], [2], [3], [5, 6]) : 0.9027486382
48 : ([1, 2, 3], [4], [5, 6]) : 0.9342569142
49 : ([1], [2, 3], [4], [5, 6]) : 0.9296357524
50 : ([1, 3], [2], [4], [5, 6]) : 0.9018518123
51 : ([1, 2], [3], [4], [5, 6]) : 0.9031824842
52 : ([1], [2], [3], [4], [5, 6]) : 0.9015290243
53 : ([1, 2, 3, 4, 6], [5]) : 0.9391971665
54 : ([1, 5], [2, 3, 4, 6]) : 0.9306733091
55 : ([1], [2, 3, 4, 6], [5]) : 0.9299662479
56 : ([1, 3, 4, 6], [2, 5]) : 0.9077490481
57 : ([1, 3, 4, 6], [2], [5]) : 0.9054093298
58 : ([1, 2, 5], [3, 4, 6]) : 0.9103746195
59 : ([1], [2, 5], [3, 4, 6]) : 0.9048654006
60 : ([1, 5], [2], [3, 4, 6]) : 0.9028541631
61 : ([1, 2], [3, 4, 6], [5]) : 0.9067959306
62 : ([1], [2], [3, 4, 6], [5]) : 0.9020564292
63 : ([1, 2, 4, 6], [3, 5]) : 0.9110512875
64 : ([1, 2, 4, 6], [3], [5]) : 0.9106401840
65 : ([1, 3, 5], [2, 4, 6]) : 0.9051254726
66 : ([1], [2, 4, 6], [3, 5]) : 0.9038952306
67 : ([1, 5], [2, 4, 6], [3]) : 0.9041904558
68 : ([1, 3], [2, 4, 6], [5]) : 0.9032217289
69 : ([1], [2, 4, 6], [3], [5]) : 0.9031863779
70 : ([1, 4, 6], [2, 3, 5]) : 0.9309860014
71 : ([1, 4, 6], [2], [3, 5]) : 0.9032527347
72 : ([1, 4, 6], [2, 5], [3]) : 0.9051284759
73 : ([1, 4, 6], [2, 3], [5]) : 0.9283033547
74 : ([1, 4, 6], [2], [3], [5]) : 0.9027814402
75 : ([1, 2, 3, 5], [4, 6]) : 0.9379479452
76 : ([1], [2, 3, 5], [4, 6]) : 0.9296069827
77 : ([1, 3, 5], [2], [4, 6]) : 0.9022348707
78 : ([1, 2], [3, 5], [4, 6]) : 0.9046336742
79 : ([1], [2], [3, 5], [4, 6]) : 0.9009565560
80 : ([1, 2, 5], [3], [4, 6]) : 0.9079849626
81 : ([1, 3], [2, 5], [4, 6]) : 0.9029284848
82 : ([1], [2, 5], [3], [4, 6]) : 0.9029860758
83 : ([1, 5], [2, 3], [4, 6]) : 0.9277995926
84 : ([1, 5], [2], [3], [4, 6]) : 0.9013378965
85 : ([1, 2, 3], [4, 6], [5]) : 0.9346936964
86 : ([1], [2, 3], [4, 6], [5]) : 0.9270645223
87 : ([1, 3], [2], [4, 6], [5]) : 0.9004292439
88 : ([1, 2], [3], [4, 6], [5]) : 0.9042859519
89 : ([1], [2], [3], [4, 6], [5]) : 0.9004465310
90 : ([1, 2, 3, 6], [4, 5]) : 0.9398298544
91 : ([1, 2, 3, 6], [4], [5]) : 0.9264784133
92 : ([1, 4, 5], [2, 3, 6]) : 0.9366052987
93 : ([1], [2, 3, 6], [4, 5]) : 0.9349910946
94 : ([1, 5], [2, 3, 6], [4]) : 0.9181664668
95 : ([1, 4], [2, 3, 6], [5]) : 0.9173277016
96 : ([1], [2, 3, 6], [4], [5]) : 0.9173782449
97 : ([1, 3, 6], [2, 4, 5]) : 0.9127143900
98 : ([1, 3, 6], [2], [4, 5]) : 0.9076798116
99 : ([1, 3, 6], [2, 5], [4]) : 0.8961384209
100 : ([1, 3, 6], [2, 4], [5]) : 0.8964186940
101 : ([1, 3, 6], [2], [4], [5]) : 0.8938741377
102 : ([1, 2, 4, 5], [3, 6]) : 0.9152516357
103 : ([1], [2, 4, 5], [3, 6]) : 0.9099492616
104 : ([1, 4, 5], [2], [3, 6]) : 0.9063735498
105 : ([1, 2], [3, 6], [4, 5]) : 0.9053547157
106 : ([1], [2], [3, 6], [4, 5]) : 0.9043952907
107 : ([1, 2, 5], [3, 6], [4]) : 0.8983440270
108 : ([1, 4], [2, 5], [3, 6]) : 0.8940833956
109 : ([1], [2, 5], [3, 6], [4]) : 0.8936423908
110 : ([1, 5], [2, 4], [3, 6]) : 0.8948991002
111 : ([1, 5], [2], [3, 6], [4]) : 0.8921769883
112 : ([1, 2, 4], [3, 6], [5]) : 0.8982085548
113 : ([1], [2, 4], [3, 6], [5]) : 0.8936009679
114 : ([1, 4], [2], [3, 6], [5]) : 0.8915238870
115 : ([1, 2], [3, 6], [4], [5]) : 0.8943582609
116 : ([1], [2], [3, 6], [4], [5]) : 0.8910637079
117 : ([1, 2, 6], [3, 4, 5]) : 0.9114380032
118 : ([1, 2, 6], [3], [4, 5]) : 0.9080708239
119 : ([1, 2, 6], [3, 5], [4]) : 0.8976798293
120 : ([1, 2, 6], [3, 4], [5]) : 0.8985483762
121 : ([1, 2, 6], [3], [4], [5]) : 0.8970481906
122 : ([1, 3, 4, 5], [2, 6]) : 0.9113851452
123 : ([1], [2, 6], [3, 4, 5]) : 0.9080313660
124 : ([1, 4, 5], [2, 6], [3]) : 0.9074007069
125 : ([1, 3], [2, 6], [4, 5]) : 0.9052980375
126 : ([1], [2, 6], [3], [4, 5]) : 0.9050409038
127 : ([1, 3, 5], [2, 6], [4]) : 0.8943058925
128 : ([1, 4], [2, 6], [3, 5]) : 0.8930248244
129 : ([1], [2, 6], [3, 5], [4]) : 0.8924288977
130 : ([1, 5], [2, 6], [3, 4]) : 0.8939476215
131 : ([1, 5], [2, 6], [3], [4]) : 0.8929827062
132 : ([1, 3, 4], [2, 6], [5]) : 0.8931718585
133 : ([1], [2, 6], [3, 4], [5]) : 0.8924373393
134 : ([1, 4], [2, 6], [3], [5]) : 0.8921228418
135 : ([1, 3], [2, 6], [4], [5]) : 0.8916680913
136 : ([1], [2, 6], [3], [4], [5]) : 0.8915934184
137 : ([1, 6], [2, 3, 4, 5]) : 0.9411975559
138 : ([1, 6], [2], [3, 4, 5]) : 0.9086067234
139 : ([1, 6], [2, 4, 5], [3]) : 0.9112717929
140 : ([1, 6], [2, 3], [4, 5]) : 0.9351898415
141 : ([1, 6], [2], [3], [4, 5]) : 0.9056781700
142 : ([1, 6], [2, 3, 5], [4]) : 0.9218530464
143 : ([1, 6], [2, 4], [3, 5]) : 0.8959330355
144 : ([1, 6], [2], [3, 5], [4]) : 0.8931506020
145 : ([1, 6], [2, 5], [3, 4]) : 0.8965977432
146 : ([1, 6], [2, 5], [3], [4]) : 0.8951437007
147 : ([1, 6], [2, 3, 4], [5]) : 0.9214386616
148 : ([1, 6], [2], [3, 4], [5]) : 0.8931981105
149 : ([1, 6], [2, 4], [3], [5]) : 0.8948380748
150 : ([1, 6], [2, 3], [4], [5]) : 0.9185164421
151 : ([1, 6], [2], [3], [4], [5]) : 0.8923095330
152 : ([1, 2, 3, 4, 5], [6]) : 0.9470718111
153 : ([1], [2, 3, 4, 5], [6]) : 0.9405421031
154 : ([1, 3, 4, 5], [2], [6]) : 0.9103638645
155 : ([1, 2], [3, 4, 5], [6]) : 0.9085529802
156 : ([1], [2], [3, 4, 5], [6]) : 0.9072077298
157 : ([1, 2, 4, 5], [3], [6]) : 0.9152308479
158 : ([1, 3], [2, 4, 5], [6]) : 0.9101817619
159 : ([1], [2, 4, 5], [3], [6]) : 0.9099270349
160 : ([1, 4, 5], [2, 3], [6]) : 0.9360322477
161 : ([1, 4, 5], [2], [3], [6]) : 0.9062120101
162 : ([1, 2, 3], [4, 5], [6]) : 0.9382275204
163 : ([1], [2, 3], [4, 5], [6]) : 0.9345995100
164 : ([1, 3], [2], [4, 5], [6]) : 0.9046033169
165 : ([1, 2], [3], [4, 5], [6]) : 0.9051600015
166 : ([1], [2], [3], [4, 5], [6]) : 0.9042067791
167 : ([1, 2, 3, 5], [4], [6]) : 0.9289769700
168 : ([1, 4], [2, 3, 5], [6]) : 0.9208338976
169 : ([1], [2, 3, 5], [4], [6]) : 0.9207252106
170 : ([1, 3, 5], [2, 4], [6]) : 0.8964743591
171 : ([1, 3, 5], [2], [4], [6]) : 0.8933614800
172 : ([1, 2, 4], [3, 5], [6]) : 0.8991114134
173 : ([1], [2, 4], [3, 5], [6]) : 0.8945527191
174 : ([1, 4], [2], [3, 5], [6]) : 0.8921827585
175 : ([1, 2], [3, 5], [4], [6]) : 0.8947355143
176 : ([1], [2], [3, 5], [4], [6]) : 0.8915990040
177 : ([1, 2, 5], [3, 4], [6]) : 0.8994137148
178 : ([1, 2, 5], [3], [4], [6]) : 0.8980595601
179 : ([1, 3, 4], [2, 5], [6]) : 0.8953708592
180 : ([1], [2, 5], [3, 4], [6]) : 0.8946881937
181 : ([1, 4], [2, 5], [3], [6]) : 0.8939349136
182 : ([1, 3], [2, 5], [4], [6]) : 0.8934878386
183 : ([1], [2, 5], [3], [4], [6]) : 0.8934499196
184 : ([1, 5], [2, 3, 4], [6]) : 0.9213149850
185 : ([1, 5], [2], [3, 4], [6]) : 0.8927130728
186 : ([1, 5], [2, 4], [3], [6]) : 0.8947507657
187 : ([1, 5], [2, 3], [4], [6]) : 0.9181142508
188 : ([1, 5], [2], [3], [4], [6]) : 0.8918812478
189 : ([1, 2, 3, 4], [5], [6]) : 0.9273304715
190 : ([1], [2, 3, 4], [5], [6]) : 0.9204556779
191 : ([1, 3, 4], [2], [5], [6]) : 0.8924110131
192 : ([1, 2], [3, 4], [5], [6]) : 0.8950494733
193 : ([1], [2], [3, 4], [5], [6]) : 0.8914942958
194 : ([1, 2, 4], [3], [5], [6]) : 0.8980316570
195 : ([1, 3], [2, 4], [5], [6]) : 0.8937653662
196 : ([1], [2, 4], [3], [5], [6]) : 0.8934383040
197 : ([1, 4], [2, 3], [5], [6]) : 0.9173942206
198 : ([1, 4], [2], [3], [5], [6]) : 0.8912442755
199 : ([1, 2, 3], [4], [5], [6]) : 0.9246139212
200 : ([1], [2, 3], [4], [5], [6]) : 0.9174320280
201 : ([1, 3], [2], [4], [5], [6]) : 0.8909271918
202 : ([1, 2], [3], [4], [5], [6]) : 0.8940023464
203 : ([1], [2], [3], [4], [5], [6]) : 0.8907407175
