=== Bootstrap seed: 88 ===
1 : ([1, 2, 3, 4, 5, 6],) : 0.9673444421
2 : ([1], [2, 3, 4, 5, 6]) : 0.9616126341
3 : ([1, 3, 4, 5, 6], [2]) : 0.9369010543
4 : ([1, 2], [3, 4, 5, 6]) : 0.9331341072
5 : ([1], [2], [3, 4, 5, 6]) : 0.9318194407
6 : ([1, 2, 4, 5, 6], [3]) : 0.9374190177
7 : ([1, 3], [2, 4, 5, 6]) : 0.9307667077
8 : ([1], [2, 4, 5, 6], [3]) : 0.9300549477
9 : ([1, 4, 5, 6], [2, 3]) : 0.9609995580
10 : ([1, 4, 5, 6], [2], [3]) : 0.9323610765
11 : ([1, 2, 3], [4, 5, 6]) : 0.9607629787
12 : ([1], [2, 3], [4, 5, 6]) : 0.9590679431
13 : ([1, 3], [2], [4, 5, 6]) : 0.9294577357
14 : ([1, 2], [3], [4, 5, 6]) : 0.9295628790
15 : ([1], [2], [3], [4, 5, 6]) : 0.9286394767
16 : ([1, 2, 3, 5, 6], [4]) : 0.9432184871
17 : ([1, 4], [2, 3, 5, 6]) : 0.9332935262
18 : ([1], [2, 3, 5, 6], [4]) : 0.9326733823
19 : ([1, 3, 5, 6], [2, 4]) : 0.9065144069
20 : ([1, 3, 5, 6], [2], [4]) : 0.9049995672
21 : ([1, 2, 4], [3, 5, 6]) : 0.9069429110
22 : ([1], [2, 4], [3, 5, 6]) : 0.9013765481
23 : ([1, 4], [2], [3, 5, 6]) : 0.9014948417
24 : ([1, 2], [3, 5, 6], [4]) : 0.9020838493
25 : ([1], [2], [3, 5, 6], [4]) : 0.8993876159
26 : ([1, 2, 5, 6], [3, 4]) : 0.9059540689
27 : ([1, 2, 5, 6], [3], [4]) : 0.9054897504
28 : ([1, 3, 4], [2, 5, 6]) : 0.9035737496
29 : ([1], [2, 5, 6], [3, 4]) : 0.9000719404
30 : ([1, 4], [2, 5, 6], [3]) : 0.9021666088
31 : ([1, 3], [2, 5, 6], [4]) : 0.9010439499
32 : ([1], [2, 5, 6], [3], [4]) : 0.8997788058
33 : ([1, 5, 6], [2, 3, 4]) : 0.9340848640
34 : ([1, 5, 6], [2], [3, 4]) : 0.9014471037
35 : ([1, 5, 6], [2, 4], [3]) : 0.9035925646
36 : ([1, 5, 6], [2, 3], [4]) : 0.9317576224
37 : ([1, 5, 6], [2], [3], [4]) : 0.9010912336
38 : ([1, 2, 3, 4], [5, 6]) : 0.9366226867
39 : ([1], [2, 3, 4], [5, 6]) : 0.9314893401
40 : ([1, 3, 4], [2], [5, 6]) : 0.9023983290
41 : ([1, 2], [3, 4], [5, 6]) : 0.9016839129
42 : ([1], [2], [3, 4], [5, 6]) : 0.8988398068
43 : ([1, 2, 4], [3], [5, 6]) : 0.9064481004
44 : ([1, 3], [2, 4], [5, 6]) : 0.9017832959
45 : ([1], [2, 4], [3], [5, 6]) : 0.9006462118
46 : ([1, 4], [2, 3], [5, 6]) : 0.9303815693
47 : ([1, 4], [2], [3], [5, 6]) : 0.9007917877
48 : ([1, 2, 3], [4], [5, 6]) : 0.9340844318
49 : ([1], [2, 3], [4], [5, 6]) : 0.9295544414
50 : ([1, 3], [2], [4], [5, 6]) : 0.8999275591
51 : ([1, 2], [3], [4], [5, 6]) : 0.9014116236
52 : ([1], [2], [3], [4], [5, 6]) : 0.8985979392
53 : ([1, 2, 3, 4, 6], [5]) : 0.9394416724
54 : ([1, 5], [2, 3, 4, 6]) : 0.9351104171
55 : ([1], [2, 3, 4, 6], [5]) : 0.9342452868
56 : ([1, 3, 4, 6], [2, 5]) : 0.9096436873
57 : ([1, 3, 4, 6], [2], [5]) : 0.9084432178
58 : ([1, 2, 5], [3, 4, 6]) : 0.9086503228
59 : ([1], [2, 5], [3, 4, 6]) : 0.9041100811
60 : ([1, 5], [2], [3, 4, 6]) : 0.9029125890
61 : ([1, 2], [3, 4, 6], [5]) : 0.9053688559
62 : ([1], [2], [3, 4, 6], [5]) : 0.9025985828
63 : ([1, 2, 4, 6], [3, 5]) : 0.9094554774
64 : ([1, 2, 4, 6], [3], [5]) : 0.9093798329
65 : ([1, 3, 5], [2, 4, 6]) : 0.9038501643
66 : ([1], [2, 4, 6], [3, 5]) : 0.9022331948
67 : ([1, 5], [2, 4, 6], [3]) : 0.9026229260
68 : ([1, 3], [2, 4, 6], [5]) : 0.9029879154
69 : ([1], [2, 4, 6], [3], [5]) : 0.9022355446
70 : ([1, 4, 6], [2, 3, 5]) : 0.9346305467
71 : ([1, 4, 6], [2], [3, 5]) : 0.9046574931
72 : ([1, 4, 6], [2, 5], [3]) : 0.9057621937
73 : ([1, 4, 6], [2, 3], [5]) : 0.9328933318
74 : ([1, 4, 6], [2], [3], [5]) : 0.9045089666
75 : ([1, 2, 3, 5], [4, 6]) : 0.9382490464
76 : ([1], [2, 3, 5], [4, 6]) : 0.9332075686
77 : ([1, 3, 5], [2], [4, 6]) : 0.9022931384
78 : ([1, 2], [3, 5], [4, 6]) : 0.9026316500
79 : ([1], [2], [3, 5], [4, 6]) : 0.9003532914
80 : ([1, 2, 5], [3], [4, 6]) : 0.9059474929
81 : ([1, 3], [2, 5], [4, 6]) : 0.9022974644
82 : ([1], [2, 5], [3], [4, 6]) : 0.9016667029
83 : ([1, 5], [2, 3], [4, 6]) : 0.9321430362
84 : ([1, 5], [2], [3], [4, 6]) : 0.9006154121
85 : ([1, 2, 3], [4, 6], [5]) : 0.9351473780
86 : ([1], [2, 3], [4, 6], [5]) : 0.9313018553
87 : ([1, 3], [2], [4, 6], [5]) : 0.9011092891
88 : ([1, 2], [3], [4, 6], [5]) : 0.9025559999
89 : ([1], [2], [3], [4, 6], [5]) : 0.9002670119
90 : ([1, 2, 3, 6], [4, 5]) : 0.9439363155
91 : ([1, 2, 3, 6], [4], [5]) : 0.9284800260
92 : ([1, 4, 5], [2, 3, 6]) : 0.9405764659
93 : ([1], [2, 3, 6], [4, 5]) : 0.9387167295
94 : ([1, 5], [2, 3, 6], [4]) : 0.9228972631
95 : ([1, 4], [2, 3, 6], [5]) : 0.9227205578
96 : ([1], [2, 3, 6], [4], [5]) : 0.9220265615
97 : ([1, 3, 6], [2, 4, 5]) : 0.9100044821
98 : ([1, 3, 6], [2], [4, 5]) : 0.9078016823
99 : ([1, 3, 6], [2, 5], [4]) : 0.8941151159
100 : ([1, 3, 6], [2, 4], [5]) : 0.8947060266
101 : ([1, 3, 6], [2], [4], [5]) : 0.8929675652
102 : ([1, 2, 4, 5], [3, 6]) : 0.9141262082
103 : ([1], [2, 4, 5], [3, 6]) : 0.9068186181
104 : ([1, 4, 5], [2], [3, 6]) : 0.9067406023
105 : ([1, 2], [3, 6], [4, 5]) : 0.9062664964
106 : ([1], [2], [3, 6], [4, 5]) : 0.9039773523
107 : ([1, 2, 5], [3, 6], [4]) : 0.8957707948
108 : ([1, 4], [2, 5], [3, 6]) : 0.8929025973
109 : ([1], [2, 5], [3, 6], [4]) : 0.8907130881
110 : ([1, 5], [2, 4], [3, 6]) : 0.8917377910
111 : ([1, 5], [2], [3, 6], [4]) : 0.8896095540
112 : ([1, 2, 4], [3, 6], [5]) : 0.8976393515
113 : ([1], [2, 4], [3, 6], [5]) : 0.8912532425
114 : ([1, 4], [2], [3, 6], [5]) : 0.8912540146
115 : ([1, 2], [3, 6], [4], [5]) : 0.8930272920
116 : ([1], [2], [3, 6], [4], [5]) : 0.8892376857
117 : ([1, 2, 6], [3, 4, 5]) : 0.9106541334
118 : ([1, 2, 6], [3], [4, 5]) : 0.9078309914
119 : ([1, 2, 6], [3, 5], [4]) : 0.8953219307
120 : ([1, 2, 6], [3, 4], [5]) : 0.8957297968
121 : ([1, 2, 6], [3], [4], [5]) : 0.8951303436
122 : ([1, 3, 4, 5], [2, 6]) : 0.9098433245
123 : ([1], [2, 6], [3, 4, 5]) : 0.9067791162
124 : ([1, 4, 5], [2, 6], [3]) : 0.9069932178
125 : ([1, 3], [2, 6], [4, 5]) : 0.9049543321
126 : ([1], [2, 6], [3], [4, 5]) : 0.9045703751
127 : ([1, 3, 5], [2, 6], [4]) : 0.8922145159
128 : ([1, 4], [2, 6], [3, 5]) : 0.8924704404
129 : ([1], [2, 6], [3, 5], [4]) : 0.8905352525
130 : ([1, 5], [2, 6], [3, 4]) : 0.8914503238
131 : ([1, 5], [2, 6], [3], [4]) : 0.8907605128
132 : ([1, 3, 4], [2, 6], [5]) : 0.8935784116
133 : ([1], [2, 6], [3, 4], [5]) : 0.8910570313
134 : ([1, 4], [2, 6], [3], [5]) : 0.8922557132
135 : ([1, 3], [2, 6], [4], [5]) : 0.8910982277
136 : ([1], [2, 6], [3], [4], [5]) : 0.8904035262
137 : ([1, 6], [2, 3, 4, 5]) : 0.9411767940
138 : ([1, 6], [2], [3, 4, 5]) : 0.9073070584
139 : ([1, 6], [2, 4, 5], [3]) : 0.9080714885
140 : ([1, 6], [2, 3], [4, 5]) : 0.9385003208
141 : ([1, 6], [2], [3], [4, 5]) : 0.9050726187
142 : ([1, 6], [2, 3, 5], [4]) : 0.9241071329
143 : ([1, 6], [2, 4], [3, 5]) : 0.8933360566
144 : ([1, 6], [2], [3, 5], [4]) : 0.8910190507
145 : ([1, 6], [2, 5], [3, 4]) : 0.8927013728
146 : ([1, 6], [2, 5], [3], [4]) : 0.8921469302
147 : ([1, 6], [2, 3, 4], [5]) : 0.9243904625
148 : ([1, 6], [2], [3, 4], [5]) : 0.8913384391
149 : ([1, 6], [2, 4], [3], [5]) : 0.8931305765
150 : ([1, 6], [2, 3], [4], [5]) : 0.9214267490
151 : ([1, 6], [2], [3], [4], [5]) : 0.8907400218
152 : ([1, 2, 3, 4, 5], [6]) : 0.9467941552
153 : ([1], [2, 3, 4, 5], [6]) : 0.9406207470
154 : ([1, 3, 4, 5], [2], [6]) : 0.9090591191
155 : ([1, 2], [3, 4, 5], [6]) : 0.9085763320
156 : ([1], [2], [3, 4, 5], [6]) : 0.9057629480
157 : ([1, 2, 4, 5], [3], [6]) : 0.9137277761
158 : ([1, 3], [2, 4, 5], [6]) : 0.9070781924
159 : ([1], [2, 4, 5], [3], [6]) : 0.9064753118
160 : ([1, 4, 5], [2, 3], [6]) : 0.9398733558
161 : ([1, 4, 5], [2], [3], [6]) : 0.9063679432
162 : ([1, 2, 3], [4, 5], [6]) : 0.9421212480
163 : ([1], [2, 3], [4, 5], [6]) : 0.9379601793
164 : ([1, 3], [2], [4, 5], [6]) : 0.9040647959
165 : ([1, 2], [3], [4, 5], [6]) : 0.9060274297
166 : ([1], [2], [3], [4, 5], [6]) : 0.9037512816
167 : ([1, 2, 3, 5], [4], [6]) : 0.9304098534
168 : ([1, 4], [2, 3, 5], [6]) : 0.9244326640
169 : ([1], [2, 3, 5], [4], [6]) : 0.9237516731
170 : ([1, 3, 5], [2, 4], [6]) : 0.8927864745
171 : ([1, 3, 5], [2], [4], [6]) : 0.8910426197
172 : ([1, 2, 4], [3, 5], [6]) : 0.8976229812
173 : ([1], [2, 4], [3, 5], [6]) : 0.8913875379
174 : ([1, 4], [2], [3, 5], [6]) : 0.8914785416
175 : ([1, 2], [3, 5], [4], [6]) : 0.8931469012
176 : ([1], [2], [3, 5], [4], [6]) : 0.8894461501
177 : ([1, 2, 5], [3, 4], [6]) : 0.8962850954
178 : ([1, 2, 5], [3], [4], [6]) : 0.8957058556
179 : ([1, 3, 4], [2, 5], [6]) : 0.8939420997
180 : ([1], [2, 5], [3, 4], [6]) : 0.8912618115
181 : ([1, 4], [2, 5], [3], [6]) : 0.8929386395
182 : ([1, 3], [2, 5], [4], [6]) : 0.8912366341
183 : ([1], [2, 5], [3], [4], [6]) : 0.8907725948
184 : ([1, 5], [2, 3, 4], [6]) : 0.9246747659
185 : ([1, 5], [2], [3, 4], [6]) : 0.8902211438
186 : ([1, 5], [2, 4], [3], [6]) : 0.8917077405
187 : ([1, 5], [2, 3], [4], [6]) : 0.9217135318
188 : ([1, 5], [2], [3], [4], [6]) : 0.8895983988
189 : ([1, 2, 3, 4], [5], [6]) : 0.9300115441
190 : ([1], [2, 3, 4], [5], [6]) : 0.9237843200
191 : ([1, 3, 4], [2], [5], [6]) : 0.8924884330
192 : ([1, 2], [3, 4], [5], [6]) : 0.8934896247
193 : ([1], [2], [3, 4], [5], [6]) : 0.8898357689
194 : ([1, 2, 4], [3], [5], [6]) : 0.8974411840
195 : ([1, 3], [2, 4], [5], [6]) : 0.8919139932
196 : ([1], [2, 4], [3], [5], [6]) : 0.8912759862
197 : ([1, 4], [2, 3], [5], [6]) : 0.9217310098
198 : ([1, 4], [2], [3], [5], [6]) : 0.8912298441
199 : ([1, 2, 3], [4], [5], [6]) : 0.9265897015
200 : ([1], [2, 3], [4], [5], [6]) : 0.9209582555
201 : ([1, 3], [2], [4], [5], [6]) : 0.8898671136
202 : ([1, 2], [3], [4], [5], [6]) : 0.8929655968
203 : ([1], [2], [3], [4], [5], [6]) : 0.8892718960
