=== Bootstrap seed: 30 ===
1 : ([1, 2, 3, 4, 5, 6],) : 0.9600740551
2 : ([1], [2, 3, 4, 5, 6]) : 0.9539002309
3 : ([1, 3, 4, 5, 6], [2]) : 0.9220835543
4 : ([1, 2], [3, 4, 5, 6]) : 0.9179288781
5 : ([1], [2], [3, 4, 5, 6]) : 0.9168795124
6 : ([1, 2, 4, 5, 6], [3]) : 0.9228508343
7 : ([1, 3], [2, 4, 5, 6]) : 0.9175077505
8 : ([1], [2, 4, 5, 6], [3]) : 0.9172272744
9 : ([1, 4, 5, 6], [2, 3]) : 0.9515649405
10 : ([1, 4, 5, 6], [2], [3]) : 0.9172305482
11 : ([1, 2, 3], [4, 5, 6]) : 0.9527156921
12 : ([1], [2, 3], [4, 5, 6]) : 0.9498739100
13 : ([1, 3], [2], [4, 5, 6]) : 0.9150935572
14 : ([1, 2], [3], [4, 5, 6]) : 0.9158652817
15 : ([1], [2], [3], [4, 5, 6]) : 0.9147902320
16 : ([1, 2, 3, 5, 6], [4]) : 0.9335459080
17 : ([1, 4], [2, 3, 5, 6]) : 0.9280258811
18 : ([1], [2, 3, 5, 6], [4]) : 0.9274525230
19 : ([1, 3, 5, 6], [2, 4]) : 0.8984490712
20 : ([1, 3, 5, 6], [2], [4]) : 0.8963302855
21 : ([1, 2, 4], [3, 5, 6]) : 0.8978751161
22 : ([1], [2, 4], [3, 5, 6]) : 0.8949642299
23 : ([1, 4], [2], [3, 5, 6]) : 0.8930387258
24 : ([1, 2], [3, 5, 6], [4]) : 0.8960950646
25 : ([1], [2], [3, 5, 6], [4]) : 0.8930081907
26 : ([1, 2, 5, 6], [3, 4]) : 0.8990820902
27 : ([1, 2, 5, 6], [3], [4]) : 0.8985041546
28 : ([1, 3, 4], [2, 5, 6]) : 0.8940752684
29 : ([1], [2, 5, 6], [3, 4]) : 0.8932154118
30 : ([1, 4], [2, 5, 6], [3]) : 0.8924900830
31 : ([1, 3], [2, 5, 6], [4]) : 0.8928319355
32 : ([1], [2, 5, 6], [3], [4]) : 0.8924325402
33 : ([1, 5, 6], [2, 3, 4]) : 0.9285641032
34 : ([1, 5, 6], [2], [3, 4]) : 0.8934828981
35 : ([1, 5, 6], [2, 4], [3]) : 0.8950380653
36 : ([1, 5, 6], [2, 3], [4]) : 0.9250035416
37 : ([1, 5, 6], [2], [3], [4]) : 0.8926699494
38 : ([1, 2, 3, 4], [5, 6]) : 0.9331192852
39 : ([1], [2, 3, 4], [5, 6]) : 0.9280830517
40 : ([1, 3, 4], [2], [5, 6]) : 0.8927768738
41 : ([1, 2], [3, 4], [5, 6]) : 0.8949564393
42 : ([1], [2], [3, 4], [5, 6]) : 0.8919438538
43 : ([1, 2, 4], [3], [5, 6]) : 0.8960122727
44 : ([1, 3], [2, 4], [5, 6]) : 0.8936896408
45 : ([1], [2, 4], [3], [5, 6]) : 0.8932064342
46 : ([1, 4], [2, 3], [5, 6]) : 0.9247442774
47 : ([1, 4], [2], [3], [5, 6]) : 0.8910815061
48 : ([1, 2, 3], [4], [5, 6]) : 0.9288835762
49 : ([1], [2, 3], [4], [5, 6]) : 0.9243536839
50 : ([1, 3], [2], [4], [5, 6]) : 0.8915755487
51 : ([1, 2], [3], [4], [5, 6]) : 0.8941850951
52 : ([1], [2], [3], [4], [5, 6]) : 0.8910996695
53 : ([1, 2, 3, 4, 6], [5]) : 0.9344006629
54 : ([1, 5], [2, 3, 4, 6]) : 0.9287465442
55 : ([1], [2, 3, 4, 6], [5]) : 0.9287786671
56 : ([1, 3, 4, 6], [2, 5]) : 0.8983616478
57 : ([1, 3, 4, 6], [2], [5]) : 0.8976962003
58 : ([1, 2, 5], [3, 4, 6]) : 0.8998030813
59 : ([1], [2, 5], [3, 4, 6]) : 0.8956140274
60 : ([1, 5], [2], [3, 4, 6]) : 0.8954105676
61 : ([1, 2], [3, 4, 6], [5]) : 0.8979055884
62 : ([1], [2], [3, 4, 6], [5]) : 0.8949333955
63 : ([1, 2, 4, 6], [3, 5]) : 0.9003094870
64 : ([1, 2, 4, 6], [3], [5]) : 0.8992245809
65 : ([1, 3, 5], [2, 4, 6]) : 0.8960277116
66 : ([1], [2, 4, 6], [3, 5]) : 0.8944908296
67 : ([1, 5], [2, 4, 6], [3]) : 0.8943856868
68 : ([1, 3], [2, 4, 6], [5]) : 0.8939962973
69 : ([1], [2, 4, 6], [3], [5]) : 0.8936307291
70 : ([1, 4, 6], [2, 3, 5]) : 0.9247279727
71 : ([1, 4, 6], [2], [3, 5]) : 0.8942367067
72 : ([1, 4, 6], [2, 5], [3]) : 0.8939790521
73 : ([1, 4, 6], [2, 3], [5]) : 0.9229155246
74 : ([1, 4, 6], [2], [3], [5]) : 0.8932267863
75 : ([1, 2, 3, 5], [4, 6]) : 0.9294253230
76 : ([1], [2, 3, 5], [4, 6]) : 0.9234385828
77 : ([1, 3, 5], [2], [4, 6]) : 0.8936473864
78 : ([1, 2], [3, 5], [4, 6]) : 0.8956719041
79 : ([1], [2], [3, 5], [4, 6]) : 0.8923075018
80 : ([1, 2, 5], [3], [4, 6]) : 0.8964902278
81 : ([1, 3], [2, 5], [4, 6]) : 0.8923461576
82 : ([1], [2, 5], [3], [4, 6]) : 0.8919461191
83 : ([1, 5], [2, 3], [4, 6]) : 0.9215975589
84 : ([1, 5], [2], [3], [4, 6]) : 0.8918633732
85 : ([1, 2, 3], [4, 6], [5]) : 0.9268520050
86 : ([1], [2, 3], [4, 6], [5]) : 0.9216022014
87 : ([1, 3], [2], [4, 6], [5]) : 0.8917918939
88 : ([1, 2], [3], [4, 6], [5]) : 0.8946401584
89 : ([1], [2], [3], [4, 6], [5]) : 0.8913378302
90 : ([1, 2, 3, 6], [4, 5]) : 0.9367425418
91 : ([1, 2, 3, 6], [4], [5]) : 0.9236476829
92 : ([1, 4, 5], [2, 3, 6]) : 0.9336957958
93 : ([1], [2, 3, 6], [4, 5]) : 0.9318319950
94 : ([1, 5], [2, 3, 6], [4]) : 0.9171687865
95 : ([1, 4], [2, 3, 6], [5]) : 0.9180582481
96 : ([1], [2, 3, 6], [4], [5]) : 0.9170931807
97 : ([1, 3, 6], [2, 4, 5]) : 0.9009490296
98 : ([1, 3, 6], [2], [4, 5]) : 0.8975568388
99 : ([1, 3, 6], [2, 5], [4]) : 0.8867586946
100 : ([1, 3, 6], [2, 4], [5]) : 0.8886055000
101 : ([1, 3, 6], [2], [4], [5]) : 0.8861779616
102 : ([1, 2, 4, 5], [3, 6]) : 0.9042484382
103 : ([1], [2, 4, 5], [3, 6]) : 0.8983162352
104 : ([1, 4, 5], [2], [3, 6]) : 0.8965355328
105 : ([1, 2], [3, 6], [4, 5]) : 0.8980538821
106 : ([1], [2], [3, 6], [4, 5]) : 0.8952804975
107 : ([1, 2, 5], [3, 6], [4]) : 0.8903405090
108 : ([1, 4], [2, 5], [3, 6]) : 0.8850677912
109 : ([1], [2, 5], [3, 6], [4]) : 0.8847466631
110 : ([1, 5], [2, 4], [3, 6]) : 0.8874835309
111 : ([1, 5], [2], [3, 6], [4]) : 0.8847096825
112 : ([1, 2, 4], [3, 6], [5]) : 0.8904579200
113 : ([1], [2, 4], [3, 6], [5]) : 0.8865814508
114 : ([1, 4], [2], [3, 6], [5]) : 0.8844616663
115 : ([1, 2], [3, 6], [4], [5]) : 0.8884220572
116 : ([1], [2], [3, 6], [4], [5]) : 0.8841667072
117 : ([1, 2, 6], [3, 4, 5]) : 0.9026487965
118 : ([1, 2, 6], [3], [4, 5]) : 0.9006191747
119 : ([1, 2, 6], [3, 5], [4]) : 0.8925981441
120 : ([1, 2, 6], [3, 4], [5]) : 0.8919337847
121 : ([1, 2, 6], [3], [4], [5]) : 0.8911330010
122 : ([1, 3, 4, 5], [2, 6]) : 0.9002698367
123 : ([1], [2, 6], [3, 4, 5]) : 0.8979830962
124 : ([1, 4, 5], [2, 6], [3]) : 0.8972593135
125 : ([1, 3], [2, 6], [4, 5]) : 0.8965461981
126 : ([1], [2, 6], [3], [4, 5]) : 0.8960724875
127 : ([1, 3, 5], [2, 6], [4]) : 0.8872432519
128 : ([1, 4], [2, 6], [3, 5]) : 0.8862867690
129 : ([1], [2, 6], [3, 5], [4]) : 0.8860003569
130 : ([1, 5], [2, 6], [3, 4]) : 0.8862262980
131 : ([1, 5], [2, 6], [3], [4]) : 0.8851612576
132 : ([1, 3, 4], [2, 6], [5]) : 0.8868336945
133 : ([1], [2, 6], [3, 4], [5]) : 0.8856494864
134 : ([1, 4], [2, 6], [3], [5]) : 0.8849029113
135 : ([1, 3], [2, 6], [4], [5]) : 0.8852455207
136 : ([1], [2, 6], [3], [4], [5]) : 0.8846610814
137 : ([1, 6], [2, 3, 4, 5]) : 0.9348778641
138 : ([1, 6], [2], [3, 4, 5]) : 0.8980147209
139 : ([1, 6], [2, 4, 5], [3]) : 0.8991925710
140 : ([1, 6], [2, 3], [4, 5]) : 0.9304131816
141 : ([1, 6], [2], [3], [4, 5]) : 0.8958994661
142 : ([1, 6], [2, 3, 5], [4]) : 0.9182184598
143 : ([1, 6], [2, 4], [3, 5]) : 0.8882749475
144 : ([1, 6], [2], [3, 5], [4]) : 0.8858585794
145 : ([1, 6], [2, 5], [3, 4]) : 0.8860402189
146 : ([1, 6], [2, 5], [3], [4]) : 0.8850698525
147 : ([1, 6], [2, 3, 4], [5]) : 0.9207585782
148 : ([1, 6], [2], [3, 4], [5]) : 0.8855183632
149 : ([1, 6], [2, 4], [3], [5]) : 0.8870670281
150 : ([1, 6], [2, 3], [4], [5]) : 0.9161494058
151 : ([1, 6], [2], [3], [4], [5]) : 0.8845069796
152 : ([1, 2, 3, 4, 5], [6]) : 0.9437329280
153 : ([1], [2, 3, 4, 5], [6]) : 0.9347423084
154 : ([1, 3, 4, 5], [2], [6]) : 0.8993701695
155 : ([1, 2], [3, 4, 5], [6]) : 0.8999078860
156 : ([1], [2], [3, 4, 5], [6]) : 0.8970153825
157 : ([1, 2, 4, 5], [3], [6]) : 0.9040558110
158 : ([1, 3], [2, 4, 5], [6]) : 0.8985795289
159 : ([1], [2, 4, 5], [3], [6]) : 0.8979011441
160 : ([1, 4, 5], [2, 3], [6]) : 0.9320893015
161 : ([1, 4, 5], [2], [3], [6]) : 0.8961369262
162 : ([1, 2, 3], [4, 5], [6]) : 0.9351974460
163 : ([1], [2, 3], [4, 5], [6]) : 0.9302167174
164 : ([1, 3], [2], [4, 5], [6]) : 0.8954310902
165 : ([1, 2], [3], [4, 5], [6]) : 0.8977549379
166 : ([1], [2], [3], [4, 5], [6]) : 0.8948974692
167 : ([1, 2, 3, 5], [4], [6]) : 0.9245502640
168 : ([1, 4], [2, 3, 5], [6]) : 0.9188039520
169 : ([1], [2, 3, 5], [4], [6]) : 0.9178162393
170 : ([1, 3, 5], [2, 4], [6]) : 0.8889519723
171 : ([1, 3, 5], [2], [4], [6]) : 0.8862087859
172 : ([1, 2, 4], [3, 5], [6]) : 0.8914097522
173 : ([1], [2, 4], [3, 5], [6]) : 0.8872247845
174 : ([1, 4], [2], [3, 5], [6]) : 0.8851846968
175 : ([1, 2], [3, 5], [4], [6]) : 0.8893025712
176 : ([1], [2], [3, 5], [4], [6]) : 0.8848676117
177 : ([1, 2, 5], [3, 4], [6]) : 0.8907761429
178 : ([1, 2, 5], [3], [4], [6]) : 0.8897738067
179 : ([1, 3, 4], [2, 5], [6]) : 0.8861721970
180 : ([1], [2, 5], [3, 4], [6]) : 0.8850536224
181 : ([1, 4], [2, 5], [3], [6]) : 0.8842540728
182 : ([1, 3], [2, 5], [4], [6]) : 0.8845624494
183 : ([1], [2, 5], [3], [4], [6]) : 0.8839765522
184 : ([1, 5], [2, 3, 4], [6]) : 0.9205674232
185 : ([1, 5], [2], [3, 4], [6]) : 0.8852762410
186 : ([1, 5], [2, 4], [3], [6]) : 0.8869535410
187 : ([1, 5], [2, 3], [4], [6]) : 0.9157428725
188 : ([1, 5], [2], [3], [4], [6]) : 0.8840883019
189 : ([1, 2, 3, 4], [5], [6]) : 0.9272250840
190 : ([1], [2, 3, 4], [5], [6]) : 0.9204749520
191 : ([1, 3, 4], [2], [5], [6]) : 0.8857736887
192 : ([1, 2], [3, 4], [5], [6]) : 0.8889709196
193 : ([1], [2], [3, 4], [5], [6]) : 0.8846299016
194 : ([1, 2, 4], [3], [5], [6]) : 0.8900192665
195 : ([1, 3], [2, 4], [5], [6]) : 0.8866071069
196 : ([1], [2, 4], [3], [5], [6]) : 0.8860272785
197 : ([1, 4], [2, 3], [5], [6]) : 0.9166298001
198 : ([1, 4], [2], [3], [5], [6]) : 0.8837758185
199 : ([1, 2, 3], [4], [5], [6]) : 0.9219195910
200 : ([1], [2, 3], [4], [5], [6]) : 0.9157240964
201 : ([1, 3], [2], [4], [5], [6]) : 0.8841191379
202 : ([1, 2], [3], [4], [5], [6]) : 0.8878956868
203 : ([1], [2], [3], [4], [5], [6]) : 0.8835169534
