=== Bootstrap seed: 55 ===
1 : ([1, 2, 3, 4, 5, 6],) : 0.9710969013
2 : ([1], [2, 3, 4, 5, 6]) : 0.9585830430
3 : ([1, 3, 4, 5, 6], [2]) : 0.9246032296
4 : ([1, 2], [3, 4, 5, 6]) : 0.9219162492
5 : ([1], [2], [3, 4, 5, 6]) : 0.9197727866
6 : ([1, 2, 4, 5, 6], [3]) : 0.9255535136
7 : ([1, 3], [2, 4, 5, 6]) : 0.9199670066
8 : ([1], [2, 4, 5, 6], [3]) : 0.9199886668
9 : ([1, 4, 5, 6], [2, 3]) : 0.9566159181
10 : ([1, 4, 5, 6], [2], [3]) : 0.9173461390
11 : ([1, 2, 3], [4, 5, 6]) : 0.9577342690
12 : ([1], [2, 3], [4, 5, 6]) : 0.9554430970
13 : ([1, 3], [2], [4, 5, 6]) : 0.9157463998
14 : ([1, 2], [3], [4, 5, 6]) : 0.9176726249
15 : ([1], [2], [3], [4, 5, 6]) : 0.9157771570
16 : ([1, 2, 3, 5, 6], [4]) : 0.9360773652
17 : ([1, 4], [2, 3, 5, 6]) : 0.9307400730
18 : ([1], [2, 3, 5, 6], [4]) : 0.9298250439
19 : ([1, 3, 5, 6], [2, 4]) : 0.8845730434
20 : ([1, 3, 5, 6], [2], [4]) : 0.8834627023
21 : ([1, 2, 4], [3, 5, 6]) : 0.8904886932
22 : ([1], [2, 4], [3, 5, 6]) : 0.8829590990
23 : ([1, 4], [2], [3, 5, 6]) : 0.8839653947
24 : ([1, 2], [3, 5, 6], [4]) : 0.8864569341
25 : ([1], [2], [3, 5, 6], [4]) : 0.8816200583
26 : ([1, 2, 5, 6], [3, 4]) : 0.8932060854
27 : ([1, 2, 5, 6], [3], [4]) : 0.8916141351
28 : ([1, 3, 4], [2, 5, 6]) : 0.8897839743
29 : ([1], [2, 5, 6], [3, 4]) : 0.8879470117
30 : ([1, 4], [2, 5, 6], [3]) : 0.8876637653
31 : ([1, 3], [2, 5, 6], [4]) : 0.8858447763
32 : ([1], [2, 5, 6], [3], [4]) : 0.8857992936
33 : ([1, 5, 6], [2, 3, 4]) : 0.9261557377
34 : ([1, 5, 6], [2], [3, 4]) : 0.8809182078
35 : ([1, 5, 6], [2, 4], [3]) : 0.8801358427
36 : ([1, 5, 6], [2, 3], [4]) : 0.9240816875
37 : ([1, 5, 6], [2], [3], [4]) : 0.8790619689
38 : ([1, 2, 3, 4], [5, 6]) : 0.9330626897
39 : ([1], [2, 3, 4], [5, 6]) : 0.9259874249
40 : ([1, 3, 4], [2], [5, 6]) : 0.8833440118
41 : ([1, 2], [3, 4], [5, 6]) : 0.8851443054
42 : ([1], [2], [3, 4], [5, 6]) : 0.8804635036
43 : ([1, 2, 4], [3], [5, 6]) : 0.8875545460
44 : ([1, 3], [2, 4], [5, 6]) : 0.8798371969
45 : ([1], [2, 4], [3], [5, 6]) : 0.8795729064
46 : ([1, 4], [2, 3], [5, 6]) : 0.9247673475
47 : ([1, 4], [2], [3], [5, 6]) : 0.8807837923
48 : ([1, 2, 3], [4], [5, 6]) : 0.9304975861
49 : ([1], [2, 3], [4], [5, 6]) : 0.9239199910
50 : ([1, 3], [2], [4], [5, 6]) : 0.8787416045
51 : ([1, 2], [3], [4], [5, 6]) : 0.8832577812
52 : ([1], [2], [3], [4], [5, 6]) : 0.8783623064
53 : ([1, 2, 3, 4, 6], [5]) : 0.9365924362
54 : ([1, 5], [2, 3, 4, 6]) : 0.9291897543
55 : ([1], [2, 3, 4, 6], [5]) : 0.9284920536
56 : ([1, 3, 4, 6], [2, 5]) : 0.8964236634
57 : ([1, 3, 4, 6], [2], [5]) : 0.8909968543
58 : ([1, 2, 5], [3, 4, 6]) : 0.8970623414
59 : ([1], [2, 5], [3, 4, 6]) : 0.8921432474
60 : ([1, 5], [2], [3, 4, 6]) : 0.8863917035
61 : ([1, 2], [3, 4, 6], [5]) : 0.8911160354
62 : ([1], [2], [3, 4, 6], [5]) : 0.8861820574
63 : ([1, 2, 4, 6], [3, 5]) : 0.8926396247
64 : ([1, 2, 4, 6], [3], [5]) : 0.8925015855
65 : ([1, 3, 5], [2, 4, 6]) : 0.8846461585
66 : ([1], [2, 4, 6], [3, 5]) : 0.8840961776
67 : ([1, 5], [2, 4, 6], [3]) : 0.8842518833
68 : ([1, 3], [2, 4, 6], [5]) : 0.8837219659
69 : ([1], [2, 4, 6], [3], [5]) : 0.8837454861
70 : ([1, 4, 6], [2, 3, 5]) : 0.9288783409
71 : ([1, 4, 6], [2], [3, 5]) : 0.8824052405
72 : ([1, 4, 6], [2, 5], [3]) : 0.8882967993
73 : ([1, 4, 6], [2, 3], [5]) : 0.9247560011
74 : ([1, 4, 6], [2], [3], [5]) : 0.8818525536
75 : ([1, 2, 3, 5], [4, 6]) : 0.9346634478
76 : ([1], [2, 3, 5], [4, 6]) : 0.9277317744
77 : ([1, 3, 5], [2], [4, 6]) : 0.8800672689
78 : ([1, 2], [3, 5], [4, 6]) : 0.8841250946
79 : ([1], [2], [3, 5], [4, 6]) : 0.8794688110
80 : ([1, 2, 5], [3], [4, 6]) : 0.8914130701
81 : ([1, 3], [2, 5], [4, 6]) : 0.8862101524
82 : ([1], [2, 5], [3], [4, 6]) : 0.8859746476
83 : ([1, 5], [2, 3], [4, 6]) : 0.9244991356
84 : ([1, 5], [2], [3], [4, 6]) : 0.8795764401
85 : ([1, 2, 3], [4, 6], [5]) : 0.9306072817
86 : ([1], [2, 3], [4, 6], [5]) : 0.9238796249
87 : ([1, 3], [2], [4, 6], [5]) : 0.8793397825
88 : ([1, 2], [3], [4, 6], [5]) : 0.8840786459
89 : ([1], [2], [3], [4, 6], [5]) : 0.8791919836
90 : ([1, 2, 3, 6], [4, 5]) : 0.9404248080
91 : ([1, 2, 3, 6], [4], [5]) : 0.9264909838
92 : ([1, 4, 5], [2, 3, 6]) : 0.9366306640
93 : ([1], [2, 3, 6], [4, 5]) : 0.9355644054
94 : ([1, 5], [2, 3, 6], [4]) : 0.9188578341
95 : ([1, 4], [2, 3, 6], [5]) : 0.9189200000
96 : ([1], [2, 3, 6], [4], [5]) : 0.9182602782
97 : ([1, 3, 6], [2, 4, 5]) : 0.8970000724
98 : ([1, 3, 6], [2], [4, 5]) : 0.8917406416
99 : ([1, 3, 6], [2, 5], [4]) : 0.8796053763
100 : ([1, 3, 6], [2, 4], [5]) : 0.8750210190
101 : ([1, 3, 6], [2], [4], [5]) : 0.8733493166
102 : ([1, 2, 4, 5], [3, 6]) : 0.9008834433
103 : ([1], [2, 4, 5], [3, 6]) : 0.8954738066
104 : ([1, 4, 5], [2], [3, 6]) : 0.8924474642
105 : ([1, 2], [3, 6], [4, 5]) : 0.8914804003
106 : ([1], [2], [3, 6], [4, 5]) : 0.8893953484
107 : ([1, 2, 5], [3, 6], [4]) : 0.8834575813
108 : ([1, 4], [2, 5], [3, 6]) : 0.8786005312
109 : ([1], [2, 5], [3, 6], [4]) : 0.8773398054
110 : ([1, 5], [2, 4], [3, 6]) : 0.8729621688
111 : ([1, 5], [2], [3, 6], [4]) : 0.8709795348
112 : ([1, 2, 4], [3, 6], [5]) : 0.8804792637
113 : ([1], [2, 4], [3, 6], [5]) : 0.8726481452
114 : ([1, 4], [2], [3, 6], [5]) : 0.8723101621
115 : ([1, 2], [3, 6], [4], [5]) : 0.8759742279
116 : ([1], [2], [3, 6], [4], [5]) : 0.8705564837
117 : ([1, 2, 6], [3, 4, 5]) : 0.8903584966
118 : ([1, 2, 6], [3], [4, 5]) : 0.8886549660
119 : ([1, 2, 6], [3, 5], [4]) : 0.8744596030
120 : ([1, 2, 6], [3, 4], [5]) : 0.8762750861
121 : ([1, 2, 6], [3], [4], [5]) : 0.8738864964
122 : ([1, 3, 4, 5], [2, 6]) : 0.8933751901
123 : ([1], [2, 6], [3, 4, 5]) : 0.8878085668
124 : ([1, 4, 5], [2, 6], [3]) : 0.8889265784
125 : ([1, 3], [2, 6], [4, 5]) : 0.8863505402
126 : ([1], [2, 6], [3], [4, 5]) : 0.8860737311
127 : ([1, 3, 5], [2, 6], [4]) : 0.8693138190
128 : ([1, 4], [2, 6], [3, 5]) : 0.8706927500
129 : ([1], [2, 6], [3, 5], [4]) : 0.8685449711
130 : ([1, 5], [2, 6], [3, 4]) : 0.8707977110
131 : ([1, 5], [2, 6], [3], [4]) : 0.8684698721
132 : ([1, 3, 4], [2, 6], [5]) : 0.8724196603
133 : ([1], [2, 6], [3, 4], [5]) : 0.8701566079
134 : ([1, 4], [2, 6], [3], [5]) : 0.8696185385
135 : ([1, 3], [2, 6], [4], [5]) : 0.8679646224
136 : ([1], [2, 6], [3], [4], [5]) : 0.8676226250
137 : ([1, 6], [2, 3, 4, 5]) : 0.9380139713
138 : ([1, 6], [2], [3, 4, 5]) : 0.8882313617
139 : ([1, 6], [2, 4, 5], [3]) : 0.8928266355
140 : ([1, 6], [2, 3], [4, 5]) : 0.9342500679
141 : ([1, 6], [2], [3], [4, 5]) : 0.8864557234
142 : ([1, 6], [2, 3, 5], [4]) : 0.9205534605
143 : ([1, 6], [2, 4], [3, 5]) : 0.8708038294
144 : ([1, 6], [2], [3, 5], [4]) : 0.8688732385
145 : ([1, 6], [2, 5], [3, 4]) : 0.8781081569
146 : ([1, 6], [2, 5], [3], [4]) : 0.8756478901
147 : ([1, 6], [2, 3, 4], [5]) : 0.9185097362
148 : ([1, 6], [2], [3, 4], [5]) : 0.8701560204
149 : ([1, 6], [2, 4], [3], [5]) : 0.8696863324
150 : ([1, 6], [2, 3], [4], [5]) : 0.9159165219
151 : ([1, 6], [2], [3], [4], [5]) : 0.8678070531
152 : ([1, 2, 3, 4, 5], [6]) : 0.9439874812
153 : ([1], [2, 3, 4, 5], [6]) : 0.9377218438
154 : ([1, 3, 4, 5], [2], [6]) : 0.8932591690
155 : ([1, 2], [3, 4, 5], [6]) : 0.8895526850
156 : ([1], [2], [3, 4, 5], [6]) : 0.8877460519
157 : ([1, 2, 4, 5], [3], [6]) : 0.8980623860
158 : ([1, 3], [2, 4, 5], [6]) : 0.8923220457
159 : ([1], [2, 4, 5], [3], [6]) : 0.8923333006
160 : ([1, 4, 5], [2, 3], [6]) : 0.9350321267
161 : ([1, 4, 5], [2], [3], [6]) : 0.8886792399
162 : ([1, 2, 3], [4, 5], [6]) : 0.9381601852
163 : ([1], [2, 3], [4, 5], [6]) : 0.9340797981
164 : ([1, 3], [2], [4, 5], [6]) : 0.8862997469
165 : ([1, 2], [3], [4, 5], [6]) : 0.8878881381
166 : ([1], [2], [3], [4, 5], [6]) : 0.8859635589
167 : ([1, 2, 3, 5], [4], [6]) : 0.9274893178
168 : ([1, 4], [2, 3, 5], [6]) : 0.9212263146
169 : ([1], [2, 3, 5], [4], [6]) : 0.9203434653
170 : ([1, 3, 5], [2, 4], [6]) : 0.8702150652
171 : ([1, 3, 5], [2], [4], [6]) : 0.8684029906
172 : ([1, 2, 4], [3, 5], [6]) : 0.8773935214
173 : ([1], [2, 4], [3, 5], [6]) : 0.8699105288
174 : ([1, 4], [2], [3, 5], [6]) : 0.8698433098
175 : ([1, 2], [3, 5], [4], [6]) : 0.8727241644
176 : ([1], [2], [3, 5], [4], [6]) : 0.8678110042
177 : ([1, 2, 5], [3, 4], [6]) : 0.8834387551
178 : ([1, 2, 5], [3], [4], [6]) : 0.8811635823
179 : ([1, 3, 4], [2, 5], [6]) : 0.8789035029
180 : ([1], [2, 5], [3, 4], [6]) : 0.8775024771
181 : ([1, 4], [2, 5], [3], [6]) : 0.8760465961
182 : ([1, 3], [2, 5], [4], [6]) : 0.8748090497
183 : ([1], [2, 5], [3], [4], [6]) : 0.8746708780
184 : ([1, 5], [2, 3, 4], [6]) : 0.9188241730
185 : ([1, 5], [2], [3, 4], [6]) : 0.8700745284
186 : ([1, 5], [2, 4], [3], [6]) : 0.8693034847
187 : ([1, 5], [2, 3], [4], [6]) : 0.9161680281
188 : ([1, 5], [2], [3], [4], [6]) : 0.8674510198
189 : ([1, 2, 3, 4], [5], [6]) : 0.9258915563
190 : ([1], [2, 3, 4], [5], [6]) : 0.9183558688
191 : ([1, 3, 4], [2], [5], [6]) : 0.8717979264
192 : ([1, 2], [3, 4], [5], [6]) : 0.8747773930
193 : ([1], [2], [3, 4], [5], [6]) : 0.8695967169
194 : ([1, 2, 4], [3], [5], [6]) : 0.8768050321
195 : ([1, 3], [2, 4], [5], [6]) : 0.8691253225
196 : ([1], [2, 4], [3], [5], [6]) : 0.8688618418
197 : ([1, 4], [2, 3], [5], [6]) : 0.9163321766
198 : ([1, 4], [2], [3], [5], [6]) : 0.8686869474
199 : ([1, 2, 3], [4], [5], [6]) : 0.9232361827
200 : ([1], [2, 3], [4], [5], [6]) : 0.9156574290
201 : ([1, 3], [2], [4], [5], [6]) : 0.8672583906
202 : ([1, 2], [3], [4], [5], [6]) : 0.8721095375
203 : ([1], [2], [3], [4], [5], [6]) : 0.8668324555
