=== Bootstrap seed: 57 ===
1 : ([1, 2, 3, 4, 5, 6],) : 0.9608209568
2 : ([1], [2, 3, 4, 5, 6]) : 0.9560062352
3 : ([1, 3, 4, 5, 6], [2]) : 0.9251708010
4 : ([1, 2], [3, 4, 5, 6]) : 0.9186500003
5 : ([1], [2], [3, 4, 5, 6]) : 0.9167454906
6 : ([1, 2, 4, 5, 6], [3]) : 0.9268729251
7 : ([1, 3], [2, 4, 5, 6]) : 0.9187706384
8 : ([1], [2, 4, 5, 6], [3]) : 0.9169797236
9 : ([1, 4, 5, 6], [2, 3]) : 0.9553192356
10 : ([1, 4, 5, 6], [2], [3]) : 0.9169889442
11 : ([1, 2, 3], [4, 5, 6]) : 0.9561084860
12 : ([1], [2, 3], [4, 5, 6]) : 0.9536980174
13 : ([1, 3], [2], [4, 5, 6]) : 0.9151792235
14 : ([1, 2], [3], [4, 5, 6]) : 0.9151134515
15 : ([1], [2], [3], [4, 5, 6]) : 0.9133694463
16 : ([1, 2, 3, 5, 6], [4]) : 0.9380513125
17 : ([1, 4], [2, 3, 5, 6]) : 0.9334759808
18 : ([1], [2, 3, 5, 6], [4]) : 0.9326756386
19 : ([1, 3, 5, 6], [2, 4]) : 0.9043618587
20 : ([1, 3, 5, 6], [2], [4]) : 0.9027323463
21 : ([1, 2, 4], [3, 5, 6]) : 0.9035424615
22 : ([1], [2, 4], [3, 5, 6]) : 0.8969994428
23 : ([1, 4], [2], [3, 5, 6]) : 0.8992131940
24 : ([1, 2], [3, 5, 6], [4]) : 0.8972481371
25 : ([1], [2], [3, 5, 6], [4]) : 0.8960493603
26 : ([1, 2, 5, 6], [3, 4]) : 0.9008322258
27 : ([1, 2, 5, 6], [3], [4]) : 0.9003497486
28 : ([1, 3, 4], [2, 5, 6]) : 0.9000032791
29 : ([1], [2, 5, 6], [3, 4]) : 0.8953731111
30 : ([1, 4], [2, 5, 6], [3]) : 0.8969899806
31 : ([1, 3], [2, 5, 6], [4]) : 0.8968807730
32 : ([1], [2, 5, 6], [3], [4]) : 0.8946514802
33 : ([1, 5, 6], [2, 3, 4]) : 0.9341769142
34 : ([1, 5, 6], [2], [3, 4]) : 0.8946803273
35 : ([1, 5, 6], [2, 4], [3]) : 0.8956326556
36 : ([1, 5, 6], [2, 3], [4]) : 0.9313039678
37 : ([1, 5, 6], [2], [3], [4]) : 0.8943677688
38 : ([1, 2, 3, 4], [5, 6]) : 0.9375287793
39 : ([1], [2, 3, 4], [5, 6]) : 0.9334918653
40 : ([1, 3, 4], [2], [5, 6]) : 0.8982805137
41 : ([1, 2], [3, 4], [5, 6]) : 0.8944915350
42 : ([1], [2], [3, 4], [5, 6]) : 0.8929088303
43 : ([1, 2, 4], [3], [5, 6]) : 0.9006218152
44 : ([1, 3], [2, 4], [5, 6]) : 0.8963179166
45 : ([1], [2, 4], [3], [5, 6]) : 0.8935566036
46 : ([1, 4], [2, 3], [5, 6]) : 0.9313416633
47 : ([1, 4], [2], [3], [5, 6]) : 0.8955040731
48 : ([1, 2, 3], [4], [5, 6]) : 0.9334979499
49 : ([1], [2, 3], [4], [5, 6]) : 0.9305095720
50 : ([1, 3], [2], [4], [5, 6]) : 0.8948478710
51 : ([1, 2], [3], [4], [5, 6]) : 0.8939289114
52 : ([1], [2], [3], [4], [5, 6]) : 0.8924752472
53 : ([1, 2, 3, 4, 6], [5]) : 0.9353479300
54 : ([1, 5], [2, 3, 4, 6]) : 0.9290737847
55 : ([1], [2, 3, 4, 6], [5]) : 0.9281991133
56 : ([1, 3, 4, 6], [2, 5]) : 0.8985133176
57 : ([1, 3, 4, 6], [2], [5]) : 0.8970665814
58 : ([1, 2, 5], [3, 4, 6]) : 0.8985178369
59 : ([1], [2, 5], [3, 4, 6]) : 0.8916466298
60 : ([1, 5], [2], [3, 4, 6]) : 0.8900685098
61 : ([1, 2], [3, 4, 6], [5]) : 0.8943088315
62 : ([1], [2], [3, 4, 6], [5]) : 0.8898576550
63 : ([1, 2, 4, 6], [3, 5]) : 0.9026951554
64 : ([1, 2, 4, 6], [3], [5]) : 0.9008416223
65 : ([1, 3, 5], [2, 4, 6]) : 0.8941715603
66 : ([1], [2, 4, 6], [3, 5]) : 0.8914364342
67 : ([1, 5], [2, 4, 6], [3]) : 0.8887858623
68 : ([1, 3], [2, 4, 6], [5]) : 0.8907029578
69 : ([1], [2, 4, 6], [3], [5]) : 0.8886319205
70 : ([1, 4, 6], [2, 3, 5]) : 0.9274582647
71 : ([1, 4, 6], [2], [3, 5]) : 0.8943591243
72 : ([1, 4, 6], [2, 5], [3]) : 0.8928708632
73 : ([1, 4, 6], [2, 3], [5]) : 0.9254635903
74 : ([1, 4, 6], [2], [3], [5]) : 0.8911555904
75 : ([1, 2, 3, 5], [4, 6]) : 0.9326971962
76 : ([1], [2, 3, 5], [4, 6]) : 0.9259451653
77 : ([1, 3, 5], [2], [4, 6]) : 0.8919453668
78 : ([1, 2], [3, 5], [4, 6]) : 0.8937751963
79 : ([1], [2], [3, 5], [4, 6]) : 0.8901225448
80 : ([1, 2, 5], [3], [4, 6]) : 0.8961325715
81 : ([1, 3], [2, 5], [4, 6]) : 0.8909565629
82 : ([1], [2, 5], [3], [4, 6]) : 0.8895489980
83 : ([1, 5], [2, 3], [4, 6]) : 0.9249164739
84 : ([1, 5], [2], [3], [4, 6]) : 0.8876086093
85 : ([1, 2, 3], [4, 6], [5]) : 0.9298061520
86 : ([1], [2, 3], [4, 6], [5]) : 0.9242189663
87 : ([1, 3], [2], [4, 6], [5]) : 0.8890202037
88 : ([1, 2], [3], [4, 6], [5]) : 0.8920890231
89 : ([1], [2], [3], [4, 6], [5]) : 0.8875371216
90 : ([1, 2, 3, 6], [4, 5]) : 0.9362067921
91 : ([1, 2, 3, 6], [4], [5]) : 0.9235578458
92 : ([1, 4, 5], [2, 3, 6]) : 0.9334154810
93 : ([1], [2, 3, 6], [4, 5]) : 0.9322344357
94 : ([1, 5], [2, 3, 6], [4]) : 0.9183859522
95 : ([1, 4], [2, 3, 6], [5]) : 0.9185443761
96 : ([1], [2, 3, 6], [4], [5]) : 0.9177796941
97 : ([1, 3, 6], [2, 4, 5]) : 0.9010788066
98 : ([1, 3, 6], [2], [4, 5]) : 0.8984465041
99 : ([1, 3, 6], [2, 5], [4]) : 0.8871083183
100 : ([1, 3, 6], [2, 4], [5]) : 0.8874090043
101 : ([1, 3, 6], [2], [4], [5]) : 0.8862184036
102 : ([1, 2, 4, 5], [3, 6]) : 0.9058205065
103 : ([1], [2, 4, 5], [3, 6]) : 0.8969110874
104 : ([1, 4, 5], [2], [3, 6]) : 0.8982977089
105 : ([1, 2], [3, 6], [4, 5]) : 0.8959072323
106 : ([1], [2], [3, 6], [4, 5]) : 0.8943184763
107 : ([1, 2, 5], [3, 6], [4]) : 0.8890602607
108 : ([1, 4], [2, 5], [3, 6]) : 0.8863016239
109 : ([1], [2, 5], [3, 6], [4]) : 0.8836311738
110 : ([1, 5], [2, 4], [3, 6]) : 0.8839508017
111 : ([1, 5], [2], [3, 6], [4]) : 0.8828254514
112 : ([1, 2, 4], [3, 6], [5]) : 0.8927878370
113 : ([1], [2, 4], [3, 6], [5]) : 0.8833825414
114 : ([1, 4], [2], [3, 6], [5]) : 0.8853471601
115 : ([1, 2], [3, 6], [4], [5]) : 0.8857087236
116 : ([1], [2], [3, 6], [4], [5]) : 0.8824198654
117 : ([1, 2, 6], [3, 4, 5]) : 0.9013394030
118 : ([1, 2, 6], [3], [4, 5]) : 0.8961715845
119 : ([1, 2, 6], [3, 5], [4]) : 0.8892327286
120 : ([1, 2, 6], [3, 4], [5]) : 0.8873377028
121 : ([1, 2, 6], [3], [4], [5]) : 0.8861470882
122 : ([1, 3, 4, 5], [2, 6]) : 0.9059116581
123 : ([1], [2, 6], [3, 4, 5]) : 0.8980737874
124 : ([1, 4, 5], [2, 6], [3]) : 0.8970807874
125 : ([1, 3], [2, 6], [4, 5]) : 0.8954255557
126 : ([1], [2, 6], [3], [4, 5]) : 0.8929551470
127 : ([1, 3, 5], [2, 6], [4]) : 0.8877462594
128 : ([1, 4], [2, 6], [3, 5]) : 0.8888601742
129 : ([1], [2, 6], [3, 5], [4]) : 0.8852321280
130 : ([1, 5], [2, 6], [3, 4]) : 0.8831705413
131 : ([1, 5], [2, 6], [3], [4]) : 0.8819301788
132 : ([1, 3, 4], [2, 6], [5]) : 0.8881112521
133 : ([1], [2, 6], [3, 4], [5]) : 0.8828387400
134 : ([1, 4], [2, 6], [3], [5]) : 0.8846789958
135 : ([1, 3], [2, 6], [4], [5]) : 0.8837013275
136 : ([1], [2, 6], [3], [4], [5]) : 0.8816086887
137 : ([1, 6], [2, 3, 4, 5]) : 0.9348625114
138 : ([1, 6], [2], [3, 4, 5]) : 0.8973290059
139 : ([1, 6], [2, 4, 5], [3]) : 0.8958753922
140 : ([1, 6], [2, 3], [4, 5]) : 0.9298443563
141 : ([1, 6], [2], [3], [4, 5]) : 0.8924553561
142 : ([1, 6], [2, 3, 5], [4]) : 0.9187825229
143 : ([1, 6], [2, 4], [3, 5]) : 0.8860155317
144 : ([1, 6], [2], [3, 5], [4]) : 0.8847523646
145 : ([1, 6], [2, 5], [3, 4]) : 0.8843956033
146 : ([1, 6], [2, 5], [3], [4]) : 0.8830364588
147 : ([1, 6], [2, 3, 4], [5]) : 0.9206477546
148 : ([1, 6], [2], [3, 4], [5]) : 0.8825970705
149 : ([1, 6], [2, 4], [3], [5]) : 0.8825467289
150 : ([1, 6], [2, 3], [4], [5]) : 0.9164939992
151 : ([1, 6], [2], [3], [4], [5]) : 0.8814308252
152 : ([1, 2, 3, 4, 5], [6]) : 0.9428399864
153 : ([1], [2, 3, 4, 5], [6]) : 0.9345191324
154 : ([1, 3, 4, 5], [2], [6]) : 0.9047609315
155 : ([1, 2], [3, 4, 5], [6]) : 0.8990807465
156 : ([1], [2], [3, 4, 5], [6]) : 0.8970784943
157 : ([1, 2, 4, 5], [3], [6]) : 0.9047290736
158 : ([1, 3], [2, 4, 5], [6]) : 0.8981552967
159 : ([1], [2, 4, 5], [3], [6]) : 0.8954625554
160 : ([1, 4, 5], [2, 3], [6]) : 0.9302871351
161 : ([1, 4, 5], [2], [3], [6]) : 0.8963030479
162 : ([1, 2, 3], [4, 5], [6]) : 0.9331556244
163 : ([1], [2, 3], [4, 5], [6]) : 0.9294015721
164 : ([1, 3], [2], [4, 5], [6]) : 0.8943569414
165 : ([1, 2], [3], [4, 5], [6]) : 0.8941040139
166 : ([1], [2], [3], [4, 5], [6]) : 0.8921424878
167 : ([1, 2, 3, 5], [4], [6]) : 0.9246284987
168 : ([1, 4], [2, 3, 5], [6]) : 0.9195847171
169 : ([1], [2, 3, 5], [4], [6]) : 0.9185101661
170 : ([1, 3, 5], [2, 4], [6]) : 0.8886100324
171 : ([1, 3, 5], [2], [4], [6]) : 0.8866560402
172 : ([1, 2, 4], [3, 5], [6]) : 0.8943707455
173 : ([1], [2, 4], [3, 5], [6]) : 0.8855861790
174 : ([1, 4], [2], [3, 5], [6]) : 0.8880840303
175 : ([1, 2], [3, 5], [4], [6]) : 0.8870480980
176 : ([1], [2], [3, 5], [4], [6]) : 0.8843928930
177 : ([1, 2, 5], [3, 4], [6]) : 0.8894776309
178 : ([1, 2, 5], [3], [4], [6]) : 0.8880999281
179 : ([1, 3, 4], [2, 5], [6]) : 0.8888999156
180 : ([1], [2, 5], [3, 4], [6]) : 0.8840713519
181 : ([1, 4], [2, 5], [3], [6]) : 0.8854540503
182 : ([1, 3], [2, 5], [4], [6]) : 0.8845311441
183 : ([1], [2, 5], [3], [4], [6]) : 0.8826865240
184 : ([1, 5], [2, 3, 4], [6]) : 0.9209532354
185 : ([1, 5], [2], [3, 4], [6]) : 0.8825774349
186 : ([1, 5], [2, 4], [3], [6]) : 0.8825263205
187 : ([1, 5], [2, 3], [4], [6]) : 0.9165216357
188 : ([1, 5], [2], [3], [4], [6]) : 0.8813798190
189 : ([1, 2, 3, 4], [5], [6]) : 0.9271475632
190 : ([1], [2, 3, 4], [5], [6]) : 0.9204350614
191 : ([1, 3, 4], [2], [5], [6]) : 0.8874058847
192 : ([1, 2], [3, 4], [5], [6]) : 0.8858136003
193 : ([1], [2], [3, 4], [5], [6]) : 0.8822346502
194 : ([1, 2, 4], [3], [5], [6]) : 0.8917843105
195 : ([1, 3], [2, 4], [5], [6]) : 0.8843619856
196 : ([1], [2, 4], [3], [5], [6]) : 0.8821072794
197 : ([1, 4], [2, 3], [5], [6]) : 0.9170185947
198 : ([1, 4], [2], [3], [5], [6]) : 0.8842264162
199 : ([1, 2, 3], [4], [5], [6]) : 0.9214787434
200 : ([1], [2, 3], [4], [5], [6]) : 0.9162017341
201 : ([1, 3], [2], [4], [5], [6]) : 0.8829319723
202 : ([1, 2], [3], [4], [5], [6]) : 0.8845288267
203 : ([1], [2], [3], [4], [5], [6]) : 0.8810686346
