=== Bootstrap seed: 36 ===
1 : ([1, 2, 3, 4, 5, 6],) : 0.9587369169
2 : ([1], [2, 3, 4, 5, 6]) : 0.9545857589
3 : ([1, 3, 4, 5, 6], [2]) : 0.9252019896
4 : ([1, 2], [3, 4, 5, 6]) : 0.9207869684
5 : ([1], [2], [3, 4, 5, 6]) : 0.9198045313
6 : ([1, 2, 4, 5, 6], [3]) : 0.9233932907
7 : ([1, 3], [2, 4, 5, 6]) : 0.9221701078
8 : ([1], [2, 4, 5, 6], [3]) : 0.9204238403
9 : ([1, 4, 5, 6], [2, 3]) : 0.9520898900
10 : ([1, 4, 5, 6], [2], [3]) : 0.9187353094
11 : ([1, 2, 3], [4, 5, 6]) : 0.9539340904
12 : ([1], [2, 3], [4, 5, 6]) : 0.9514050076
13 : ([1, 3], [2], [4, 5, 6]) : 0.9188151191
14 : ([1, 2], [3], [4, 5, 6]) : 0.9176511787
15 : ([1], [2], [3], [4, 5, 6]) : 0.9168802640
16 : ([1, 2, 3, 5, 6], [4]) : 0.9392442514
17 : ([1, 4], [2, 3, 5, 6]) : 0.9320071163
18 : ([1], [2, 3, 5, 6], [4]) : 0.9313753063
19 : ([1, 3, 5, 6], [2, 4]) : 0.9029327350
20 : ([1, 3, 5, 6], [2], [4]) : 0.9028175957
21 : ([1, 2, 4], [3, 5, 6]) : 0.9022506814
22 : ([1], [2, 4], [3, 5, 6]) : 0.8972660133
23 : ([1, 4], [2], [3, 5, 6]) : 0.8991576929
24 : ([1, 2], [3, 5, 6], [4]) : 0.8998114284
25 : ([1], [2], [3, 5, 6], [4]) : 0.8971456842
26 : ([1, 2, 5, 6], [3, 4]) : 0.9045071950
27 : ([1, 2, 5, 6], [3], [4]) : 0.9037432410
28 : ([1, 3, 4], [2, 5, 6]) : 0.9019905347
29 : ([1], [2, 5, 6], [3, 4]) : 0.8986239696
30 : ([1, 4], [2, 5, 6], [3]) : 0.8998661270
31 : ([1, 3], [2, 5, 6], [4]) : 0.8999867598
32 : ([1], [2, 5, 6], [3], [4]) : 0.8981588154
33 : ([1, 5, 6], [2, 3, 4]) : 0.9328637393
34 : ([1, 5, 6], [2], [3, 4]) : 0.8986083442
35 : ([1, 5, 6], [2, 4], [3]) : 0.8981666452
36 : ([1, 5, 6], [2, 3], [4]) : 0.9305276489
37 : ([1, 5, 6], [2], [3], [4]) : 0.8980777899
38 : ([1, 2, 3, 4], [5, 6]) : 0.9360743507
39 : ([1], [2, 3, 4], [5, 6]) : 0.9305692059
40 : ([1, 3, 4], [2], [5, 6]) : 0.8995697206
41 : ([1, 2], [3, 4], [5, 6]) : 0.8988396768
42 : ([1], [2], [3, 4], [5, 6]) : 0.8960053963
43 : ([1, 2, 4], [3], [5, 6]) : 0.9006767770
44 : ([1, 3], [2, 4], [5, 6]) : 0.8975372066
45 : ([1], [2, 4], [3], [5, 6]) : 0.8956410535
46 : ([1, 4], [2, 3], [5, 6]) : 0.9289704486
47 : ([1, 4], [2], [3], [5, 6]) : 0.8975110066
48 : ([1, 2, 3], [4], [5, 6]) : 0.9329935184
49 : ([1], [2, 3], [4], [5, 6]) : 0.9282880411
50 : ([1, 3], [2], [4], [5, 6]) : 0.8972532015
51 : ([1, 2], [3], [4], [5, 6]) : 0.8980816778
52 : ([1], [2], [3], [4], [5, 6]) : 0.8954909412
53 : ([1, 2, 3, 4, 6], [5]) : 0.9390606727
54 : ([1, 5], [2, 3, 4, 6]) : 0.9329342776
55 : ([1], [2, 3, 4, 6], [5]) : 0.9325869552
56 : ([1, 3, 4, 6], [2, 5]) : 0.9054107454
57 : ([1, 3, 4, 6], [2], [5]) : 0.9045568349
58 : ([1, 2, 5], [3, 4, 6]) : 0.9069497804
59 : ([1], [2, 5], [3, 4, 6]) : 0.9015572670
60 : ([1, 5], [2], [3, 4, 6]) : 0.9019995163
61 : ([1, 2], [3, 4, 6], [5]) : 0.9040513406
62 : ([1], [2], [3, 4, 6], [5]) : 0.9006373382
63 : ([1, 2, 4, 6], [3, 5]) : 0.9058818528
64 : ([1, 2, 4, 6], [3], [5]) : 0.9052929976
65 : ([1, 3, 5], [2, 4, 6]) : 0.9040508842
66 : ([1], [2, 4, 6], [3, 5]) : 0.9006404588
67 : ([1, 5], [2, 4, 6], [3]) : 0.9014549806
68 : ([1, 3], [2, 4, 6], [5]) : 0.9018224928
69 : ([1], [2, 4, 6], [3], [5]) : 0.9000274630
70 : ([1, 4, 6], [2, 3, 5]) : 0.9314616438
71 : ([1, 4, 6], [2], [3, 5]) : 0.8999275231
72 : ([1, 4, 6], [2, 5], [3]) : 0.9004488517
73 : ([1, 4, 6], [2, 3], [5]) : 0.9299354146
74 : ([1, 4, 6], [2], [3], [5]) : 0.8994629700
75 : ([1, 2, 3, 5], [4, 6]) : 0.9363841244
76 : ([1], [2, 3, 5], [4, 6]) : 0.9308420650
77 : ([1, 3, 5], [2], [4, 6]) : 0.9016273400
78 : ([1, 2], [3, 5], [4, 6]) : 0.9018271314
79 : ([1], [2], [3, 5], [4, 6]) : 0.8984770243
80 : ([1, 2, 5], [3], [4, 6]) : 0.9041396619
81 : ([1, 3], [2, 5], [4, 6]) : 0.9005702096
82 : ([1], [2, 5], [3], [4, 6]) : 0.8990175063
83 : ([1, 5], [2, 3], [4, 6]) : 0.9296476261
84 : ([1, 5], [2], [3], [4, 6]) : 0.8994119881
85 : ([1, 2, 3], [4, 6], [5]) : 0.9345251160
86 : ([1], [2, 3], [4, 6], [5]) : 0.9292864818
87 : ([1, 3], [2], [4, 6], [5]) : 0.8995917163
88 : ([1, 2], [3], [4, 6], [5]) : 0.9012129664
89 : ([1], [2], [3], [4, 6], [5]) : 0.8979836317
90 : ([1, 2, 3, 6], [4, 5]) : 0.9377495256
91 : ([1, 2, 3, 6], [4], [5]) : 0.9294148030
92 : ([1, 4, 5], [2, 3, 6]) : 0.9319253481
93 : ([1], [2, 3, 6], [4, 5]) : 0.9312931178
94 : ([1, 5], [2, 3, 6], [4]) : 0.9218792891
95 : ([1, 4], [2, 3, 6], [5]) : 0.9215400901
96 : ([1], [2, 3, 6], [4], [5]) : 0.9212456991
97 : ([1, 3, 6], [2, 4, 5]) : 0.9005219500
98 : ([1, 3, 6], [2], [4, 5]) : 0.8985673796
99 : ([1, 3, 6], [2, 5], [4]) : 0.8922939051
100 : ([1, 3, 6], [2, 4], [5]) : 0.8917974862
101 : ([1, 3, 6], [2], [4], [5]) : 0.8914958744
102 : ([1, 2, 4, 5], [3, 6]) : 0.9028143657
103 : ([1], [2, 4, 5], [3, 6]) : 0.8974007607
104 : ([1, 4, 5], [2], [3, 6]) : 0.8987110590
105 : ([1, 2], [3, 6], [4, 5]) : 0.8972760726
106 : ([1], [2], [3, 6], [4, 5]) : 0.8954580290
107 : ([1, 2, 5], [3, 6], [4]) : 0.8951978867
108 : ([1, 4], [2, 5], [3, 6]) : 0.8908793186
109 : ([1], [2, 5], [3, 6], [4]) : 0.8893771059
110 : ([1, 5], [2, 4], [3, 6]) : 0.8908426113
111 : ([1, 5], [2], [3, 6], [4]) : 0.8905693285
112 : ([1, 2, 4], [3, 6], [5]) : 0.8940422737
113 : ([1], [2, 4], [3, 6], [5]) : 0.8888399838
114 : ([1, 4], [2], [3, 6], [5]) : 0.8899784992
115 : ([1, 2], [3, 6], [4], [5]) : 0.8920786857
116 : ([1], [2], [3, 6], [4], [5]) : 0.8885627233
117 : ([1, 2, 6], [3, 4, 5]) : 0.9021545584
118 : ([1, 2, 6], [3], [4, 5]) : 0.8978649276
119 : ([1, 2, 6], [3, 5], [4]) : 0.8947507000
120 : ([1, 2, 6], [3, 4], [5]) : 0.8947433149
121 : ([1, 2, 6], [3], [4], [5]) : 0.8937365143
122 : ([1, 3, 4, 5], [2, 6]) : 0.9035772515
123 : ([1], [2, 6], [3, 4, 5]) : 0.8978022520
124 : ([1, 4, 5], [2, 6], [3]) : 0.8976674423
125 : ([1, 3], [2, 6], [4, 5]) : 0.8961919178
126 : ([1], [2, 6], [3], [4, 5]) : 0.8942560241
127 : ([1, 3, 5], [2, 6], [4]) : 0.8931614367
128 : ([1, 4], [2, 6], [3, 5]) : 0.8902663283
129 : ([1], [2, 6], [3, 5], [4]) : 0.8889981321
130 : ([1, 5], [2, 6], [3, 4]) : 0.8909115829
131 : ([1, 5], [2, 6], [3], [4]) : 0.8902850874
132 : ([1, 3, 4], [2, 6], [5]) : 0.8916807916
133 : ([1], [2, 6], [3, 4], [5]) : 0.8886971408
134 : ([1, 4], [2, 6], [3], [5]) : 0.8892903127
135 : ([1, 3], [2, 6], [4], [5]) : 0.8897101974
136 : ([1], [2, 6], [3], [4], [5]) : 0.8880312149
137 : ([1, 6], [2, 3, 4, 5]) : 0.9356484654
138 : ([1, 6], [2], [3, 4, 5]) : 0.8963938593
139 : ([1, 6], [2, 4, 5], [3]) : 0.8951406692
140 : ([1, 6], [2, 3], [4, 5]) : 0.9305679828
141 : ([1, 6], [2], [3], [4, 5]) : 0.8930133671
142 : ([1, 6], [2, 3, 5], [4]) : 0.9225861550
143 : ([1, 6], [2, 4], [3, 5]) : 0.8879424260
144 : ([1, 6], [2], [3, 5], [4]) : 0.8878014918
145 : ([1, 6], [2, 5], [3, 4]) : 0.8885806135
146 : ([1, 6], [2, 5], [3], [4]) : 0.8878987508
147 : ([1, 6], [2, 3, 4], [5]) : 0.9233879246
148 : ([1, 6], [2], [3, 4], [5]) : 0.8876065563
149 : ([1, 6], [2, 4], [3], [5]) : 0.8871958678
150 : ([1, 6], [2, 3], [4], [5]) : 0.9207429418
151 : ([1, 6], [2], [3], [4], [5]) : 0.8869783489
152 : ([1, 2, 3, 4, 5], [6]) : 0.9406678906
153 : ([1], [2, 3, 4, 5], [6]) : 0.9346780374
154 : ([1, 3, 4, 5], [2], [6]) : 0.9018661616
155 : ([1, 2], [3, 4, 5], [6]) : 0.8991419555
156 : ([1], [2], [3, 4, 5], [6]) : 0.8962902163
157 : ([1, 2, 4, 5], [3], [6]) : 0.9007503314
158 : ([1, 3], [2, 4, 5], [6]) : 0.8968401942
159 : ([1], [2, 4, 5], [3], [6]) : 0.8949278648
160 : ([1, 4, 5], [2, 3], [6]) : 0.9304470732
161 : ([1, 4, 5], [2], [3], [6]) : 0.8962001194
162 : ([1, 2, 3], [4, 5], [6]) : 0.9344700844
163 : ([1], [2, 3], [4, 5], [6]) : 0.9298111584
164 : ([1, 3], [2], [4, 5], [6]) : 0.8947356317
165 : ([1, 2], [3], [4, 5], [6]) : 0.8949732038
166 : ([1], [2], [3], [4, 5], [6]) : 0.8928582724
167 : ([1, 2, 3, 5], [4], [6]) : 0.9284677967
168 : ([1, 4], [2, 3, 5], [6]) : 0.9225739322
169 : ([1], [2, 3, 5], [4], [6]) : 0.9221690399
170 : ([1, 3, 5], [2, 4], [6]) : 0.8916318445
171 : ([1, 3, 5], [2], [4], [6]) : 0.8913198325
172 : ([1, 2, 4], [3, 5], [6]) : 0.8931468925
173 : ([1], [2, 4], [3, 5], [6]) : 0.8876448770
174 : ([1, 4], [2], [3, 5], [6]) : 0.8888541787
175 : ([1, 2], [3, 5], [4], [6]) : 0.8911894169
176 : ([1], [2], [3, 5], [4], [6]) : 0.8874211883
177 : ([1, 2, 5], [3, 4], [6]) : 0.8946194538
178 : ([1, 2, 5], [3], [4], [6]) : 0.8935298729
179 : ([1, 3, 4], [2, 5], [6]) : 0.8913705760
180 : ([1], [2, 5], [3, 4], [6]) : 0.8881923099
181 : ([1, 4], [2, 5], [3], [6]) : 0.8889421419
182 : ([1, 3], [2, 5], [4], [6]) : 0.8891247541
183 : ([1], [2, 5], [3], [4], [6]) : 0.8874756145
184 : ([1, 5], [2, 3, 4], [6]) : 0.9235764771
185 : ([1, 5], [2], [3, 4], [6]) : 0.8893336733
186 : ([1, 5], [2, 4], [3], [6]) : 0.8890063467
187 : ([1, 5], [2, 3], [4], [6]) : 0.9209008077
188 : ([1, 5], [2], [3], [4], [6]) : 0.8887135554
189 : ([1, 2, 3, 4], [5], [6]) : 0.9296124178
190 : ([1], [2, 3, 4], [5], [6]) : 0.9229885097
191 : ([1, 3, 4], [2], [5], [6]) : 0.8903092017
192 : ([1, 2], [3, 4], [5], [6]) : 0.8912845833
193 : ([1], [2], [3, 4], [5], [6]) : 0.8872446949
194 : ([1, 2, 4], [3], [5], [6]) : 0.8922744420
195 : ([1, 3], [2, 4], [5], [6]) : 0.8886829242
196 : ([1], [2, 4], [3], [5], [6]) : 0.8868837862
197 : ([1, 4], [2, 3], [5], [6]) : 0.9205478238
198 : ([1, 4], [2], [3], [5], [6]) : 0.8879591848
199 : ([1, 2, 3], [4], [5], [6]) : 0.9261860808
200 : ([1], [2, 3], [4], [5], [6]) : 0.9202533061
201 : ([1, 3], [2], [4], [5], [6]) : 0.8882211721
202 : ([1, 2], [3], [4], [5], [6]) : 0.8902629535
203 : ([1], [2], [3], [4], [5], [6]) : 0.8865823328
