=== Bootstrap seed: 70 ===
1 : ([1, 2, 3, 4, 5, 6],) : 0.9604013252
2 : ([1], [2, 3, 4, 5, 6]) : 0.9565379458
3 : ([1, 3, 4, 5, 6], [2]) : 0.9175362296
4 : ([1, 2], [3, 4, 5, 6]) : 0.9109584392
5 : ([1], [2], [3, 4, 5, 6]) : 0.9094399681
6 : ([1, 2, 4, 5, 6], [3]) : 0.9189329343
7 : ([1, 3], [2, 4, 5, 6]) : 0.9119371381
8 : ([1], [2, 4, 5, 6], [3]) : 0.9115110076
9 : ([1, 4, 5, 6], [2, 3]) : 0.9556889009
10 : ([1, 4, 5, 6], [2], [3]) : 0.9086568461
11 : ([1, 2, 3], [4, 5, 6]) : 0.9557074471
12 : ([1], [2, 3], [4, 5, 6]) : 0.9542355455
13 : ([1, 3], [2], [4, 5, 6]) : 0.9063547197
14 : ([1, 2], [3], [4, 5, 6]) : 0.9073094464
15 : ([1], [2], [3], [4, 5, 6]) : 0.9057066788
16 : ([1, 2, 3, 5, 6], [4]) : 0.9400726486
17 : ([1, 4], [2, 3, 5, 6]) : 0.9327350066
18 : ([1], [2, 3, 5, 6], [4]) : 0.9326846758
19 : ([1, 3, 5, 6], [2, 4]) : 0.8923104369
20 : ([1, 3, 5, 6], [2], [4]) : 0.8899790419
21 : ([1, 2, 4], [3, 5, 6]) : 0.8951945951
22 : ([1], [2, 4], [3, 5, 6]) : 0.8866339590
23 : ([1, 4], [2], [3, 5, 6]) : 0.8852716877
24 : ([1, 2], [3, 5, 6], [4]) : 0.8894327957
25 : ([1], [2], [3, 5, 6], [4]) : 0.8843526013
26 : ([1, 2, 5, 6], [3, 4]) : 0.9000676524
27 : ([1, 2, 5, 6], [3], [4]) : 0.8988754815
28 : ([1, 3, 4], [2, 5, 6]) : 0.8937824021
29 : ([1], [2, 5, 6], [3, 4]) : 0.8928960503
30 : ([1, 4], [2, 5, 6], [3]) : 0.8909846150
31 : ([1, 3], [2, 5, 6], [4]) : 0.8913685357
32 : ([1], [2, 5, 6], [3], [4]) : 0.8907819875
33 : ([1, 5, 6], [2, 3, 4]) : 0.9338828823
34 : ([1, 5, 6], [2], [3, 4]) : 0.8862189061
35 : ([1, 5, 6], [2, 4], [3]) : 0.8857194486
36 : ([1, 5, 6], [2, 3], [4]) : 0.9315059117
37 : ([1, 5, 6], [2], [3], [4]) : 0.8838830264
38 : ([1, 2, 3, 4], [5, 6]) : 0.9375066778
39 : ([1], [2, 3, 4], [5, 6]) : 0.9329593197
40 : ([1, 3, 4], [2], [5, 6]) : 0.8871892097
41 : ([1, 2], [3, 4], [5, 6]) : 0.8903435498
42 : ([1], [2], [3, 4], [5, 6]) : 0.8853257569
43 : ([1, 2, 4], [3], [5, 6]) : 0.8938509788
44 : ([1, 3], [2, 4], [5, 6]) : 0.8856230893
45 : ([1], [2, 4], [3], [5, 6]) : 0.8847805080
46 : ([1, 4], [2, 3], [5, 6]) : 0.9304822404
47 : ([1, 4], [2], [3], [5, 6]) : 0.8836693366
48 : ([1, 2, 3], [4], [5, 6]) : 0.9355905445
49 : ([1], [2, 3], [4], [5, 6]) : 0.9304205312
50 : ([1, 3], [2], [4], [5, 6]) : 0.8839325507
51 : ([1, 2], [3], [4], [5, 6]) : 0.8884050544
52 : ([1], [2], [3], [4], [5, 6]) : 0.8827150403
53 : ([1, 2, 3, 4, 6], [5]) : 0.9408374617
54 : ([1, 5], [2, 3, 4, 6]) : 0.9352409518
55 : ([1], [2, 3, 4, 6], [5]) : 0.9349778634
56 : ([1, 3, 4, 6], [2, 5]) : 0.8994469820
57 : ([1, 3, 4, 6], [2], [5]) : 0.8946567978
58 : ([1, 2, 5], [3, 4, 6]) : 0.9014280472
59 : ([1], [2, 5], [3, 4, 6]) : 0.8916518329
60 : ([1, 5], [2], [3, 4, 6]) : 0.8864658248
61 : ([1, 2], [3, 4, 6], [5]) : 0.8908526306
62 : ([1], [2], [3, 4, 6], [5]) : 0.8858914629
63 : ([1, 2, 4, 6], [3, 5]) : 0.8961554056
64 : ([1, 2, 4, 6], [3], [5]) : 0.8959120762
65 : ([1, 3, 5], [2, 4, 6]) : 0.8895655801
66 : ([1], [2, 4, 6], [3, 5]) : 0.8872785483
67 : ([1, 5], [2, 4, 6], [3]) : 0.8873105663
68 : ([1, 3], [2, 4, 6], [5]) : 0.8869765675
69 : ([1], [2, 4, 6], [3], [5]) : 0.8866454528
70 : ([1, 4, 6], [2, 3, 5]) : 0.9334575676
71 : ([1, 4, 6], [2], [3, 5]) : 0.8856036191
72 : ([1, 4, 6], [2, 5], [3]) : 0.8893909955
73 : ([1, 4, 6], [2, 3], [5]) : 0.9317706893
74 : ([1, 4, 6], [2], [3], [5]) : 0.8846810480
75 : ([1, 2, 3, 5], [4, 6]) : 0.9374353222
76 : ([1], [2, 3, 5], [4, 6]) : 0.9313691213
77 : ([1, 3, 5], [2], [4, 6]) : 0.8835871173
78 : ([1, 2], [3, 5], [4, 6]) : 0.8865699811
79 : ([1], [2], [3, 5], [4, 6]) : 0.8817336021
80 : ([1, 2, 5], [3], [4, 6]) : 0.8965590705
81 : ([1, 3], [2, 5], [4, 6]) : 0.8866368962
82 : ([1], [2, 5], [3], [4, 6]) : 0.8864174292
83 : ([1, 5], [2, 3], [4, 6]) : 0.9304608255
84 : ([1, 5], [2], [3], [4, 6]) : 0.8813560946
85 : ([1, 2, 3], [4, 6], [5]) : 0.9346618348
86 : ([1], [2, 3], [4, 6], [5]) : 0.9299404306
87 : ([1, 3], [2], [4, 6], [5]) : 0.8813591677
88 : ([1, 2], [3], [4, 6], [5]) : 0.8861978739
89 : ([1], [2], [3], [4, 6], [5]) : 0.8808766246
90 : ([1, 2, 3, 6], [4, 5]) : 0.9371060087
91 : ([1, 2, 3, 6], [4], [5]) : 0.9302459585
92 : ([1, 4, 5], [2, 3, 6]) : 0.9331137513
93 : ([1], [2, 3, 6], [4, 5]) : 0.9317154605
94 : ([1, 5], [2, 3, 6], [4]) : 0.9226196206
95 : ([1, 4], [2, 3, 6], [5]) : 0.9225803633
96 : ([1], [2, 3, 6], [4], [5]) : 0.9221992953
97 : ([1, 3, 6], [2, 4, 5]) : 0.8917660085
98 : ([1, 3, 6], [2], [4, 5]) : 0.8846938422
99 : ([1, 3, 6], [2, 5], [4]) : 0.8823461430
100 : ([1, 3, 6], [2, 4], [5]) : 0.8798501575
101 : ([1, 3, 6], [2], [4], [5]) : 0.8773204588
102 : ([1, 2, 4, 5], [3, 6]) : 0.8987634287
103 : ([1], [2, 4, 5], [3, 6]) : 0.8861290424
104 : ([1, 4, 5], [2], [3, 6]) : 0.8801791095
105 : ([1, 2], [3, 6], [4, 5]) : 0.8832209870
106 : ([1], [2], [3, 6], [4, 5]) : 0.8778712945
107 : ([1, 2, 5], [3, 6], [4]) : 0.8903037531
108 : ([1, 4], [2, 5], [3, 6]) : 0.8781206925
109 : ([1], [2, 5], [3, 6], [4]) : 0.8778552907
110 : ([1, 5], [2, 4], [3, 6]) : 0.8749785522
111 : ([1, 5], [2], [3, 6], [4]) : 0.8722581519
112 : ([1, 2, 4], [3, 6], [5]) : 0.8853459917
113 : ([1], [2, 4], [3, 6], [5]) : 0.8741978439
114 : ([1, 4], [2], [3, 6], [5]) : 0.8723911894
115 : ([1, 2], [3, 6], [4], [5]) : 0.8790995364
116 : ([1], [2], [3, 6], [4], [5]) : 0.8715480541
117 : ([1, 2, 6], [3, 4, 5]) : 0.8918908146
118 : ([1, 2, 6], [3], [4, 5]) : 0.8852140864
119 : ([1, 2, 6], [3, 5], [4]) : 0.8816606390
120 : ([1, 2, 6], [3, 4], [5]) : 0.8836097287
121 : ([1, 2, 6], [3], [4], [5]) : 0.8814058810
122 : ([1, 3, 4, 5], [2, 6]) : 0.8915460965
123 : ([1], [2, 6], [3, 4, 5]) : 0.8869503138
124 : ([1, 4, 5], [2, 6], [3]) : 0.8815908922
125 : ([1, 3], [2, 6], [4, 5]) : 0.8809453974
126 : ([1], [2, 6], [3], [4, 5]) : 0.8796341151
127 : ([1, 3, 5], [2, 6], [4]) : 0.8773571768
128 : ([1, 4], [2, 6], [3, 5]) : 0.8753744371
129 : ([1], [2, 6], [3, 5], [4]) : 0.8748024152
130 : ([1, 5], [2, 6], [3, 4]) : 0.8774646323
131 : ([1, 5], [2, 6], [3], [4]) : 0.8746804555
132 : ([1, 3, 4], [2, 6], [5]) : 0.8783619498
133 : ([1], [2, 6], [3, 4], [5]) : 0.8769027807
134 : ([1, 4], [2, 6], [3], [5]) : 0.8745269709
135 : ([1, 3], [2, 6], [4], [5]) : 0.8751023032
136 : ([1], [2, 6], [3], [4], [5]) : 0.8740280881
137 : ([1, 6], [2, 3, 4, 5]) : 0.9371339742
138 : ([1, 6], [2], [3, 4, 5]) : 0.8853246988
139 : ([1, 6], [2, 4, 5], [3]) : 0.8852985840
140 : ([1, 6], [2, 3], [4, 5]) : 0.9307367818
141 : ([1, 6], [2], [3], [4, 5]) : 0.8779808160
142 : ([1, 6], [2, 3, 5], [4]) : 0.9232790347
143 : ([1, 6], [2, 4], [3, 5]) : 0.8743330132
144 : ([1, 6], [2], [3, 5], [4]) : 0.8721790370
145 : ([1, 6], [2, 5], [3, 4]) : 0.8807874728
146 : ([1, 6], [2, 5], [3], [4]) : 0.8775302747
147 : ([1, 6], [2, 3, 4], [5]) : 0.9243802930
148 : ([1, 6], [2], [3, 4], [5]) : 0.8745521328
149 : ([1, 6], [2, 4], [3], [5]) : 0.8733828122
150 : ([1, 6], [2, 3], [4], [5]) : 0.9212056227
151 : ([1, 6], [2], [3], [4], [5]) : 0.8713553726
152 : ([1, 2, 3, 4, 5], [6]) : 0.9430433462
153 : ([1], [2, 3, 4, 5], [6]) : 0.9367301297
154 : ([1, 3, 4, 5], [2], [6]) : 0.8896691372
155 : ([1, 2], [3, 4, 5], [6]) : 0.8896239223
156 : ([1], [2], [3, 4, 5], [6]) : 0.8850284071
157 : ([1, 2, 4, 5], [3], [6]) : 0.8967310572
158 : ([1, 3], [2, 4, 5], [6]) : 0.8856761133
159 : ([1], [2, 4, 5], [3], [6]) : 0.8848213151
160 : ([1, 4, 5], [2, 3], [6]) : 0.9321783437
161 : ([1, 4, 5], [2], [3], [6]) : 0.8791782140
162 : ([1, 2, 3], [4, 5], [6]) : 0.9347206720
163 : ([1], [2, 3], [4, 5], [6]) : 0.9305330630
164 : ([1, 3], [2], [4, 5], [6]) : 0.8785504362
165 : ([1, 2], [3], [4, 5], [6]) : 0.8822466612
166 : ([1], [2], [3], [4, 5], [6]) : 0.8771659544
167 : ([1, 2, 3, 5], [4], [6]) : 0.9303165907
168 : ([1, 4], [2, 3, 5], [6]) : 0.9233859147
169 : ([1], [2, 3, 5], [4], [6]) : 0.9228900474
170 : ([1, 3, 5], [2, 4], [6]) : 0.8762490857
171 : ([1, 3, 5], [2], [4], [6]) : 0.8739959865
172 : ([1, 2, 4], [3, 5], [6]) : 0.8838268253
173 : ([1], [2, 4], [3, 5], [6]) : 0.8738488946
174 : ([1, 4], [2], [3, 5], [6]) : 0.8724952835
175 : ([1, 2], [3, 5], [4], [6]) : 0.8782427587
176 : ([1], [2], [3, 5], [4], [6]) : 0.8715558501
177 : ([1, 2, 5], [3, 4], [6]) : 0.8909535585
178 : ([1, 2, 5], [3], [4], [6]) : 0.8889128029
179 : ([1, 3, 4], [2, 5], [6]) : 0.8815219049
180 : ([1], [2, 5], [3, 4], [6]) : 0.8804922289
181 : ([1, 4], [2, 5], [3], [6]) : 0.8773098026
182 : ([1, 3], [2, 5], [4], [6]) : 0.8776165553
183 : ([1], [2, 5], [3], [4], [6]) : 0.8770256195
184 : ([1, 5], [2, 3, 4], [6]) : 0.9243790707
185 : ([1, 5], [2], [3, 4], [6]) : 0.8745833092
186 : ([1, 5], [2, 4], [3], [6]) : 0.8734663341
187 : ([1, 5], [2, 3], [4], [6]) : 0.9212785774
188 : ([1, 5], [2], [3], [4], [6]) : 0.8712533563
189 : ([1, 2, 3, 4], [5], [6]) : 0.9299824055
190 : ([1], [2, 3, 4], [5], [6]) : 0.9240796679
191 : ([1, 3, 4], [2], [5], [6]) : 0.8758918426
192 : ([1, 2], [3, 4], [5], [6]) : 0.8806586127
193 : ([1], [2], [3, 4], [5], [6]) : 0.8741323641
194 : ([1, 2, 4], [3], [5], [6]) : 0.8835216093
195 : ([1, 3], [2, 4], [5], [6]) : 0.8737006583
196 : ([1], [2, 4], [3], [5], [6]) : 0.8728937475
197 : ([1, 4], [2, 3], [5], [6]) : 0.9213261589
198 : ([1, 4], [2], [3], [5], [6]) : 0.8715677958
199 : ([1, 2, 3], [4], [5], [6]) : 0.9273979901
200 : ([1], [2, 3], [4], [5], [6]) : 0.9209002889
201 : ([1, 3], [2], [4], [5], [6]) : 0.8718299197
202 : ([1, 2], [3], [4], [5], [6]) : 0.8779790177
203 : ([1], [2], [3], [4], [5], [6]) : 0.8707007182
