=== Bootstrap seed: 44 ===
1 : ([1, 2, 3, 4, 5, 6],) : 0.9603204991
2 : ([1], [2, 3, 4, 5, 6]) : 0.9543921397
3 : ([1, 3, 4, 5, 6], [2]) : 0.9240170250
4 : ([1, 2], [3, 4, 5, 6]) : 0.9239291577
5 : ([1], [2], [3, 4, 5, 6]) : 0.9205219903
6 : ([1, 2, 4, 5, 6], [3]) : 0.9310465079
7 : ([1, 3], [2, 4, 5, 6]) : 0.9254944915
8 : ([1], [2, 4, 5, 6], [3]) : 0.9250742520
9 : ([1, 4, 5, 6], [2, 3]) : 0.9524450992
10 : ([1, 4, 5, 6], [2], [3]) : 0.9194023532
11 : ([1, 2, 3], [4, 5, 6]) : 0.9549465193
12 : ([1], [2, 3], [4, 5, 6]) : 0.9520083795
13 : ([1, 3], [2], [4, 5, 6]) : 0.9194881988
14 : ([1, 2], [3], [4, 5, 6]) : 0.9224969389
15 : ([1], [2], [3], [4, 5, 6]) : 0.9190330190
16 : ([1, 2, 3, 5, 6], [4]) : 0.9383921231
17 : ([1, 4], [2, 3, 5, 6]) : 0.9309034042
18 : ([1], [2, 3, 5, 6], [4]) : 0.9307294476
19 : ([1, 3, 5, 6], [2, 4]) : 0.8993436414
20 : ([1, 3, 5, 6], [2], [4]) : 0.8972663484
21 : ([1, 2, 4], [3, 5, 6]) : 0.9029830154
22 : ([1], [2, 4], [3, 5, 6]) : 0.8947767493
23 : ([1, 4], [2], [3, 5, 6]) : 0.8934232858
24 : ([1, 2], [3, 5, 6], [4]) : 0.8987684654
25 : ([1], [2], [3, 5, 6], [4]) : 0.8922884017
26 : ([1, 2, 5, 6], [3, 4]) : 0.9038271659
27 : ([1, 2, 5, 6], [3], [4]) : 0.9037463289
28 : ([1, 3, 4], [2, 5, 6]) : 0.8998502018
29 : ([1], [2, 5, 6], [3, 4]) : 0.8972985852
30 : ([1, 4], [2, 5, 6], [3]) : 0.8981784439
31 : ([1, 3], [2, 5, 6], [4]) : 0.8989018619
32 : ([1], [2, 5, 6], [3], [4]) : 0.8970762239
33 : ([1, 5, 6], [2, 3, 4]) : 0.9270253362
34 : ([1, 5, 6], [2], [3, 4]) : 0.8907247723
35 : ([1, 5, 6], [2, 4], [3]) : 0.8928108476
36 : ([1, 5, 6], [2, 3], [4]) : 0.9261332769
37 : ([1, 5, 6], [2], [3], [4]) : 0.8901996587
38 : ([1, 2, 3, 4], [5, 6]) : 0.9337474564
39 : ([1], [2, 3, 4], [5, 6]) : 0.9265823473
40 : ([1, 3, 4], [2], [5, 6]) : 0.8934138022
41 : ([1, 2], [3, 4], [5, 6]) : 0.8975006023
42 : ([1], [2], [3, 4], [5, 6]) : 0.8910009837
43 : ([1, 2, 4], [3], [5, 6]) : 0.9020278891
44 : ([1, 3], [2, 4], [5, 6]) : 0.8945356995
45 : ([1], [2, 4], [3], [5, 6]) : 0.8931156696
46 : ([1, 4], [2, 3], [5, 6]) : 0.9260931721
47 : ([1, 4], [2], [3], [5, 6]) : 0.8918795643
48 : ([1, 2, 3], [4], [5, 6]) : 0.9326158265
49 : ([1], [2, 3], [4], [5, 6]) : 0.9256541505
50 : ([1, 3], [2], [4], [5, 6]) : 0.8919624814
51 : ([1, 2], [3], [4], [5, 6]) : 0.8971109922
52 : ([1], [2], [3], [4], [5, 6]) : 0.8904433824
53 : ([1, 2, 3, 4, 6], [5]) : 0.9337582762
54 : ([1, 5], [2, 3, 4, 6]) : 0.9252604399
55 : ([1], [2, 3, 4, 6], [5]) : 0.9249870793
56 : ([1, 3, 4, 6], [2, 5]) : 0.8976052863
57 : ([1, 3, 4, 6], [2], [5]) : 0.8963307472
58 : ([1, 2, 5], [3, 4, 6]) : 0.9026350368
59 : ([1], [2, 5], [3, 4, 6]) : 0.8931226294
60 : ([1, 5], [2], [3, 4, 6]) : 0.8911852453
61 : ([1, 2], [3, 4, 6], [5]) : 0.8990475805
62 : ([1], [2], [3, 4, 6], [5]) : 0.8912878276
63 : ([1, 2, 4, 6], [3, 5]) : 0.9063130256
64 : ([1, 2, 4, 6], [3], [5]) : 0.9058172671
65 : ([1, 3, 5], [2, 4, 6]) : 0.8972381293
66 : ([1], [2, 4, 6], [3, 5]) : 0.8966191082
67 : ([1, 5], [2, 4, 6], [3]) : 0.8955295176
68 : ([1, 3], [2, 4, 6], [5]) : 0.8958595355
69 : ([1], [2, 4, 6], [3], [5]) : 0.8955058716
70 : ([1, 4, 6], [2, 3, 5]) : 0.9269582889
71 : ([1, 4, 6], [2], [3, 5]) : 0.8918917774
72 : ([1, 4, 6], [2, 5], [3]) : 0.8926210410
73 : ([1, 4, 6], [2, 3], [5]) : 0.9240348184
74 : ([1, 4, 6], [2], [3], [5]) : 0.8907071012
75 : ([1, 2, 3, 5], [4, 6]) : 0.9327482897
76 : ([1], [2, 3, 5], [4, 6]) : 0.9256917122
77 : ([1, 3, 5], [2], [4, 6]) : 0.8909822111
78 : ([1, 2], [3, 5], [4, 6]) : 0.8976280538
79 : ([1], [2], [3, 5], [4, 6]) : 0.8901372041
80 : ([1, 2, 5], [3], [4, 6]) : 0.9006023024
81 : ([1, 3], [2, 5], [4, 6]) : 0.8910940494
82 : ([1], [2, 5], [3], [4, 6]) : 0.8909017211
83 : ([1, 5], [2, 3], [4, 6]) : 0.9228447683
84 : ([1, 5], [2], [3], [4, 6]) : 0.8888150422
85 : ([1, 2, 3], [4, 6], [5]) : 0.9297221936
86 : ([1], [2, 3], [4, 6], [5]) : 0.9226795053
87 : ([1, 3], [2], [4, 6], [5]) : 0.8891667976
88 : ([1, 2], [3], [4, 6], [5]) : 0.8968447311
89 : ([1], [2], [3], [4, 6], [5]) : 0.8888807364
90 : ([1, 2, 3, 6], [4, 5]) : 0.9356587924
91 : ([1, 2, 3, 6], [4], [5]) : 0.9228415224
92 : ([1, 4, 5], [2, 3, 6]) : 0.9323180064
93 : ([1], [2, 3, 6], [4, 5]) : 0.9311396221
94 : ([1, 5], [2, 3, 6], [4]) : 0.9146091184
95 : ([1, 4], [2, 3, 6], [5]) : 0.9153313567
96 : ([1], [2, 3, 6], [4], [5]) : 0.9145023298
97 : ([1, 3, 6], [2, 4, 5]) : 0.8997762384
98 : ([1, 3, 6], [2], [4, 5]) : 0.8959726086
99 : ([1, 3, 6], [2, 5], [4]) : 0.8822212983
100 : ([1, 3, 6], [2, 4], [5]) : 0.8837481084
101 : ([1, 3, 6], [2], [4], [5]) : 0.8805908963
102 : ([1, 2, 4, 5], [3, 6]) : 0.9071202364
103 : ([1], [2, 4, 5], [3, 6]) : 0.8974169483
104 : ([1, 4, 5], [2], [3, 6]) : 0.8944607059
105 : ([1, 2], [3, 6], [4, 5]) : 0.8975733407
106 : ([1], [2], [3, 6], [4, 5]) : 0.8930428742
107 : ([1, 2, 5], [3, 6], [4]) : 0.8891105045
108 : ([1, 4], [2, 5], [3, 6]) : 0.8803367106
109 : ([1], [2, 5], [3, 6], [4]) : 0.8791163980
110 : ([1, 5], [2, 4], [3, 6]) : 0.8800350509
111 : ([1, 5], [2], [3, 6], [4]) : 0.8767293822
112 : ([1, 2, 4], [3, 6], [5]) : 0.8907026861
113 : ([1], [2, 4], [3, 6], [5]) : 0.8801761176
114 : ([1, 4], [2], [3, 6], [5]) : 0.8782004335
115 : ([1, 2], [3, 6], [4], [5]) : 0.8852286469
116 : ([1], [2], [3, 6], [4], [5]) : 0.8768462974
117 : ([1, 2, 6], [3, 4, 5]) : 0.9023356275
118 : ([1, 2, 6], [3], [4, 5]) : 0.9005129286
119 : ([1, 2, 6], [3, 5], [4]) : 0.8898483923
120 : ([1, 2, 6], [3, 4], [5]) : 0.8895086978
121 : ([1, 2, 6], [3], [4], [5]) : 0.8887344399
122 : ([1, 3, 4, 5], [2, 6]) : 0.9001131419
123 : ([1], [2, 6], [3, 4, 5]) : 0.8977114818
124 : ([1, 4, 5], [2, 6], [3]) : 0.8971897041
125 : ([1, 3], [2, 6], [4, 5]) : 0.8961209397
126 : ([1], [2, 6], [3], [4, 5]) : 0.8956026393
127 : ([1, 3, 5], [2, 6], [4]) : 0.8835736122
128 : ([1, 4], [2, 6], [3, 5]) : 0.8837280659
129 : ([1], [2, 6], [3, 5], [4]) : 0.8825566021
130 : ([1, 5], [2, 6], [3, 4]) : 0.8815180939
131 : ([1, 5], [2, 6], [3], [4]) : 0.8806860076
132 : ([1, 3, 4], [2, 6], [5]) : 0.8836480080
133 : ([1], [2, 6], [3, 4], [5]) : 0.8816472607
134 : ([1, 4], [2, 6], [3], [5]) : 0.8822345148
135 : ([1, 3], [2, 6], [4], [5]) : 0.8817653177
136 : ([1], [2, 6], [3], [4], [5]) : 0.8807778357
137 : ([1, 6], [2, 3, 4, 5]) : 0.9342193279
138 : ([1, 6], [2], [3, 4, 5]) : 0.8953240353
139 : ([1, 6], [2, 4, 5], [3]) : 0.8973239909
140 : ([1, 6], [2, 3], [4, 5]) : 0.9294910044
141 : ([1, 6], [2], [3], [4, 5]) : 0.8928699359
142 : ([1, 6], [2, 3, 5], [4]) : 0.9177621232
143 : ([1, 6], [2, 4], [3, 5]) : 0.8815384593
144 : ([1, 6], [2], [3, 5], [4]) : 0.8784736552
145 : ([1, 6], [2, 5], [3, 4]) : 0.8804629120
146 : ([1, 6], [2, 5], [3], [4]) : 0.8791576419
147 : ([1, 6], [2, 3, 4], [5]) : 0.9154932947
148 : ([1, 6], [2], [3, 4], [5]) : 0.8782522868
149 : ([1, 6], [2, 4], [3], [5]) : 0.8801498335
150 : ([1, 6], [2, 3], [4], [5]) : 0.9137934811
151 : ([1, 6], [2], [3], [4], [5]) : 0.8768536377
152 : ([1, 2, 3, 4, 5], [6]) : 0.9412427364
153 : ([1], [2, 3, 4, 5], [6]) : 0.9340322039
154 : ([1, 3, 4, 5], [2], [6]) : 0.8978659799
155 : ([1, 2], [3, 4, 5], [6]) : 0.8996927530
156 : ([1], [2], [3, 4, 5], [6]) : 0.8953226739
157 : ([1, 2, 4, 5], [3], [6]) : 0.9071077018
158 : ([1, 3], [2, 4, 5], [6]) : 0.8977528533
159 : ([1], [2, 4, 5], [3], [6]) : 0.8973170819
160 : ([1, 4, 5], [2, 3], [6]) : 0.9302340481
161 : ([1, 4, 5], [2], [3], [6]) : 0.8942632947
162 : ([1, 2, 3], [4, 5], [6]) : 0.9332925644
163 : ([1], [2, 3], [4, 5], [6]) : 0.9293853897
164 : ([1, 3], [2], [4, 5], [6]) : 0.8934009652
165 : ([1, 2], [3], [4, 5], [6]) : 0.8975692867
166 : ([1], [2], [3], [4, 5], [6]) : 0.8928588499
167 : ([1, 2, 3, 5], [4], [6]) : 0.9246751555
168 : ([1, 4], [2, 3, 5], [6]) : 0.9178842571
169 : ([1], [2, 3, 5], [4], [6]) : 0.9174766662
170 : ([1, 3, 5], [2, 4], [6]) : 0.8826224582
171 : ([1, 3, 5], [2], [4], [6]) : 0.8795325079
172 : ([1, 2, 4], [3, 5], [6]) : 0.8912394260
173 : ([1], [2, 4], [3, 5], [6]) : 0.8814886614
174 : ([1, 4], [2], [3, 5], [6]) : 0.8794826793
175 : ([1, 2], [3, 5], [4], [6]) : 0.8861369071
176 : ([1], [2], [3, 5], [4], [6]) : 0.8783663987
177 : ([1, 2, 5], [3, 4], [6]) : 0.8898115707
178 : ([1, 2, 5], [3], [4], [6]) : 0.8890123842
179 : ([1, 3, 4], [2, 5], [6]) : 0.8821191237
180 : ([1], [2, 5], [3, 4], [6]) : 0.8804343835
181 : ([1, 4], [2, 5], [3], [6]) : 0.8803545977
182 : ([1, 3], [2, 5], [4], [6]) : 0.8798377712
183 : ([1], [2, 5], [3], [4], [6]) : 0.8791326951
184 : ([1, 5], [2, 3, 4], [6]) : 0.9152473140
185 : ([1, 5], [2], [3, 4], [6]) : 0.8780554986
186 : ([1, 5], [2, 4], [3], [6]) : 0.8799869460
187 : ([1, 5], [2, 3], [4], [6]) : 0.9136114442
188 : ([1, 5], [2], [3], [4], [6]) : 0.8766887826
189 : ([1, 2, 3, 4], [5], [6]) : 0.9234123169
190 : ([1], [2, 3, 4], [5], [6]) : 0.9151506463
191 : ([1, 3, 4], [2], [5], [6]) : 0.8801168984
192 : ([1, 2], [3, 4], [5], [6]) : 0.8861907137
193 : ([1], [2], [3, 4], [5], [6]) : 0.8782087318
194 : ([1, 2, 4], [3], [5], [6]) : 0.8906569852
195 : ([1, 3], [2, 4], [5], [6]) : 0.8810063080
196 : ([1], [2, 4], [3], [5], [6]) : 0.8801240497
197 : ([1, 4], [2, 3], [5], [6]) : 0.9141908487
198 : ([1, 4], [2], [3], [5], [6]) : 0.8781785944
199 : ([1, 2, 3], [4], [5], [6]) : 0.9213398055
200 : ([1], [2, 3], [4], [5], [6]) : 0.9135507474
201 : ([1, 3], [2], [4], [5], [6]) : 0.8776935243
202 : ([1, 2], [3], [4], [5], [6]) : 0.8851046986
203 : ([1], [2], [3], [4], [5], [6]) : 0.8768085929
