=== Bootstrap seed: 79 ===
1 : ([1, 2, 3, 4, 5, 6],) : 0.9646896585
2 : ([1], [2, 3, 4, 5, 6]) : 0.9530726044
3 : ([1, 3, 4, 5, 6], [2]) : 0.9210081262
4 : ([1, 2], [3, 4, 5, 6]) : 0.9174110149
5 : ([1], [2], [3, 4, 5, 6]) : 0.9157635089
6 : ([1, 2, 4, 5, 6], [3]) : 0.9184806860
7 : ([1, 3], [2, 4, 5, 6]) : 0.9153201376
8 : ([1], [2, 4, 5, 6], [3]) : 0.9149687741
9 : ([1, 4, 5, 6], [2, 3]) : 0.9501342745
10 : ([1, 4, 5, 6], [2], [3]) : 0.9124668146
11 : ([1, 2, 3], [4, 5, 6]) : 0.9525942503
12 : ([1], [2, 3], [4, 5, 6]) : 0.9494189863
13 : ([1, 3], [2], [4, 5, 6]) : 0.9111887002
14 : ([1, 2], [3], [4, 5, 6]) : 0.9115276053
15 : ([1], [2], [3], [4, 5, 6]) : 0.9106318344
16 : ([1, 2, 3, 5, 6], [4]) : 0.9346491817
17 : ([1, 4], [2, 3, 5, 6]) : 0.9244275422
18 : ([1], [2, 3, 5, 6], [4]) : 0.9240081114
19 : ([1, 3, 5, 6], [2, 4]) : 0.8905756215
20 : ([1, 3, 5, 6], [2], [4]) : 0.8899428830
21 : ([1, 2, 4], [3, 5, 6]) : 0.8948910919
22 : ([1], [2, 4], [3, 5, 6]) : 0.8866605374
23 : ([1, 4], [2], [3, 5, 6]) : 0.8892762888
24 : ([1, 2], [3, 5, 6], [4]) : 0.8907651585
25 : ([1], [2], [3, 5, 6], [4]) : 0.8859263127
26 : ([1, 2, 5, 6], [3, 4]) : 0.8917360712
27 : ([1, 2, 5, 6], [3], [4]) : 0.8917033185
28 : ([1, 3, 4], [2, 5, 6]) : 0.8900507700
29 : ([1], [2, 5, 6], [3, 4]) : 0.8864552055
30 : ([1, 4], [2, 5, 6], [3]) : 0.8884061723
31 : ([1, 3], [2, 5, 6], [4]) : 0.8869976270
32 : ([1], [2, 5, 6], [3], [4]) : 0.8861902708
33 : ([1, 5, 6], [2, 3, 4]) : 0.9195898220
34 : ([1, 5, 6], [2], [3, 4]) : 0.8829052358
35 : ([1, 5, 6], [2, 4], [3]) : 0.8830484770
36 : ([1, 5, 6], [2, 3], [4]) : 0.9193370391
37 : ([1, 5, 6], [2], [3], [4]) : 0.8824486986
38 : ([1, 2, 3, 4], [5, 6]) : 0.9251526368
39 : ([1], [2, 3, 4], [5, 6]) : 0.9183764973
40 : ([1, 3, 4], [2], [5, 6]) : 0.8872927723
41 : ([1, 2], [3, 4], [5, 6]) : 0.8858240608
42 : ([1], [2], [3, 4], [5, 6]) : 0.8826042014
43 : ([1, 2, 4], [3], [5, 6]) : 0.8897394529
44 : ([1, 3], [2, 4], [5, 6]) : 0.8838350675
45 : ([1], [2, 4], [3], [5, 6]) : 0.8827795355
46 : ([1, 4], [2, 3], [5, 6]) : 0.9188775720
47 : ([1, 4], [2], [3], [5, 6]) : 0.8851924174
48 : ([1, 2, 3], [4], [5, 6]) : 0.9234696464
49 : ([1], [2, 3], [4], [5, 6]) : 0.9182230431
50 : ([1, 3], [2], [4], [5, 6]) : 0.8832731896
51 : ([1, 2], [3], [4], [5, 6]) : 0.8856518209
52 : ([1], [2], [3], [4], [5, 6]) : 0.8821883012
53 : ([1, 2, 3, 4, 6], [5]) : 0.9273853962
54 : ([1, 5], [2, 3, 4, 6]) : 0.9193732439
55 : ([1], [2, 3, 4, 6], [5]) : 0.9192377793
56 : ([1, 3, 4, 6], [2, 5]) : 0.8934345605
57 : ([1, 3, 4, 6], [2], [5]) : 0.8918238940
58 : ([1, 2, 5], [3, 4, 6]) : 0.8918849196
59 : ([1], [2, 5], [3, 4, 6]) : 0.8880472888
60 : ([1, 5], [2], [3, 4, 6]) : 0.8862781037
61 : ([1, 2], [3, 4, 6], [5]) : 0.8890863681
62 : ([1], [2], [3, 4, 6], [5]) : 0.8860775347
63 : ([1, 2, 4, 6], [3, 5]) : 0.8973895382
64 : ([1, 2, 4, 6], [3], [5]) : 0.8941240405
65 : ([1, 3, 5], [2, 4, 6]) : 0.8916887785
66 : ([1], [2, 4, 6], [3, 5]) : 0.8894613485
67 : ([1, 5], [2, 4, 6], [3]) : 0.8875952032
68 : ([1, 3], [2, 4, 6], [5]) : 0.8875756022
69 : ([1], [2, 4, 6], [3], [5]) : 0.8872025917
70 : ([1, 4, 6], [2, 3, 5]) : 0.9232000328
71 : ([1, 4, 6], [2], [3, 5]) : 0.8890742922
72 : ([1, 4, 6], [2, 5], [3]) : 0.8884299567
73 : ([1, 4, 6], [2, 3], [5]) : 0.9186648937
74 : ([1, 4, 6], [2], [3], [5]) : 0.8867211006
75 : ([1, 2, 3, 5], [4, 6]) : 0.9261511033
76 : ([1], [2, 3, 5], [4, 6]) : 0.9214567315
77 : ([1, 3, 5], [2], [4, 6]) : 0.8884178115
78 : ([1, 2], [3, 5], [4, 6]) : 0.8896936817
79 : ([1], [2], [3, 5], [4, 6]) : 0.8859274446
80 : ([1, 2, 5], [3], [4, 6]) : 0.8900621883
81 : ([1, 3], [2, 5], [4, 6]) : 0.8865523861
82 : ([1], [2, 5], [3], [4, 6]) : 0.8858279089
83 : ([1, 5], [2, 3], [4, 6]) : 0.9173010272
84 : ([1, 5], [2], [3], [4, 6]) : 0.8841740959
85 : ([1, 2, 3], [4, 6], [5]) : 0.9211453843
86 : ([1], [2, 3], [4, 6], [5]) : 0.9172026108
87 : ([1, 3], [2], [4, 6], [5]) : 0.8844019010
88 : ([1, 2], [3], [4, 6], [5]) : 0.8868882431
89 : ([1], [2], [3], [4, 6], [5]) : 0.8838256859
90 : ([1, 2, 3, 6], [4, 5]) : 0.9316601472
91 : ([1, 2, 3, 6], [4], [5]) : 0.9172183234
92 : ([1, 4, 5], [2, 3, 6]) : 0.9247934536
93 : ([1], [2, 3, 6], [4, 5]) : 0.9236272799
94 : ([1, 5], [2, 3, 6], [4]) : 0.9096052077
95 : ([1, 4], [2, 3, 6], [5]) : 0.9099398060
96 : ([1], [2, 3, 6], [4], [5]) : 0.9091350814
97 : ([1, 3, 6], [2, 4, 5]) : 0.8926498958
98 : ([1, 3, 6], [2], [4, 5]) : 0.8887464227
99 : ([1, 3, 6], [2, 5], [4]) : 0.8782982932
100 : ([1, 3, 6], [2, 4], [5]) : 0.8767921580
101 : ([1, 3, 6], [2], [4], [5]) : 0.8760853744
102 : ([1, 2, 4, 5], [3, 6]) : 0.8961330532
103 : ([1], [2, 4, 5], [3, 6]) : 0.8908729157
104 : ([1, 4, 5], [2], [3, 6]) : 0.8901116396
105 : ([1, 2], [3, 6], [4, 5]) : 0.8894577129
106 : ([1], [2], [3, 6], [4, 5]) : 0.8864274049
107 : ([1, 2, 5], [3, 6], [4]) : 0.8823109491
108 : ([1, 4], [2, 5], [3, 6]) : 0.8787235596
109 : ([1], [2, 5], [3, 6], [4]) : 0.8763517133
110 : ([1, 5], [2, 4], [3, 6]) : 0.8752847430
111 : ([1, 5], [2], [3, 6], [4]) : 0.8745000716
112 : ([1, 2, 4], [3, 6], [5]) : 0.8834365022
113 : ([1], [2, 4], [3, 6], [5]) : 0.8748714544
114 : ([1, 4], [2], [3, 6], [5]) : 0.8769919593
115 : ([1, 2], [3, 6], [4], [5]) : 0.8785833296
116 : ([1], [2], [3, 6], [4], [5]) : 0.8739855847
117 : ([1, 2, 6], [3, 4, 5]) : 0.8922767179
118 : ([1, 2, 6], [3], [4, 5]) : 0.8879489167
119 : ([1, 2, 6], [3, 5], [4]) : 0.8826208461
120 : ([1, 2, 6], [3, 4], [5]) : 0.8786654745
121 : ([1, 2, 6], [3], [4], [5]) : 0.8781774106
122 : ([1, 3, 4, 5], [2, 6]) : 0.8962047577
123 : ([1], [2, 6], [3, 4, 5]) : 0.8892387876
124 : ([1, 4, 5], [2, 6], [3]) : 0.8895358679
125 : ([1, 3], [2, 6], [4, 5]) : 0.8858691754
126 : ([1], [2, 6], [3], [4, 5]) : 0.8853128855
127 : ([1, 3, 5], [2, 6], [4]) : 0.8796794881
128 : ([1, 4], [2, 6], [3, 5]) : 0.8800564329
129 : ([1], [2, 6], [3, 5], [4]) : 0.8767694780
130 : ([1, 5], [2, 6], [3, 4]) : 0.8757274800
131 : ([1, 5], [2, 6], [3], [4]) : 0.8749786133
132 : ([1, 3, 4], [2, 6], [5]) : 0.8793150498
133 : ([1], [2, 6], [3, 4], [5]) : 0.8748847550
134 : ([1, 4], [2, 6], [3], [5]) : 0.8769394421
135 : ([1, 3], [2, 6], [4], [5]) : 0.8747553402
136 : ([1], [2, 6], [3], [4], [5]) : 0.8740139444
137 : ([1, 6], [2, 3, 4, 5]) : 0.9280551147
138 : ([1, 6], [2], [3, 4, 5]) : 0.8877169293
139 : ([1, 6], [2, 4, 5], [3]) : 0.8879625864
140 : ([1, 6], [2, 3], [4, 5]) : 0.9227180638
141 : ([1, 6], [2], [3], [4, 5]) : 0.8838301460
142 : ([1, 6], [2, 3, 5], [4]) : 0.9143435915
143 : ([1, 6], [2, 4], [3, 5]) : 0.8755706769
144 : ([1, 6], [2], [3, 5], [4]) : 0.8749248743
145 : ([1, 6], [2, 5], [3, 4]) : 0.8756643932
146 : ([1, 6], [2, 5], [3], [4]) : 0.8747902661
147 : ([1, 6], [2, 3, 4], [5]) : 0.9093984071
148 : ([1, 6], [2], [3, 4], [5]) : 0.8733511193
149 : ([1, 6], [2, 4], [3], [5]) : 0.8730537839
150 : ([1, 6], [2, 3], [4], [5]) : 0.9086070027
151 : ([1, 6], [2], [3], [4], [5]) : 0.8723475541
152 : ([1, 2, 3, 4, 5], [6]) : 0.9323239883
153 : ([1], [2, 3, 4, 5], [6]) : 0.9267643496
154 : ([1, 3, 4, 5], [2], [6]) : 0.8946830916
155 : ([1, 2], [3, 4, 5], [6]) : 0.8899396473
156 : ([1], [2], [3, 4, 5], [6]) : 0.8876168702
157 : ([1, 2, 4, 5], [3], [6]) : 0.8931871282
158 : ([1, 3], [2, 4, 5], [6]) : 0.8885691935
159 : ([1], [2, 4, 5], [3], [6]) : 0.8878539637
160 : ([1, 4, 5], [2, 3], [6]) : 0.9229826799
161 : ([1, 4, 5], [2], [3], [6]) : 0.8877740147
162 : ([1, 2, 3], [4, 5], [6]) : 0.9266914177
163 : ([1], [2, 3], [4, 5], [6]) : 0.9218867398
164 : ([1, 3], [2], [4, 5], [6]) : 0.8844787741
165 : ([1, 2], [3], [4, 5], [6]) : 0.8861975156
166 : ([1], [2], [3], [4, 5], [6]) : 0.8838417481
167 : ([1, 2, 3, 5], [4], [6]) : 0.9191961735
168 : ([1, 4], [2, 3, 5], [6]) : 0.9133980387
169 : ([1], [2, 3, 5], [4], [6]) : 0.9130496922
170 : ([1, 3, 5], [2, 4], [6]) : 0.8782262835
171 : ([1, 3, 5], [2], [4], [6]) : 0.8777304840
172 : ([1, 2, 4], [3, 5], [6]) : 0.8841054078
173 : ([1], [2, 4], [3, 5], [6]) : 0.8753064141
174 : ([1, 4], [2], [3, 5], [6]) : 0.8780613153
175 : ([1, 2], [3, 5], [4], [6]) : 0.8795563681
176 : ([1], [2], [3, 5], [4], [6]) : 0.8747217694
177 : ([1, 2, 5], [3, 4], [6]) : 0.8805779622
178 : ([1, 2, 5], [3], [4], [6]) : 0.8803246003
179 : ([1, 3, 4], [2, 5], [6]) : 0.8794183733
180 : ([1], [2, 5], [3, 4], [6]) : 0.8754585658
181 : ([1, 4], [2, 5], [3], [6]) : 0.8769927359
182 : ([1, 3], [2, 5], [4], [6]) : 0.8755219122
183 : ([1], [2, 5], [3], [4], [6]) : 0.8746584867
184 : ([1, 5], [2, 3, 4], [6]) : 0.9088153053
185 : ([1, 5], [2], [3, 4], [6]) : 0.8738710326
186 : ([1, 5], [2, 4], [3], [6]) : 0.8735842930
187 : ([1, 5], [2, 3], [4], [6]) : 0.9082185183
188 : ([1, 5], [2], [3], [4], [6]) : 0.8730038463
189 : ([1, 2, 3, 4], [5], [6]) : 0.9157613807
190 : ([1], [2, 3, 4], [5], [6]) : 0.9084467722
191 : ([1, 3, 4], [2], [5], [6]) : 0.8778903428
192 : ([1, 2], [3, 4], [5], [6]) : 0.8767388921
193 : ([1], [2], [3, 4], [5], [6]) : 0.8732141767
194 : ([1, 2, 4], [3], [5], [6]) : 0.8810462862
195 : ([1, 3], [2, 4], [5], [6]) : 0.8737878796
196 : ([1], [2, 4], [3], [5], [6]) : 0.8729381014
197 : ([1, 4], [2, 3], [5], [6]) : 0.9084777651
198 : ([1, 4], [2], [3], [5], [6]) : 0.8752405357
199 : ([1, 2, 3], [4], [5], [6]) : 0.9129045079
200 : ([1], [2, 3], [4], [5], [6]) : 0.9077772379
201 : ([1, 3], [2], [4], [5], [6]) : 0.8731361171
202 : ([1, 2], [3], [4], [5], [6]) : 0.8762254435
203 : ([1], [2], [3], [4], [5], [6]) : 0.8722604377
