=== Bootstrap seed: 99 ===
1 : ([1, 2, 3, 4, 5, 6],) : 0.9626808209
2 : ([1], [2, 3, 4, 5, 6]) : 0.9549998384
3 : ([1, 3, 4, 5, 6], [2]) : 0.9269662335
4 : ([1, 2], [3, 4, 5, 6]) : 0.9233679400
5 : ([1], [2], [3, 4, 5, 6]) : 0.9189792737
6 : ([1, 2, 4, 5, 6], [3]) : 0.9319713012
7 : ([1, 3], [2, 4, 5, 6]) : 0.9221709306
8 : ([1], [2, 4, 5, 6], [3]) : 0.9209985693
9 : ([1, 4, 5, 6], [2, 3]) : 0.9544176832
10 : ([1, 4, 5, 6], [2], [3]) : 0.9196690812
11 : ([1, 2, 3], [4, 5, 6]) : 0.9549528328
12 : ([1], [2, 3], [4, 5, 6]) : 0.9522636682
13 : ([1, 3], [2], [4, 5, 6]) : 0.9175955005
14 : ([1, 2], [3], [4, 5, 6]) : 0.9204716335
15 : ([1], [2], [3], [4, 5, 6]) : 0.9165086213
16 : ([1, 2, 3, 5, 6], [4]) : 0.9427031270
17 : ([1, 4], [2, 3, 5, 6]) : 0.9319038525
18 : ([1], [2, 3, 5, 6], [4]) : 0.9317469051
19 : ([1, 3, 5, 6], [2, 4]) : 0.9041162260
20 : ([1, 3, 5, 6], [2], [4]) : 0.9013253291
21 : ([1, 2, 4], [3, 5, 6]) : 0.9082311214
22 : ([1], [2, 4], [3, 5, 6]) : 0.8981676402
23 : ([1, 4], [2], [3, 5, 6]) : 0.8958655110
24 : ([1, 2], [3, 5, 6], [4]) : 0.9028754318
25 : ([1], [2], [3, 5, 6], [4]) : 0.8946273992
26 : ([1, 2, 5, 6], [3, 4]) : 0.9100726654
27 : ([1, 2, 5, 6], [3], [4]) : 0.9092581324
28 : ([1, 3, 4], [2, 5, 6]) : 0.9001587113
29 : ([1], [2, 5, 6], [3, 4]) : 0.8987544547
30 : ([1, 4], [2, 5, 6], [3]) : 0.8990300356
31 : ([1, 3], [2, 5, 6], [4]) : 0.8987553732
32 : ([1], [2, 5, 6], [3], [4]) : 0.8980375554
33 : ([1, 5, 6], [2, 3, 4]) : 0.9329414802
34 : ([1, 5, 6], [2], [3, 4]) : 0.8942423113
35 : ([1, 5, 6], [2, 4], [3]) : 0.8964087225
36 : ([1, 5, 6], [2, 3], [4]) : 0.9295531448
37 : ([1, 5, 6], [2], [3], [4]) : 0.8932078049
38 : ([1, 2, 3, 4], [5, 6]) : 0.9379344191
39 : ([1], [2, 3, 4], [5, 6]) : 0.9315817216
40 : ([1, 3, 4], [2], [5, 6]) : 0.8949450692
41 : ([1, 2], [3, 4], [5, 6]) : 0.9011717185
42 : ([1], [2], [3, 4], [5, 6]) : 0.8930028110
43 : ([1, 2, 4], [3], [5, 6]) : 0.9059854689
44 : ([1, 3], [2, 4], [5, 6]) : 0.8964430085
45 : ([1], [2, 4], [3], [5, 6]) : 0.8954040745
46 : ([1, 4], [2, 3], [5, 6]) : 0.9283850053
47 : ([1, 4], [2], [3], [5, 6]) : 0.8935860317
48 : ([1, 2, 3], [4], [5, 6]) : 0.9350756924
49 : ([1], [2, 3], [4], [5, 6]) : 0.9282130668
50 : ([1, 3], [2], [4], [5, 6]) : 0.8933920503
51 : ([1, 2], [3], [4], [5, 6]) : 0.9001329663
52 : ([1], [2], [3], [4], [5, 6]) : 0.8921921973
53 : ([1, 2, 3, 4, 6], [5]) : 0.9403778026
54 : ([1, 5], [2, 3, 4, 6]) : 0.9325845165
55 : ([1], [2, 3, 4, 6], [5]) : 0.9321594067
56 : ([1, 3, 4, 6], [2, 5]) : 0.9042293461
57 : ([1, 3, 4, 6], [2], [5]) : 0.9025623583
58 : ([1, 2, 5], [3, 4, 6]) : 0.9110447742
59 : ([1], [2, 5], [3, 4, 6]) : 0.8996654153
60 : ([1, 5], [2], [3, 4, 6]) : 0.8974999538
61 : ([1, 2], [3, 4, 6], [5]) : 0.9055597412
62 : ([1], [2], [3, 4, 6], [5]) : 0.8972367020
63 : ([1, 2, 4, 6], [3, 5]) : 0.9126058217
64 : ([1, 2, 4, 6], [3], [5]) : 0.9100062114
65 : ([1, 3, 5], [2, 4, 6]) : 0.9044045937
66 : ([1], [2, 4, 6], [3, 5]) : 0.9032771058
67 : ([1, 5], [2, 4, 6], [3]) : 0.9002941562
68 : ([1, 3], [2, 4, 6], [5]) : 0.9011689790
69 : ([1], [2, 4, 6], [3], [5]) : 0.9004647913
70 : ([1, 4, 6], [2, 3, 5]) : 0.9320163693
71 : ([1, 4, 6], [2], [3, 5]) : 0.8994880459
72 : ([1, 4, 6], [2, 5], [3]) : 0.8995191802
73 : ([1, 4, 6], [2, 3], [5]) : 0.9290152686
74 : ([1, 4, 6], [2], [3], [5]) : 0.8972900216
75 : ([1, 2, 3, 5], [4, 6]) : 0.9401176875
76 : ([1], [2, 3, 5], [4, 6]) : 0.9304813809
77 : ([1, 3, 5], [2], [4, 6]) : 0.8996765972
78 : ([1, 2], [3, 5], [4, 6]) : 0.9063906472
79 : ([1], [2], [3, 5], [4, 6]) : 0.8976007147
80 : ([1, 2, 5], [3], [4, 6]) : 0.9096729280
81 : ([1, 3], [2, 5], [4, 6]) : 0.8983035924
82 : ([1], [2, 5], [3], [4, 6]) : 0.8978496171
83 : ([1, 5], [2, 3], [4, 6]) : 0.9283067899
84 : ([1, 5], [2], [3], [4, 6]) : 0.8953366707
85 : ([1, 2, 3], [4, 6], [5]) : 0.9352769790
86 : ([1], [2, 3], [4, 6], [5]) : 0.9278958091
87 : ([1, 3], [2], [4, 6], [5]) : 0.8960838577
88 : ([1, 2], [3], [4, 6], [5]) : 0.9036048214
89 : ([1], [2], [3], [4, 6], [5]) : 0.8953973434
90 : ([1, 2, 3, 6], [4, 5]) : 0.9374531822
91 : ([1, 2, 3, 6], [4], [5]) : 0.9287299297
92 : ([1, 4, 5], [2, 3, 6]) : 0.9319357329
93 : ([1], [2, 3, 6], [4, 5]) : 0.9306229909
94 : ([1, 5], [2, 3, 6], [4]) : 0.9177748060
95 : ([1, 4], [2, 3, 6], [5]) : 0.9179152379
96 : ([1], [2, 3, 6], [4], [5]) : 0.9176416016
97 : ([1, 3, 6], [2, 4, 5]) : 0.9018959381
98 : ([1, 3, 6], [2], [4, 5]) : 0.8999243702
99 : ([1, 3, 6], [2, 5], [4]) : 0.8900911819
100 : ([1, 3, 6], [2, 4], [5]) : 0.8903188663
101 : ([1, 3, 6], [2], [4], [5]) : 0.8877852901
102 : ([1, 2, 4, 5], [3, 6]) : 0.9088412104
103 : ([1], [2, 4, 5], [3, 6]) : 0.8967706972
104 : ([1, 4, 5], [2], [3, 6]) : 0.8964962649
105 : ([1, 2], [3, 6], [4, 5]) : 0.9002665885
106 : ([1], [2], [3, 6], [4, 5]) : 0.8940556045
107 : ([1, 2, 5], [3, 6], [4]) : 0.8980667043
108 : ([1, 4], [2, 5], [3, 6]) : 0.8860314581
109 : ([1], [2, 5], [3, 6], [4]) : 0.8852156811
110 : ([1, 5], [2, 4], [3, 6]) : 0.8850641697
111 : ([1, 5], [2], [3, 6], [4]) : 0.8821956224
112 : ([1, 2, 4], [3, 6], [5]) : 0.8975677335
113 : ([1], [2, 4], [3, 6], [5]) : 0.8852305492
114 : ([1, 4], [2], [3, 6], [5]) : 0.8835229682
115 : ([1, 2], [3, 6], [4], [5]) : 0.8922967869
116 : ([1], [2], [3, 6], [4], [5]) : 0.8823424153
117 : ([1, 2, 6], [3, 4, 5]) : 0.9069036077
118 : ([1, 2, 6], [3], [4, 5]) : 0.9007212052
119 : ([1, 2, 6], [3, 5], [4]) : 0.8969757045
120 : ([1, 2, 6], [3, 4], [5]) : 0.8955144290
121 : ([1, 2, 6], [3], [4], [5]) : 0.8932307000
122 : ([1, 3, 4, 5], [2, 6]) : 0.9054364673
123 : ([1], [2, 6], [3, 4, 5]) : 0.8999539776
124 : ([1, 4, 5], [2, 6], [3]) : 0.8969855667
125 : ([1, 3], [2, 6], [4, 5]) : 0.8958724365
126 : ([1], [2, 6], [3], [4, 5]) : 0.8946837842
127 : ([1, 3, 5], [2, 6], [4]) : 0.8892172001
128 : ([1, 4], [2, 6], [3, 5]) : 0.8884139516
129 : ([1], [2, 6], [3, 5], [4]) : 0.8874207331
130 : ([1, 5], [2, 6], [3, 4]) : 0.8855498881
131 : ([1, 5], [2, 6], [3], [4]) : 0.8835908844
132 : ([1, 3, 4], [2, 6], [5]) : 0.8869470981
133 : ([1], [2, 6], [3, 4], [5]) : 0.8855270634
134 : ([1, 4], [2, 6], [3], [5]) : 0.8847318828
135 : ([1, 3], [2, 6], [4], [5]) : 0.8846588347
136 : ([1], [2, 6], [3], [4], [5]) : 0.8837990667
137 : ([1, 6], [2, 3, 4, 5]) : 0.9357892244
138 : ([1, 6], [2], [3, 4, 5]) : 0.8993092148
139 : ([1, 6], [2, 4, 5], [3]) : 0.8969136660
140 : ([1, 6], [2, 3], [4, 5]) : 0.9302921500
141 : ([1, 6], [2], [3], [4, 5]) : 0.8941247373
142 : ([1, 6], [2, 3, 5], [4]) : 0.9213810609
143 : ([1, 6], [2, 4], [3, 5]) : 0.8890404914
144 : ([1, 6], [2], [3, 5], [4]) : 0.8861090137
145 : ([1, 6], [2, 5], [3, 4]) : 0.8883064652
146 : ([1, 6], [2, 5], [3], [4]) : 0.8860333279
147 : ([1, 6], [2, 3, 4], [5]) : 0.9222997784
148 : ([1, 6], [2], [3, 4], [5]) : 0.8851315059
149 : ([1, 6], [2, 4], [3], [5]) : 0.8858231404
150 : ([1, 6], [2, 3], [4], [5]) : 0.9178760108
151 : ([1, 6], [2], [3], [4], [5]) : 0.8830280075
152 : ([1, 2, 3, 4, 5], [6]) : 0.9426774389
153 : ([1], [2, 3, 4, 5], [6]) : 0.9349827130
154 : ([1, 3, 4, 5], [2], [6]) : 0.9045603679
155 : ([1, 2], [3, 4, 5], [6]) : 0.9058855818
156 : ([1], [2], [3, 4, 5], [6]) : 0.8987074610
157 : ([1, 2, 4, 5], [3], [6]) : 0.9085383670
158 : ([1, 3], [2, 4, 5], [6]) : 0.8976444457
159 : ([1], [2, 4, 5], [3], [6]) : 0.8963771039
160 : ([1, 4, 5], [2, 3], [6]) : 0.9309269307
161 : ([1, 4, 5], [2], [3], [6]) : 0.8959370860
162 : ([1, 2, 3], [4, 5], [6]) : 0.9352575218
163 : ([1], [2, 3], [4, 5], [6]) : 0.9298402099
164 : ([1, 3], [2], [4, 5], [6]) : 0.8948472893
165 : ([1, 2], [3], [4, 5], [6]) : 0.8998856504
166 : ([1], [2], [3], [4, 5], [6]) : 0.8936003448
167 : ([1, 2, 3, 5], [4], [6]) : 0.9315025311
168 : ([1, 4], [2, 3, 5], [6]) : 0.9210692121
169 : ([1], [2, 3, 5], [4], [6]) : 0.9207088841
170 : ([1, 3, 5], [2, 4], [6]) : 0.8905513928
171 : ([1, 3, 5], [2], [4], [6]) : 0.8880449541
172 : ([1, 2, 4], [3, 5], [6]) : 0.9007342241
173 : ([1], [2, 4], [3, 5], [6]) : 0.8886188356
174 : ([1, 4], [2], [3, 5], [6]) : 0.8868303310
175 : ([1, 2], [3, 5], [4], [6]) : 0.8959694707
176 : ([1], [2], [3, 5], [4], [6]) : 0.8856319749
177 : ([1, 2, 5], [3, 4], [6]) : 0.8999164058
178 : ([1, 2, 5], [3], [4], [6]) : 0.8980364470
179 : ([1, 3, 4], [2, 5], [6]) : 0.8885210607
180 : ([1], [2, 5], [3, 4], [6]) : 0.8873994084
181 : ([1, 4], [2, 5], [3], [6]) : 0.8860597012
182 : ([1, 3], [2, 5], [4], [6]) : 0.8860222032
183 : ([1], [2, 5], [3], [4], [6]) : 0.8852733097
184 : ([1, 5], [2, 3, 4], [6]) : 0.9220854756
185 : ([1, 5], [2], [3, 4], [6]) : 0.8844597942
186 : ([1, 5], [2, 4], [3], [6]) : 0.8850437190
187 : ([1, 5], [2, 3], [4], [6]) : 0.9175446300
188 : ([1, 5], [2], [3], [4], [6]) : 0.8822063607
189 : ([1, 2, 3, 4], [5], [6]) : 0.9303059460
190 : ([1], [2, 3, 4], [5], [6]) : 0.9218126271
191 : ([1, 3, 4], [2], [5], [6]) : 0.8859057503
192 : ([1, 2], [3, 4], [5], [6]) : 0.8946314865
193 : ([1], [2], [3, 4], [5], [6]) : 0.8843678134
194 : ([1, 2, 4], [3], [5], [6]) : 0.8974570722
195 : ([1, 3], [2, 4], [5], [6]) : 0.8861310745
196 : ([1], [2, 4], [3], [5], [6]) : 0.8852019629
197 : ([1, 4], [2, 3], [5], [6]) : 0.9176085766
198 : ([1, 4], [2], [3], [5], [6]) : 0.8835056359
199 : ([1, 2, 3], [4], [5], [6]) : 0.9264712176
200 : ([1], [2, 3], [4], [5], [6]) : 0.9173850685
201 : ([1, 3], [2], [4], [5], [6]) : 0.8833396648
202 : ([1, 2], [3], [4], [5], [6]) : 0.8922460920
203 : ([1], [2], [3], [4], [5], [6]) : 0.8823568033
