=== Bootstrap seed: 93 ===
1 : ([1, 2, 3, 4, 5, 6],) : 0.9594155807
2 : ([1], [2, 3, 4, 5, 6]) : 0.9535875599
3 : ([1, 3, 4, 5, 6], [2]) : 0.9228691520
4 : ([1, 2], [3, 4, 5, 6]) : 0.9204699171
5 : ([1], [2], [3, 4, 5, 6]) : 0.9184518130
6 : ([1, 2, 4, 5, 6], [3]) : 0.9241264886
7 : ([1, 3], [2, 4, 5, 6]) : 0.9164263260
8 : ([1], [2, 4, 5, 6], [3]) : 0.9163979810
9 : ([1, 4, 5, 6], [2, 3]) : 0.9540201038
10 : ([1, 4, 5, 6], [2], [3]) : 0.9184899333
11 : ([1, 2, 3], [4, 5, 6]) : 0.9538210916
12 : ([1], [2, 3], [4, 5, 6]) : 0.9515150659
13 : ([1, 3], [2], [4, 5, 6]) : 0.9141488383
14 : ([1, 2], [3], [4, 5, 6]) : 0.9159644634
15 : ([1], [2], [3], [4, 5, 6]) : 0.9142473552
16 : ([1, 2, 3, 5, 6], [4]) : 0.9323220992
17 : ([1, 4], [2, 3, 5, 6]) : 0.9293845412
18 : ([1], [2, 3, 5, 6], [4]) : 0.9285516159
19 : ([1, 3, 5, 6], [2, 4]) : 0.8968070097
20 : ([1, 3, 5, 6], [2], [4]) : 0.8959330983
21 : ([1, 2, 4], [3, 5, 6]) : 0.8969925873
22 : ([1], [2, 4], [3, 5, 6]) : 0.8932623085
23 : ([1, 4], [2], [3, 5, 6]) : 0.8943603958
24 : ([1, 2], [3, 5, 6], [4]) : 0.8946652822
25 : ([1], [2], [3, 5, 6], [4]) : 0.8926287487
26 : ([1, 2, 5, 6], [3, 4]) : 0.8988181865
27 : ([1, 2, 5, 6], [3], [4]) : 0.8981459021
28 : ([1, 3, 4], [2, 5, 6]) : 0.8960261977
29 : ([1], [2, 5, 6], [3, 4]) : 0.8941122283
30 : ([1, 4], [2, 5, 6], [3]) : 0.8946732680
31 : ([1, 3], [2, 5, 6], [4]) : 0.8933879196
32 : ([1], [2, 5, 6], [3], [4]) : 0.8931460236
33 : ([1, 5, 6], [2, 3, 4]) : 0.9272731392
34 : ([1, 5, 6], [2], [3, 4]) : 0.8943216502
35 : ([1, 5, 6], [2, 4], [3]) : 0.8946514298
36 : ([1, 5, 6], [2, 3], [4]) : 0.9268211751
37 : ([1, 5, 6], [2], [3], [4]) : 0.8937820519
38 : ([1, 2, 3, 4], [5, 6]) : 0.9314534792
39 : ([1], [2, 3, 4], [5, 6]) : 0.9273418697
40 : ([1, 3, 4], [2], [5, 6]) : 0.8941436221
41 : ([1, 2], [3, 4], [5, 6]) : 0.8942152875
42 : ([1], [2], [3, 4], [5, 6]) : 0.8921875155
43 : ([1, 2, 4], [3], [5, 6]) : 0.8956655341
44 : ([1, 3], [2, 4], [5, 6]) : 0.8924972862
45 : ([1], [2, 4], [3], [5, 6]) : 0.8921290401
46 : ([1, 4], [2, 3], [5, 6]) : 0.9276506470
47 : ([1, 4], [2], [3], [5, 6]) : 0.8928987697
48 : ([1, 2, 3], [4], [5, 6]) : 0.9300690719
49 : ([1], [2, 3], [4], [5, 6]) : 0.9268813444
50 : ([1, 3], [2], [4], [5, 6]) : 0.8917708441
51 : ([1, 2], [3], [4], [5, 6]) : 0.8935278350
52 : ([1], [2], [3], [4], [5, 6]) : 0.8914787282
53 : ([1, 2, 3, 4, 6], [5]) : 0.9287128686
54 : ([1, 5], [2, 3, 4, 6]) : 0.9242112227
55 : ([1], [2, 3, 4, 6], [5]) : 0.9241237806
56 : ([1, 3, 4, 6], [2, 5]) : 0.8955236317
57 : ([1, 3, 4, 6], [2], [5]) : 0.8953521423
58 : ([1, 2, 5], [3, 4, 6]) : 0.8953239847
59 : ([1], [2, 5], [3, 4, 6]) : 0.8921333387
60 : ([1, 5], [2], [3, 4, 6]) : 0.8921229842
61 : ([1, 2], [3, 4, 6], [5]) : 0.8941423759
62 : ([1], [2], [3, 4, 6], [5]) : 0.8916121730
63 : ([1, 2, 4, 6], [3, 5]) : 0.8987363121
64 : ([1, 2, 4, 6], [3], [5]) : 0.8977387557
65 : ([1, 3, 5], [2, 4, 6]) : 0.8942311753
66 : ([1], [2, 4, 6], [3, 5]) : 0.8933574763
67 : ([1, 5], [2, 4, 6], [3]) : 0.8935531030
68 : ([1, 3], [2, 4, 6], [5]) : 0.8925108029
69 : ([1], [2, 4, 6], [3], [5]) : 0.8924821681
70 : ([1, 4, 6], [2, 3, 5]) : 0.9237991134
71 : ([1, 4, 6], [2], [3, 5]) : 0.8933075818
72 : ([1, 4, 6], [2, 5], [3]) : 0.8927124574
73 : ([1, 4, 6], [2, 3], [5]) : 0.9219783127
74 : ([1, 4, 6], [2], [3], [5]) : 0.8925653712
75 : ([1, 2, 3, 5], [4, 6]) : 0.9262511939
76 : ([1], [2, 3, 5], [4, 6]) : 0.9233133614
77 : ([1, 3, 5], [2], [4, 6]) : 0.8909853109
78 : ([1, 2], [3, 5], [4, 6]) : 0.8934972171
79 : ([1], [2], [3, 5], [4, 6]) : 0.8906859154
80 : ([1, 2, 5], [3], [4, 6]) : 0.8933774055
81 : ([1, 3], [2, 5], [4, 6]) : 0.8899374705
82 : ([1], [2, 5], [3], [4, 6]) : 0.8900517610
83 : ([1, 5], [2, 3], [4, 6]) : 0.9214989768
84 : ([1, 5], [2], [3], [4, 6]) : 0.8903341620
85 : ([1, 2, 3], [4, 6], [5]) : 0.9243298939
86 : ([1], [2, 3], [4, 6], [5]) : 0.9214527459
87 : ([1, 3], [2], [4, 6], [5]) : 0.8896479208
88 : ([1, 2], [3], [4, 6], [5]) : 0.8921697823
89 : ([1], [2], [3], [4, 6], [5]) : 0.8897087000
90 : ([1, 2, 3, 6], [4, 5]) : 0.9316471949
91 : ([1, 2, 3, 6], [4], [5]) : 0.9179099952
92 : ([1, 4, 5], [2, 3, 6]) : 0.9285675910
93 : ([1], [2, 3, 6], [4, 5]) : 0.9271850734
94 : ([1, 5], [2, 3, 6], [4]) : 0.9136909892
95 : ([1, 4], [2, 3, 6], [5]) : 0.9140092246
96 : ([1], [2, 3, 6], [4], [5]) : 0.9135131791
97 : ([1, 3, 6], [2, 4, 5]) : 0.8960134790
98 : ([1, 3, 6], [2], [4, 5]) : 0.8948846054
99 : ([1, 3, 6], [2, 5], [4]) : 0.8833759419
100 : ([1, 3, 6], [2, 4], [5]) : 0.8848640157
101 : ([1, 3, 6], [2], [4], [5]) : 0.8833821033
102 : ([1, 2, 4, 5], [3, 6]) : 0.8981737144
103 : ([1], [2, 4, 5], [3, 6]) : 0.8920510320
104 : ([1, 4, 5], [2], [3, 6]) : 0.8935819152
105 : ([1, 2], [3, 6], [4, 5]) : 0.8929463393
106 : ([1], [2], [3, 6], [4, 5]) : 0.8910179680
107 : ([1, 2, 5], [3, 6], [4]) : 0.8839201102
108 : ([1, 4], [2, 5], [3, 6]) : 0.8811149162
109 : ([1], [2, 5], [3, 6], [4]) : 0.8802354209
110 : ([1, 5], [2, 4], [3, 6]) : 0.8827323847
111 : ([1, 5], [2], [3, 6], [4]) : 0.8810149570
112 : ([1, 2, 4], [3, 6], [5]) : 0.8851306750
113 : ([1], [2, 4], [3, 6], [5]) : 0.8815570995
114 : ([1, 4], [2], [3, 6], [5]) : 0.8810594852
115 : ([1, 2], [3, 6], [4], [5]) : 0.8826490487
116 : ([1], [2], [3, 6], [4], [5]) : 0.8801284963
117 : ([1, 2, 6], [3, 4, 5]) : 0.8997040717
118 : ([1, 2, 6], [3], [4, 5]) : 0.8963839768
119 : ([1, 2, 6], [3, 5], [4]) : 0.8869406789
120 : ([1, 2, 6], [3, 4], [5]) : 0.8875800033
121 : ([1, 2, 6], [3], [4], [5]) : 0.8862281834
122 : ([1, 3, 4, 5], [2, 6]) : 0.8977338138
123 : ([1], [2, 6], [3, 4, 5]) : 0.8944465988
124 : ([1, 4, 5], [2, 6], [3]) : 0.8938187557
125 : ([1, 3], [2, 6], [4, 5]) : 0.8919632306
126 : ([1], [2, 6], [3], [4, 5]) : 0.8913862389
127 : ([1, 3, 5], [2, 6], [4]) : 0.8829365184
128 : ([1, 4], [2, 6], [3, 5]) : 0.8829689597
129 : ([1], [2, 6], [3, 5], [4]) : 0.8818791412
130 : ([1, 5], [2, 6], [3, 4]) : 0.8832789662
131 : ([1, 5], [2, 6], [3], [4]) : 0.8821891575
132 : ([1, 3, 4], [2, 6], [5]) : 0.8840834265
133 : ([1], [2, 6], [3, 4], [5]) : 0.8825084943
134 : ([1, 4], [2, 6], [3], [5]) : 0.8821942013
135 : ([1, 3], [2, 6], [4], [5]) : 0.8815787954
136 : ([1], [2, 6], [3], [4], [5]) : 0.8812612517
137 : ([1, 6], [2, 3, 4, 5]) : 0.9311065012
138 : ([1, 6], [2], [3, 4, 5]) : 0.8956873164
139 : ([1, 6], [2, 4, 5], [3]) : 0.8942596111
140 : ([1, 6], [2, 3], [4, 5]) : 0.9263665366
141 : ([1, 6], [2], [3], [4, 5]) : 0.8931714777
142 : ([1, 6], [2, 3, 5], [4]) : 0.9148180794
143 : ([1, 6], [2, 4], [3, 5]) : 0.8844787069
144 : ([1, 6], [2], [3, 5], [4]) : 0.8831500065
145 : ([1, 6], [2, 5], [3, 4]) : 0.8836621533
146 : ([1, 6], [2, 5], [3], [4]) : 0.8826494889
147 : ([1, 6], [2, 3, 4], [5]) : 0.9143017595
148 : ([1, 6], [2], [3, 4], [5]) : 0.8835614200
149 : ([1, 6], [2, 4], [3], [5]) : 0.8839601850
150 : ([1, 6], [2, 3], [4], [5]) : 0.9125419014
151 : ([1, 6], [2], [3], [4], [5]) : 0.8825922272
152 : ([1, 2, 3, 4, 5], [6]) : 0.9373364799
153 : ([1], [2, 3, 4, 5], [6]) : 0.9309260762
154 : ([1, 3, 4, 5], [2], [6]) : 0.8965799241
155 : ([1, 2], [3, 4, 5], [6]) : 0.8963224815
156 : ([1], [2], [3, 4, 5], [6]) : 0.8934793659
157 : ([1, 2, 4, 5], [3], [6]) : 0.8981139658
158 : ([1, 3], [2, 4, 5], [6]) : 0.8924619437
159 : ([1], [2, 4, 5], [3], [6]) : 0.8917146734
160 : ([1, 4, 5], [2, 3], [6]) : 0.9276629629
161 : ([1, 4, 5], [2], [3], [6]) : 0.8928669867
162 : ([1, 2, 3], [4, 5], [6]) : 0.9300103728
163 : ([1], [2, 3], [4, 5], [6]) : 0.9262895473
164 : ([1, 3], [2], [4, 5], [6]) : 0.8912656687
165 : ([1, 2], [3], [4, 5], [6]) : 0.8929788594
166 : ([1], [2], [3], [4, 5], [6]) : 0.8906274708
167 : ([1, 2, 3, 5], [4], [6]) : 0.9190267691
168 : ([1, 4], [2, 3, 5], [6]) : 0.9154231942
169 : ([1], [2, 3, 5], [4], [6]) : 0.9150273816
170 : ([1, 3, 5], [2, 4], [6]) : 0.8837728094
171 : ([1, 3, 5], [2], [4], [6]) : 0.8819084746
172 : ([1, 2, 4], [3, 5], [6]) : 0.8862182155
173 : ([1], [2, 4], [3, 5], [6]) : 0.8823670089
174 : ([1, 4], [2], [3, 5], [6]) : 0.8819114779
175 : ([1, 2], [3, 5], [4], [6]) : 0.8837387750
176 : ([1], [2], [3, 5], [4], [6]) : 0.8809401234
177 : ([1, 2, 5], [3, 4], [6]) : 0.8854688835
178 : ([1, 2, 5], [3], [4], [6]) : 0.8843651266
179 : ([1, 3, 4], [2, 5], [6]) : 0.8830264893
180 : ([1], [2, 5], [3, 4], [6]) : 0.8816350909
181 : ([1, 4], [2, 5], [3], [6]) : 0.8812295999
182 : ([1, 3], [2, 5], [4], [6]) : 0.8807678171
183 : ([1], [2, 5], [3], [4], [6]) : 0.8804626004
184 : ([1, 5], [2, 3, 4], [6]) : 0.9145400986
185 : ([1, 5], [2], [3, 4], [6]) : 0.8820954435
186 : ([1, 5], [2, 4], [3], [6]) : 0.8828736498
187 : ([1, 5], [2, 3], [4], [6]) : 0.9127943006
188 : ([1, 5], [2], [3], [4], [6]) : 0.8811551397
189 : ([1, 2, 3, 4], [5], [6]) : 0.9193328145
190 : ([1], [2, 3, 4], [5], [6]) : 0.9144684836
191 : ([1, 3, 4], [2], [5], [6]) : 0.8829519358
192 : ([1, 2], [3, 4], [5], [6]) : 0.8843371583
193 : ([1], [2], [3, 4], [5], [6]) : 0.8814215117
194 : ([1, 2, 4], [3], [5], [6]) : 0.8854783603
195 : ([1, 3], [2, 4], [5], [6]) : 0.8822740831
196 : ([1], [2, 4], [3], [5], [6]) : 0.8817820001
197 : ([1, 4], [2, 3], [5], [6]) : 0.9131368653
198 : ([1, 4], [2], [3], [5], [6]) : 0.8811691482
199 : ([1, 2, 3], [4], [5], [6]) : 0.9166049815
200 : ([1], [2, 3], [4], [5], [6]) : 0.9127288601
201 : ([1, 3], [2], [4], [5], [6]) : 0.8806995080
202 : ([1, 2], [3], [4], [5], [6]) : 0.8830769477
203 : ([1], [2], [3], [4], [5], [6]) : 0.8803418651
