=== Bootstrap seed: 87 ===
1 : ([1, 2, 3, 4, 5, 6],) : 0.9579081975
2 : ([1], [2, 3, 4, 5, 6]) : 0.9522178608
3 : ([1, 3, 4, 5, 6], [2]) : 0.9212644923
4 : ([1, 2], [3, 4, 5, 6]) : 0.9215236882
5 : ([1], [2], [3, 4, 5, 6]) : 0.9174246771
6 : ([1, 2, 4, 5, 6], [3]) : 0.9313198672
7 : ([1, 3], [2, 4, 5, 6]) : 0.9201218604
8 : ([1], [2, 4, 5, 6], [3]) : 0.9199497555
9 : ([1, 4, 5, 6], [2, 3]) : 0.9501017926
10 : ([1, 4, 5, 6], [2], [3]) : 0.9168471868
11 : ([1, 2, 3], [4, 5, 6]) : 0.9519832936
12 : ([1], [2, 3], [4, 5, 6]) : 0.9487198939
13 : ([1, 3], [2], [4, 5, 6]) : 0.9145591343
14 : ([1, 2], [3], [4, 5, 6]) : 0.9189287373
15 : ([1], [2], [3], [4, 5, 6]) : 0.9144309232
16 : ([1, 2, 3, 5, 6], [4]) : 0.9313356740
17 : ([1, 4], [2, 3, 5, 6]) : 0.9232580951
18 : ([1], [2, 3, 5, 6], [4]) : 0.9222021335
19 : ([1, 3, 5, 6], [2, 4]) : 0.8906115301
20 : ([1, 3, 5, 6], [2], [4]) : 0.8897788697
21 : ([1, 2, 4], [3, 5, 6]) : 0.8959105227
22 : ([1], [2, 4], [3, 5, 6]) : 0.8867444186
23 : ([1, 4], [2], [3, 5, 6]) : 0.8887422326
24 : ([1, 2], [3, 5, 6], [4]) : 0.8921056424
25 : ([1], [2], [3, 5, 6], [4]) : 0.8860731178
26 : ([1, 2, 5, 6], [3, 4]) : 0.8995867968
27 : ([1, 2, 5, 6], [3], [4]) : 0.8989447321
28 : ([1, 3, 4], [2, 5, 6]) : 0.8892794329
29 : ([1], [2, 5, 6], [3, 4]) : 0.8867389329
30 : ([1, 4], [2, 5, 6], [3]) : 0.8885888718
31 : ([1, 3], [2, 5, 6], [4]) : 0.8864197153
32 : ([1], [2, 5, 6], [3], [4]) : 0.8862672408
33 : ([1, 5, 6], [2, 3, 4]) : 0.9247921388
34 : ([1, 5, 6], [2], [3, 4]) : 0.8858872466
35 : ([1, 5, 6], [2, 4], [3]) : 0.8860124278
36 : ([1, 5, 6], [2, 3], [4]) : 0.9210139152
37 : ([1, 5, 6], [2], [3], [4]) : 0.8854173324
38 : ([1, 2, 3, 4], [5, 6]) : 0.9305040980
39 : ([1], [2, 3, 4], [5, 6]) : 0.9230243648
40 : ([1, 3, 4], [2], [5, 6]) : 0.8866490768
41 : ([1, 2], [3, 4], [5, 6]) : 0.8914266947
42 : ([1], [2], [3, 4], [5, 6]) : 0.8839776524
43 : ([1, 2, 4], [3], [5, 6]) : 0.8939099576
44 : ([1, 3], [2, 4], [5, 6]) : 0.8842738293
45 : ([1], [2, 4], [3], [5, 6]) : 0.8839470384
46 : ([1, 4], [2, 3], [5, 6]) : 0.9201052166
47 : ([1, 4], [2], [3], [5, 6]) : 0.8858899738
48 : ([1, 2, 3], [4], [5, 6]) : 0.9261098908
49 : ([1], [2, 3], [4], [5, 6]) : 0.9193162303
50 : ([1, 3], [2], [4], [5, 6]) : 0.8837149008
51 : ([1, 2], [3], [4], [5, 6]) : 0.8905553783
52 : ([1], [2], [3], [4], [5, 6]) : 0.8834331398
53 : ([1, 2, 3, 4, 6], [5]) : 0.9357710678
54 : ([1, 5], [2, 3, 4, 6]) : 0.9261601915
55 : ([1], [2, 3, 4, 6], [5]) : 0.9254838289
56 : ([1, 3, 4, 6], [2, 5]) : 0.8934199056
57 : ([1, 3, 4, 6], [2], [5]) : 0.8917459881
58 : ([1, 2, 5], [3, 4, 6]) : 0.9004683238
59 : ([1], [2, 5], [3, 4, 6]) : 0.8901075709
60 : ([1, 5], [2], [3, 4, 6]) : 0.8879565494
61 : ([1, 2], [3, 4, 6], [5]) : 0.8958233874
62 : ([1], [2], [3, 4, 6], [5]) : 0.8876218511
63 : ([1, 2, 4, 6], [3, 5]) : 0.9014352058
64 : ([1, 2, 4, 6], [3], [5]) : 0.9000744995
65 : ([1, 3, 5], [2, 4, 6]) : 0.8907770879
66 : ([1], [2, 4, 6], [3, 5]) : 0.8900978785
67 : ([1, 5], [2, 4, 6], [3]) : 0.8891233604
68 : ([1, 3], [2, 4, 6], [5]) : 0.8887987124
69 : ([1], [2, 4, 6], [3], [5]) : 0.8888695528
70 : ([1, 4, 6], [2, 3, 5]) : 0.9247517561
71 : ([1, 4, 6], [2], [3, 5]) : 0.8895312446
72 : ([1, 4, 6], [2, 5], [3]) : 0.8897776125
73 : ([1, 4, 6], [2, 3], [5]) : 0.9222684914
74 : ([1, 4, 6], [2], [3], [5]) : 0.8878254742
75 : ([1, 2, 3, 5], [4, 6]) : 0.9322166642
76 : ([1], [2, 3, 5], [4, 6]) : 0.9235763978
77 : ([1, 3, 5], [2], [4, 6]) : 0.8882121849
78 : ([1, 2], [3, 5], [4, 6]) : 0.8956831575
79 : ([1], [2], [3, 5], [4, 6]) : 0.8874499005
80 : ([1, 2, 5], [3], [4, 6]) : 0.8991083766
81 : ([1, 3], [2, 5], [4, 6]) : 0.8883817675
82 : ([1], [2, 5], [3], [4, 6]) : 0.8884708442
83 : ([1, 5], [2, 3], [4, 6]) : 0.9221871941
84 : ([1, 5], [2], [3], [4, 6]) : 0.8863976515
85 : ([1, 2, 3], [4, 6], [5]) : 0.9294546205
86 : ([1], [2, 3], [4, 6], [5]) : 0.9211859791
87 : ([1, 3], [2], [4, 6], [5]) : 0.8860625910
88 : ([1, 2], [3], [4, 6], [5]) : 0.8948399235
89 : ([1], [2], [3], [4, 6], [5]) : 0.8861080927
90 : ([1, 2, 3, 6], [4, 5]) : 0.9342703999
91 : ([1, 2, 3, 6], [4], [5]) : 0.9234923815
92 : ([1, 4, 5], [2, 3, 6]) : 0.9271278394
93 : ([1], [2, 3, 6], [4, 5]) : 0.9252988711
94 : ([1, 5], [2, 3, 6], [4]) : 0.9125205291
95 : ([1, 4], [2, 3, 6], [5]) : 0.9120427090
96 : ([1], [2, 3, 6], [4], [5]) : 0.9113422792
97 : ([1, 3, 6], [2, 4, 5]) : 0.8921495189
98 : ([1, 3, 6], [2], [4, 5]) : 0.8899340272
99 : ([1, 3, 6], [2, 5], [4]) : 0.8796402001
100 : ([1, 3, 6], [2, 4], [5]) : 0.8783154756
101 : ([1, 3, 6], [2], [4], [5]) : 0.8779497016
102 : ([1, 2, 4, 5], [3, 6]) : 0.8996443009
103 : ([1], [2, 4, 5], [3, 6]) : 0.8897230278
104 : ([1, 4, 5], [2], [3, 6]) : 0.8878574968
105 : ([1, 2], [3, 6], [4, 5]) : 0.8930143958
106 : ([1], [2], [3, 6], [4, 5]) : 0.8865752386
107 : ([1, 2, 5], [3, 6], [4]) : 0.8879732309
108 : ([1, 4], [2, 5], [3, 6]) : 0.8792231780
109 : ([1], [2, 5], [3, 6], [4]) : 0.8778338676
110 : ([1, 5], [2, 4], [3, 6]) : 0.8763550562
111 : ([1, 5], [2], [3, 6], [4]) : 0.8759353711
112 : ([1, 2, 4], [3, 6], [5]) : 0.8872640398
113 : ([1], [2, 4], [3, 6], [5]) : 0.8759674155
114 : ([1, 4], [2], [3, 6], [5]) : 0.8772862490
115 : ([1, 2], [3, 6], [4], [5]) : 0.8845288028
116 : ([1], [2], [3, 6], [4], [5]) : 0.8755701543
117 : ([1, 2, 6], [3, 4, 5]) : 0.8981123265
118 : ([1, 2, 6], [3], [4, 5]) : 0.8951188175
119 : ([1, 2, 6], [3, 5], [4]) : 0.8879565142
120 : ([1, 2, 6], [3, 4], [5]) : 0.8875912060
121 : ([1, 2, 6], [3], [4], [5]) : 0.8867457381
122 : ([1, 3, 4, 5], [2, 6]) : 0.8915058424
123 : ([1], [2, 6], [3, 4, 5]) : 0.8894206746
124 : ([1, 4, 5], [2, 6], [3]) : 0.8877430896
125 : ([1, 3], [2, 6], [4, 5]) : 0.8870726282
126 : ([1], [2, 6], [3], [4, 5]) : 0.8866368333
127 : ([1, 3, 5], [2, 6], [4]) : 0.8774921194
128 : ([1, 4], [2, 6], [3, 5]) : 0.8784393627
129 : ([1], [2, 6], [3, 5], [4]) : 0.8767724529
130 : ([1, 5], [2, 6], [3, 4]) : 0.8761670671
131 : ([1, 5], [2, 6], [3], [4]) : 0.8755247154
132 : ([1, 3, 4], [2, 6], [5]) : 0.8776796795
133 : ([1], [2, 6], [3, 4], [5]) : 0.8759902365
134 : ([1, 4], [2, 6], [3], [5]) : 0.8767814499
135 : ([1, 3], [2, 6], [4], [5]) : 0.8753834203
136 : ([1], [2, 6], [3], [4], [5]) : 0.8753021941
137 : ([1, 6], [2, 3, 4, 5]) : 0.9306597658
138 : ([1, 6], [2], [3, 4, 5]) : 0.8887160018
139 : ([1, 6], [2, 4, 5], [3]) : 0.8887763028
140 : ([1, 6], [2, 3], [4, 5]) : 0.9255350627
141 : ([1, 6], [2], [3], [4, 5]) : 0.8860785314
142 : ([1, 6], [2, 3, 5], [4]) : 0.9145774337
143 : ([1, 6], [2, 4], [3, 5]) : 0.8771169727
144 : ([1, 6], [2], [3, 5], [4]) : 0.8767074328
145 : ([1, 6], [2, 5], [3, 4]) : 0.8777067130
146 : ([1, 6], [2, 5], [3], [4]) : 0.8771086228
147 : ([1, 6], [2, 3, 4], [5]) : 0.9160595322
148 : ([1, 6], [2], [3, 4], [5]) : 0.8757287169
149 : ([1, 6], [2, 4], [3], [5]) : 0.8755072844
150 : ([1, 6], [2, 3], [4], [5]) : 0.9115768036
151 : ([1, 6], [2], [3], [4], [5]) : 0.8751035141
152 : ([1, 2, 3, 4, 5], [6]) : 0.9391755621
153 : ([1], [2, 3, 4, 5], [6]) : 0.9305009196
154 : ([1, 3, 4, 5], [2], [6]) : 0.8902612641
155 : ([1, 2], [3, 4, 5], [6]) : 0.8955509826
156 : ([1], [2], [3, 4, 5], [6]) : 0.8879973267
157 : ([1, 2, 4, 5], [3], [6]) : 0.8985198533
158 : ([1, 3], [2, 4, 5], [6]) : 0.8886404841
159 : ([1], [2, 4, 5], [3], [6]) : 0.8881713268
160 : ([1, 4, 5], [2, 3], [6]) : 0.9265602757
161 : ([1, 4, 5], [2], [3], [6]) : 0.8862465136
162 : ([1, 2, 3], [4, 5], [6]) : 0.9321899575
163 : ([1], [2, 3], [4, 5], [6]) : 0.9251838486
164 : ([1, 3], [2], [4, 5], [6]) : 0.8858292706
165 : ([1, 2], [3], [4, 5], [6]) : 0.8923519283
166 : ([1], [2], [3], [4, 5], [6]) : 0.8852745721
167 : ([1, 2, 3, 5], [4], [6]) : 0.9236702976
168 : ([1, 4], [2, 3, 5], [6]) : 0.9152025992
169 : ([1], [2, 3, 5], [4], [6]) : 0.9144935965
170 : ([1, 3, 5], [2, 4], [6]) : 0.8776135955
171 : ([1, 3, 5], [2], [4], [6]) : 0.8770074190
172 : ([1, 2, 4], [3, 5], [6]) : 0.8879073523
173 : ([1], [2, 4], [3, 5], [6]) : 0.8765570270
174 : ([1, 4], [2], [3, 5], [6]) : 0.8778165014
175 : ([1, 2], [3, 5], [4], [6]) : 0.8851371670
176 : ([1], [2], [3, 5], [4], [6]) : 0.8761202985
177 : ([1, 2, 5], [3, 4], [6]) : 0.8883896587
178 : ([1, 2, 5], [3], [4], [6]) : 0.8875343950
179 : ([1, 3, 4], [2, 5], [6]) : 0.8788266429
180 : ([1], [2, 5], [3, 4], [6]) : 0.8773674263
181 : ([1, 4], [2, 5], [3], [6]) : 0.8779492811
182 : ([1, 3], [2, 5], [4], [6]) : 0.8768308771
183 : ([1], [2, 5], [3], [4], [6]) : 0.8767348984
184 : ([1, 5], [2, 3, 4], [6]) : 0.9163768313
185 : ([1, 5], [2], [3, 4], [6]) : 0.8754964268
186 : ([1, 5], [2, 4], [3], [6]) : 0.8752914069
187 : ([1, 5], [2, 3], [4], [6]) : 0.9122461647
188 : ([1, 5], [2], [3], [4], [6]) : 0.8748542647
189 : ([1, 2, 3, 4], [5], [6]) : 0.9257337195
190 : ([1], [2, 3, 4], [5], [6]) : 0.9158194729
191 : ([1, 3, 4], [2], [5], [6]) : 0.8770557998
192 : ([1, 2], [3, 4], [5], [6]) : 0.8852464872
193 : ([1], [2], [3, 4], [5], [6]) : 0.8752897657
194 : ([1, 2, 4], [3], [5], [6]) : 0.8867597156
195 : ([1, 3], [2, 4], [5], [6]) : 0.8752683202
196 : ([1], [2, 4], [3], [5], [6]) : 0.8750386381
197 : ([1, 4], [2, 3], [5], [6]) : 0.9119230396
198 : ([1, 4], [2], [3], [5], [6]) : 0.8761278088
199 : ([1, 2, 3], [4], [5], [6]) : 0.9209208447
200 : ([1], [2, 3], [4], [5], [6]) : 0.9113835871
201 : ([1, 3], [2], [4], [5], [6]) : 0.8747574469
202 : ([1, 2], [3], [4], [5], [6]) : 0.8842484938
203 : ([1], [2], [3], [4], [5], [6]) : 0.8746097613
