=== Bootstrap seed: 92 ===
1 : ([1, 2, 3, 4, 5, 6],) : 0.9620778784
2 : ([1], [2, 3, 4, 5, 6]) : 0.9545727057
3 : ([1, 3, 4, 5, 6], [2]) : 0.9201879485
4 : ([1, 2], [3, 4, 5, 6]) : 0.9165180608
5 : ([1], [2], [3, 4, 5, 6]) : 0.9140729734
6 : ([1, 2, 4, 5, 6], [3]) : 0.9223311053
7 : ([1, 3], [2, 4, 5, 6]) : 0.9154652020
8 : ([1], [2, 4, 5, 6], [3]) : 0.9152378760
9 : ([1, 4, 5, 6], [2, 3]) : 0.9523340351
10 : ([1, 4, 5, 6], [2], [3]) : 0.9126750056
11 : ([1, 2, 3], [4, 5, 6]) : 0.9531294746
12 : ([1], [2, 3], [4, 5, 6]) : 0.9500621460
13 : ([1, 3], [2], [4, 5, 6]) : 0.9085677309
14 : ([1, 2], [3], [4, 5, 6]) : 0.9102031041
15 : ([1], [2], [3], [4, 5, 6]) : 0.9082164732
16 : ([1, 2, 3, 5, 6], [4]) : 0.9345588024
17 : ([1, 4], [2, 3, 5, 6]) : 0.9264920192
18 : ([1], [2, 3, 5, 6], [4]) : 0.9251733649
19 : ([1, 3, 5, 6], [2, 4]) : 0.8920570417
20 : ([1, 3, 5, 6], [2], [4]) : 0.8894854413
21 : ([1, 2, 4], [3, 5, 6]) : 0.8941567230
22 : ([1], [2, 4], [3, 5, 6]) : 0.8861859879
23 : ([1, 4], [2], [3, 5, 6]) : 0.8855525939
24 : ([1, 2], [3, 5, 6], [4]) : 0.8891018097
25 : ([1], [2], [3, 5, 6], [4]) : 0.8831233356
26 : ([1, 2, 5, 6], [3, 4]) : 0.8936510606
27 : ([1, 2, 5, 6], [3], [4]) : 0.8927871597
28 : ([1, 3, 4], [2, 5, 6]) : 0.8878640724
29 : ([1], [2, 5, 6], [3, 4]) : 0.8866919379
30 : ([1, 4], [2, 5, 6], [3]) : 0.8867302175
31 : ([1, 3], [2, 5, 6], [4]) : 0.8855880868
32 : ([1], [2, 5, 6], [3], [4]) : 0.8854887498
33 : ([1, 5, 6], [2, 3, 4]) : 0.9252291927
34 : ([1, 5, 6], [2], [3, 4]) : 0.8835985793
35 : ([1, 5, 6], [2, 4], [3]) : 0.8854992789
36 : ([1, 5, 6], [2, 3], [4]) : 0.9222352664
37 : ([1, 5, 6], [2], [3], [4]) : 0.8826060244
38 : ([1, 2, 3, 4], [5, 6]) : 0.9298339907
39 : ([1], [2, 3, 4], [5, 6]) : 0.9240910581
40 : ([1, 3, 4], [2], [5, 6]) : 0.8837303492
41 : ([1, 2], [3, 4], [5, 6]) : 0.8858677135
42 : ([1], [2], [3, 4], [5, 6]) : 0.8811605688
43 : ([1, 2, 4], [3], [5, 6]) : 0.8910278623
44 : ([1, 3], [2, 4], [5, 6]) : 0.8839322396
45 : ([1], [2, 4], [3], [5, 6]) : 0.8831408789
46 : ([1, 4], [2, 3], [5, 6]) : 0.9220092637
47 : ([1, 4], [2], [3], [5, 6]) : 0.8825048102
48 : ([1, 2, 3], [4], [5, 6]) : 0.9262476161
49 : ([1], [2, 3], [4], [5, 6]) : 0.9207238391
50 : ([1, 3], [2], [4], [5, 6]) : 0.8805529375
51 : ([1, 2], [3], [4], [5, 6]) : 0.8851579711
52 : ([1], [2], [3], [4], [5, 6]) : 0.8800243601
53 : ([1, 2, 3, 4, 6], [5]) : 0.9335946103
54 : ([1, 5], [2, 3, 4, 6]) : 0.9274565797
55 : ([1], [2, 3, 4, 6], [5]) : 0.9263553035
56 : ([1, 3, 4, 6], [2, 5]) : 0.8940370828
57 : ([1, 3, 4, 6], [2], [5]) : 0.8905015386
58 : ([1, 2, 5], [3, 4, 6]) : 0.8980189296
59 : ([1], [2, 5], [3, 4, 6]) : 0.8899495616
60 : ([1, 5], [2], [3, 4, 6]) : 0.8857723564
61 : ([1, 2], [3, 4, 6], [5]) : 0.8904315233
62 : ([1], [2], [3, 4, 6], [5]) : 0.8845146348
63 : ([1, 2, 4, 6], [3, 5]) : 0.8961528581
64 : ([1, 2, 4, 6], [3], [5]) : 0.8944347377
65 : ([1, 3, 5], [2, 4, 6]) : 0.8903315270
66 : ([1], [2, 4, 6], [3, 5]) : 0.8876411045
67 : ([1, 5], [2, 4, 6], [3]) : 0.8866645898
68 : ([1, 3], [2, 4, 6], [5]) : 0.8863898462
69 : ([1], [2, 4, 6], [3], [5]) : 0.8857636770
70 : ([1, 4, 6], [2, 3, 5]) : 0.9275835834
71 : ([1, 4, 6], [2], [3, 5]) : 0.8868874342
72 : ([1, 4, 6], [2, 5], [3]) : 0.8894654024
73 : ([1, 4, 6], [2, 3], [5]) : 0.9237687960
74 : ([1, 4, 6], [2], [3], [5]) : 0.8851523228
75 : ([1, 2, 3, 5], [4, 6]) : 0.9331245426
76 : ([1], [2, 3, 5], [4, 6]) : 0.9258889366
77 : ([1, 3, 5], [2], [4, 6]) : 0.8868590910
78 : ([1, 2], [3, 5], [4, 6]) : 0.8898095452
79 : ([1], [2], [3, 5], [4, 6]) : 0.8836886579
80 : ([1, 2, 5], [3], [4, 6]) : 0.8949863199
81 : ([1, 3], [2, 5], [4, 6]) : 0.8875609954
82 : ([1], [2, 5], [3], [4, 6]) : 0.8876564396
83 : ([1, 5], [2, 3], [4, 6]) : 0.9237637689
84 : ([1, 5], [2], [3], [4, 6]) : 0.8833400585
85 : ([1, 2, 3], [4, 6], [5]) : 0.9281539839
86 : ([1], [2, 3], [4, 6], [5]) : 0.9223534190
87 : ([1, 3], [2], [4, 6], [5]) : 0.8824402570
88 : ([1, 2], [3], [4, 6], [5]) : 0.8880843401
89 : ([1], [2], [3], [4, 6], [5]) : 0.8821620773
90 : ([1, 2, 3, 6], [4, 5]) : 0.9318555626
91 : ([1, 2, 3, 6], [4], [5]) : 0.9223893765
92 : ([1, 4, 5], [2, 3, 6]) : 0.9297027889
93 : ([1], [2, 3, 6], [4, 5]) : 0.9261360744
94 : ([1, 5], [2, 3, 6], [4]) : 0.9150296195
95 : ([1, 4], [2, 3, 6], [5]) : 0.9148715101
96 : ([1], [2, 3, 6], [4], [5]) : 0.9134291706
97 : ([1, 3, 6], [2, 4, 5]) : 0.8947856864
98 : ([1, 3, 6], [2], [4, 5]) : 0.8869479715
99 : ([1, 3, 6], [2, 5], [4]) : 0.8807627548
100 : ([1, 3, 6], [2, 4], [5]) : 0.8796273468
101 : ([1, 3, 6], [2], [4], [5]) : 0.8763885689
102 : ([1, 2, 4, 5], [3, 6]) : 0.8999122562
103 : ([1], [2, 4, 5], [3, 6]) : 0.8922201888
104 : ([1, 4, 5], [2], [3, 6]) : 0.8874051870
105 : ([1, 2], [3, 6], [4, 5]) : 0.8867911044
106 : ([1], [2], [3, 6], [4, 5]) : 0.8830661578
107 : ([1, 2, 5], [3, 6], [4]) : 0.8864325752
108 : ([1, 4], [2, 5], [3, 6]) : 0.8796248863
109 : ([1], [2, 5], [3, 6], [4]) : 0.8785349591
110 : ([1, 5], [2, 4], [3, 6]) : 0.8770800612
111 : ([1, 5], [2], [3, 6], [4]) : 0.8741099105
112 : ([1, 2, 4], [3, 6], [5]) : 0.8851924264
113 : ([1], [2, 4], [3, 6], [5]) : 0.8763435680
114 : ([1, 4], [2], [3, 6], [5]) : 0.8751306854
115 : ([1, 2], [3, 6], [4], [5]) : 0.8800707539
116 : ([1], [2], [3, 6], [4], [5]) : 0.8729357326
117 : ([1, 2, 6], [3, 4, 5]) : 0.8887535660
118 : ([1, 2, 6], [3], [4, 5]) : 0.8863373773
119 : ([1, 2, 6], [3, 5], [4]) : 0.8811768175
120 : ([1, 2, 6], [3, 4], [5]) : 0.8796576389
121 : ([1, 2, 6], [3], [4], [5]) : 0.8792007080
122 : ([1, 3, 4, 5], [2, 6]) : 0.8907386994
123 : ([1], [2, 6], [3, 4, 5]) : 0.8850620193
124 : ([1, 4, 5], [2, 6], [3]) : 0.8872814886
125 : ([1, 3], [2, 6], [4, 5]) : 0.8836157335
126 : ([1], [2, 6], [3], [4, 5]) : 0.8827033097
127 : ([1, 3, 5], [2, 6], [4]) : 0.8771522702
128 : ([1, 4], [2, 6], [3, 5]) : 0.8763268964
129 : ([1], [2, 6], [3, 5], [4]) : 0.8739291812
130 : ([1, 5], [2, 6], [3, 4]) : 0.8746516448
131 : ([1, 5], [2, 6], [3], [4]) : 0.8735213578
132 : ([1, 3, 4], [2, 6], [5]) : 0.8754638171
133 : ([1], [2, 6], [3, 4], [5]) : 0.8730424446
134 : ([1, 4], [2, 6], [3], [5]) : 0.8742938940
135 : ([1, 3], [2, 6], [4], [5]) : 0.8726993867
136 : ([1], [2, 6], [3], [4], [5]) : 0.8721489057
137 : ([1, 6], [2, 3, 4, 5]) : 0.9316811307
138 : ([1, 6], [2], [3, 4, 5]) : 0.8848329474
139 : ([1, 6], [2, 4, 5], [3]) : 0.8916115226
140 : ([1, 6], [2, 3], [4, 5]) : 0.9256350554
141 : ([1, 6], [2], [3], [4, 5]) : 0.8825207725
142 : ([1, 6], [2, 3, 5], [4]) : 0.9168156160
143 : ([1, 6], [2, 4], [3, 5]) : 0.8772995220
144 : ([1, 6], [2], [3, 5], [4]) : 0.8736892679
145 : ([1, 6], [2, 5], [3, 4]) : 0.8784388636
146 : ([1, 6], [2, 5], [3], [4]) : 0.8776082557
147 : ([1, 6], [2, 3, 4], [5]) : 0.9163355232
148 : ([1, 6], [2], [3, 4], [5]) : 0.8727854628
149 : ([1, 6], [2, 4], [3], [5]) : 0.8753877563
150 : ([1, 6], [2, 3], [4], [5]) : 0.9122490331
151 : ([1, 6], [2], [3], [4], [5]) : 0.8719331453
152 : ([1, 2, 3, 4, 5], [6]) : 0.9382718843
153 : ([1], [2, 3, 4, 5], [6]) : 0.9317873808
154 : ([1, 3, 4, 5], [2], [6]) : 0.8905539827
155 : ([1, 2], [3, 4, 5], [6]) : 0.8882924533
156 : ([1], [2], [3, 4, 5], [6]) : 0.8847472301
157 : ([1, 2, 4, 5], [3], [6]) : 0.8991706602
158 : ([1, 3], [2, 4, 5], [6]) : 0.8924167426
159 : ([1], [2, 4, 5], [3], [6]) : 0.8914834477
160 : ([1, 4, 5], [2, 3], [6]) : 0.9293075199
161 : ([1, 4, 5], [2], [3], [6]) : 0.8869059790
162 : ([1, 2, 3], [4, 5], [6]) : 0.9300909178
163 : ([1], [2, 3], [4, 5], [6]) : 0.9257225283
164 : ([1, 3], [2], [4, 5], [6]) : 0.8832825969
165 : ([1, 2], [3], [4, 5], [6]) : 0.8858248121
166 : ([1], [2], [3], [4, 5], [6]) : 0.8823711102
167 : ([1, 2, 3, 5], [4], [6]) : 0.9244581766
168 : ([1, 4], [2, 3, 5], [6]) : 0.9184137571
169 : ([1], [2, 3, 5], [4], [6]) : 0.9168441643
170 : ([1, 3, 5], [2, 4], [6]) : 0.8798741496
171 : ([1, 3, 5], [2], [4], [6]) : 0.8767063112
172 : ([1, 2, 4], [3, 5], [6]) : 0.8856083470
173 : ([1], [2, 4], [3, 5], [6]) : 0.8771784768
174 : ([1, 4], [2], [3, 5], [6]) : 0.8760395047
175 : ([1, 2], [3, 5], [4], [6]) : 0.8804076503
176 : ([1], [2], [3, 5], [4], [6]) : 0.8735435740
177 : ([1, 2, 5], [3, 4], [6]) : 0.8856776998
178 : ([1, 2, 5], [3], [4], [6]) : 0.8848041525
179 : ([1, 3, 4], [2, 5], [6]) : 0.8794608946
180 : ([1], [2, 5], [3, 4], [6]) : 0.8783132716
181 : ([1, 4], [2, 5], [3], [6]) : 0.8785570645
182 : ([1, 3], [2, 5], [4], [6]) : 0.8774164208
183 : ([1], [2, 5], [3], [4], [6]) : 0.8774381473
184 : ([1, 5], [2, 3, 4], [6]) : 0.9175496946
185 : ([1, 5], [2], [3, 4], [6]) : 0.8741343355
186 : ([1, 5], [2, 4], [3], [6]) : 0.8760298048
187 : ([1, 5], [2, 3], [4], [6]) : 0.9139004475
188 : ([1, 5], [2], [3], [4], [6]) : 0.8730023599
189 : ([1, 2, 3, 4], [5], [6]) : 0.9231229015
190 : ([1], [2, 3, 4], [5], [6]) : 0.9163968424
191 : ([1, 3, 4], [2], [5], [6]) : 0.8751335278
192 : ([1, 2], [3, 4], [5], [6]) : 0.8789517349
193 : ([1], [2], [3, 4], [5], [6]) : 0.8725987103
194 : ([1, 2, 4], [3], [5], [6]) : 0.8838778605
195 : ([1, 3], [2, 4], [5], [6]) : 0.8760417686
196 : ([1], [2, 4], [3], [5], [6]) : 0.8751813314
197 : ([1, 4], [2, 3], [5], [6]) : 0.9138224857
198 : ([1, 4], [2], [3], [5], [6]) : 0.8739502918
199 : ([1, 2, 3], [4], [5], [6]) : 0.9191814653
200 : ([1], [2, 3], [4], [5], [6]) : 0.9122886310
201 : ([1, 3], [2], [4], [5], [6]) : 0.8722003145
202 : ([1, 2], [3], [4], [5], [6]) : 0.8784395391
203 : ([1], [2], [3], [4], [5], [6]) : 0.8716904326
