=== Bootstrap seed: 64 ===
1 : ([1, 2, 3, 4, 5, 6],) : 0.9606741865
2 : ([1], [2, 3, 4, 5, 6]) : 0.9565324252
3 : ([1, 3, 4, 5, 6], [2]) : 0.9308907695
4 : ([1, 2], [3, 4, 5, 6]) : 0.9278922594
5 : ([1], [2], [3, 4, 5, 6]) : 0.9271867728
6 : ([1, 2, 4, 5, 6], [3]) : 0.9313881083
7 : ([1, 3], [2, 4, 5, 6]) : 0.9283376765
8 : ([1], [2, 4, 5, 6], [3]) : 0.9271041623
9 : ([1, 4, 5, 6], [2, 3]) : 0.9559214625
10 : ([1, 4, 5, 6], [2], [3]) : 0.9265030980
11 : ([1, 2, 3], [4, 5, 6]) : 0.9558454711
12 : ([1], [2, 3], [4, 5, 6]) : 0.9550110095
13 : ([1, 3], [2], [4, 5, 6]) : 0.9266692348
14 : ([1, 2], [3], [4, 5, 6]) : 0.9260955446
15 : ([1], [2], [3], [4, 5, 6]) : 0.9255138749
16 : ([1, 2, 3, 5, 6], [4]) : 0.9358586596
17 : ([1, 4], [2, 3, 5, 6]) : 0.9313316262
18 : ([1], [2, 3, 5, 6], [4]) : 0.9312444051
19 : ([1, 3, 5, 6], [2, 4]) : 0.9075002483
20 : ([1, 3, 5, 6], [2], [4]) : 0.9071117160
21 : ([1, 2, 4], [3, 5, 6]) : 0.9067661844
22 : ([1], [2, 4], [3, 5, 6]) : 0.9035652879
23 : ([1, 4], [2], [3, 5, 6]) : 0.9031349533
24 : ([1, 2], [3, 5, 6], [4]) : 0.9041761257
25 : ([1], [2], [3, 5, 6], [4]) : 0.9028011248
26 : ([1, 2, 5, 6], [3, 4]) : 0.9075384993
27 : ([1, 2, 5, 6], [3], [4]) : 0.9072974962
28 : ([1, 3, 4], [2, 5, 6]) : 0.9050759800
29 : ([1], [2, 5, 6], [3, 4]) : 0.9039369463
30 : ([1, 4], [2, 5, 6], [3]) : 0.9038092425
31 : ([1, 3], [2, 5, 6], [4]) : 0.9042342582
32 : ([1], [2, 5, 6], [3], [4]) : 0.9036123684
33 : ([1, 5, 6], [2, 3, 4]) : 0.9328799387
34 : ([1, 5, 6], [2], [3, 4]) : 0.9044611255
35 : ([1, 5, 6], [2, 4], [3]) : 0.9047142073
36 : ([1, 5, 6], [2, 3], [4]) : 0.9310160632
37 : ([1, 5, 6], [2], [3], [4]) : 0.9041685109
38 : ([1, 2, 3, 4], [5, 6]) : 0.9335514440
39 : ([1], [2, 3, 4], [5, 6]) : 0.9318595167
40 : ([1, 3, 4], [2], [5, 6]) : 0.9033706530
41 : ([1, 2], [3, 4], [5, 6]) : 0.9036157430
42 : ([1], [2], [3, 4], [5, 6]) : 0.9023044511
43 : ([1, 2, 4], [3], [5, 6]) : 0.9059827540
44 : ([1, 3], [2, 4], [5, 6]) : 0.9033385431
45 : ([1], [2, 4], [3], [5, 6]) : 0.9028037235
46 : ([1, 4], [2, 3], [5, 6]) : 0.9298999850
47 : ([1, 4], [2], [3], [5, 6]) : 0.9023098359
48 : ([1, 2, 3], [4], [5, 6]) : 0.9319612694
49 : ([1], [2, 3], [4], [5, 6]) : 0.9298636999
50 : ([1, 3], [2], [4], [5, 6]) : 0.9025183989
51 : ([1, 2], [3], [4], [5, 6]) : 0.9034453649
52 : ([1], [2], [3], [4], [5, 6]) : 0.9020367806
53 : ([1, 2, 3, 4, 6], [5]) : 0.9331998698
54 : ([1, 5], [2, 3, 4, 6]) : 0.9307942999
55 : ([1], [2, 3, 4, 6], [5]) : 0.9304174594
56 : ([1, 3, 4, 6], [2, 5]) : 0.9066674254
57 : ([1, 3, 4, 6], [2], [5]) : 0.9049725739
58 : ([1, 2, 5], [3, 4, 6]) : 0.9050843092
59 : ([1], [2, 5], [3, 4, 6]) : 0.9026565439
60 : ([1, 5], [2], [3, 4, 6]) : 0.9015502791
61 : ([1, 2], [3, 4, 6], [5]) : 0.9028077359
62 : ([1], [2], [3, 4, 6], [5]) : 0.9008939550
63 : ([1, 2, 4, 6], [3, 5]) : 0.9063821203
64 : ([1, 2, 4, 6], [3], [5]) : 0.9062464829
65 : ([1, 3, 5], [2, 4, 6]) : 0.9026914966
66 : ([1], [2, 4, 6], [3, 5]) : 0.9005470587
67 : ([1, 5], [2, 4, 6], [3]) : 0.9011356038
68 : ([1, 3], [2, 4, 6], [5]) : 0.9013230921
69 : ([1], [2, 4, 6], [3], [5]) : 0.9004335975
70 : ([1, 4, 6], [2, 3, 5]) : 0.9296533547
71 : ([1, 4, 6], [2], [3, 5]) : 0.9006884818
72 : ([1, 4, 6], [2, 5], [3]) : 0.9019364824
73 : ([1, 4, 6], [2, 3], [5]) : 0.9279737007
74 : ([1, 4, 6], [2], [3], [5]) : 0.9004765399
75 : ([1, 2, 3, 5], [4, 6]) : 0.9310040843
76 : ([1], [2, 3, 5], [4, 6]) : 0.9282349093
77 : ([1, 3, 5], [2], [4, 6]) : 0.9009915147
78 : ([1, 2], [3, 5], [4, 6]) : 0.9006556353
79 : ([1], [2], [3, 5], [4, 6]) : 0.8988321514
80 : ([1, 2, 5], [3], [4, 6]) : 0.9028251548
81 : ([1, 3], [2, 5], [4, 6]) : 0.9011543947
82 : ([1], [2, 5], [3], [4, 6]) : 0.9002947341
83 : ([1, 5], [2, 3], [4, 6]) : 0.9268688150
84 : ([1, 5], [2], [3], [4, 6]) : 0.8994850889
85 : ([1, 2, 3], [4, 6], [5]) : 0.9283151746
86 : ([1], [2, 3], [4, 6], [5]) : 0.9264742697
87 : ([1, 3], [2], [4, 6], [5]) : 0.8995994158
88 : ([1, 2], [3], [4, 6], [5]) : 0.9006823239
89 : ([1], [2], [3], [4, 6], [5]) : 0.8987653966
90 : ([1, 2, 3, 6], [4, 5]) : 0.9385630512
91 : ([1, 2, 3, 6], [4], [5]) : 0.9218002164
92 : ([1, 4, 5], [2, 3, 6]) : 0.9371004345
93 : ([1], [2, 3, 6], [4, 5]) : 0.9360438792
94 : ([1, 5], [2, 3, 6], [4]) : 0.9193600075
95 : ([1, 4], [2, 3, 6], [5]) : 0.9193120497
96 : ([1], [2, 3, 6], [4], [5]) : 0.9189536823
97 : ([1, 3, 6], [2, 4, 5]) : 0.9103516624
98 : ([1, 3, 6], [2], [4, 5]) : 0.9089576147
99 : ([1, 3, 6], [2, 5], [4]) : 0.8937381234
100 : ([1, 3, 6], [2, 4], [5]) : 0.8931036660
101 : ([1, 3, 6], [2], [4], [5]) : 0.8921969061
102 : ([1, 2, 4, 5], [3, 6]) : 0.9131737721
103 : ([1], [2, 4, 5], [3, 6]) : 0.9090891926
104 : ([1, 4, 5], [2], [3, 6]) : 0.9094682381
105 : ([1, 2], [3, 6], [4, 5]) : 0.9082659170
106 : ([1], [2], [3, 6], [4, 5]) : 0.9073502596
107 : ([1, 2, 5], [3, 6], [4]) : 0.8959086556
108 : ([1, 4], [2, 5], [3, 6]) : 0.8929304738
109 : ([1], [2, 5], [3, 6], [4]) : 0.8925651457
110 : ([1, 5], [2, 4], [3, 6]) : 0.8927173752
111 : ([1, 5], [2], [3, 6], [4]) : 0.8919366288
112 : ([1, 2, 4], [3, 6], [5]) : 0.8959249442
113 : ([1], [2, 4], [3, 6], [5]) : 0.8917942356
114 : ([1, 4], [2], [3, 6], [5]) : 0.8913852297
115 : ([1, 2], [3, 6], [4], [5]) : 0.8931763138
116 : ([1], [2], [3, 6], [4], [5]) : 0.8908867345
117 : ([1, 2, 6], [3, 4, 5]) : 0.9094091353
118 : ([1, 2, 6], [3], [4, 5]) : 0.9078375545
119 : ([1, 2, 6], [3, 5], [4]) : 0.8932319669
120 : ([1, 2, 6], [3, 4], [5]) : 0.8938652687
121 : ([1, 2, 6], [3], [4], [5]) : 0.8929988190
122 : ([1, 3, 4, 5], [2, 6]) : 0.9114079315
123 : ([1], [2, 6], [3, 4, 5]) : 0.9084125277
124 : ([1, 4, 5], [2, 6], [3]) : 0.9088255661
125 : ([1, 3], [2, 6], [4, 5]) : 0.9069211072
126 : ([1], [2, 6], [3], [4, 5]) : 0.9067140579
127 : ([1, 3, 5], [2, 6], [4]) : 0.8931381013
128 : ([1, 4], [2, 6], [3, 5]) : 0.8915863167
129 : ([1], [2, 6], [3, 5], [4]) : 0.8910604203
130 : ([1, 5], [2, 6], [3, 4]) : 0.8929031690
131 : ([1, 5], [2, 6], [3], [4]) : 0.8918175264
132 : ([1, 3, 4], [2, 6], [5]) : 0.8926795494
133 : ([1], [2, 6], [3, 4], [5]) : 0.8917566660
134 : ([1, 4], [2, 6], [3], [5]) : 0.8911186628
135 : ([1, 3], [2, 6], [4], [5]) : 0.8909853503
136 : ([1], [2, 6], [3], [4], [5]) : 0.8906918834
137 : ([1, 6], [2, 3, 4, 5]) : 0.9391466875
138 : ([1, 6], [2], [3, 4, 5]) : 0.9088503810
139 : ([1, 6], [2, 4, 5], [3]) : 0.9085532118
140 : ([1, 6], [2, 3], [4, 5]) : 0.9361145014
141 : ([1, 6], [2], [3], [4, 5]) : 0.9069393121
142 : ([1, 6], [2, 3, 5], [4]) : 0.9204471994
143 : ([1, 6], [2, 4], [3, 5]) : 0.8920181462
144 : ([1, 6], [2], [3, 5], [4]) : 0.8910164952
145 : ([1, 6], [2, 5], [3, 4]) : 0.8934196837
146 : ([1, 6], [2, 5], [3], [4]) : 0.8922850086
147 : ([1, 6], [2, 3, 4], [5]) : 0.9212081573
148 : ([1, 6], [2], [3, 4], [5]) : 0.8915648464
149 : ([1, 6], [2, 4], [3], [5]) : 0.8914649329
150 : ([1, 6], [2, 3], [4], [5]) : 0.9182821820
151 : ([1, 6], [2], [3], [4], [5]) : 0.8905198686
152 : ([1, 2, 3, 4, 5], [6]) : 0.9420226544
153 : ([1], [2, 3, 4, 5], [6]) : 0.9385822243
154 : ([1, 3, 4, 5], [2], [6]) : 0.9111042511
155 : ([1, 2], [3, 4, 5], [6]) : 0.9086953577
156 : ([1], [2], [3, 4, 5], [6]) : 0.9082399467
157 : ([1, 2, 4, 5], [3], [6]) : 0.9124403811
158 : ([1, 3], [2, 4, 5], [6]) : 0.9084848772
159 : ([1], [2, 4, 5], [3], [6]) : 0.9082604657
160 : ([1, 4, 5], [2, 3], [6]) : 0.9365914403
161 : ([1, 4, 5], [2], [3], [6]) : 0.9085951670
162 : ([1, 2, 3], [4, 5], [6]) : 0.9374687993
163 : ([1], [2, 3], [4, 5], [6]) : 0.9354385859
164 : ([1, 3], [2], [4, 5], [6]) : 0.9067028992
165 : ([1, 2], [3], [4, 5], [6]) : 0.9072489911
166 : ([1], [2], [3], [4, 5], [6]) : 0.9065357488
167 : ([1, 2, 3, 5], [4], [6]) : 0.9240957746
168 : ([1, 4], [2, 3, 5], [6]) : 0.9206152273
169 : ([1], [2, 3, 5], [4], [6]) : 0.9203901550
170 : ([1, 3, 5], [2, 4], [6]) : 0.8934911789
171 : ([1, 3, 5], [2], [4], [6]) : 0.8926489184
172 : ([1, 2, 4], [3, 5], [6]) : 0.8955177383
173 : ([1], [2, 4], [3, 5], [6]) : 0.8915614369
174 : ([1, 4], [2], [3, 5], [6]) : 0.8911109970
175 : ([1, 2], [3, 5], [4], [6]) : 0.8925301181
176 : ([1], [2], [3, 5], [4], [6]) : 0.8905944461
177 : ([1, 2, 5], [3, 4], [6]) : 0.8962355394
178 : ([1, 2, 5], [3], [4], [6]) : 0.8952883307
179 : ([1, 3, 4], [2, 5], [6]) : 0.8938721756
180 : ([1], [2, 5], [3, 4], [6]) : 0.8931070472
181 : ([1, 4], [2, 5], [3], [6]) : 0.8922590157
182 : ([1, 3], [2, 5], [4], [6]) : 0.8922291183
183 : ([1], [2, 5], [3], [4], [6]) : 0.8919765519
184 : ([1, 5], [2, 3, 4], [6]) : 0.9215848056
185 : ([1, 5], [2], [3, 4], [6]) : 0.8924779245
186 : ([1, 5], [2, 4], [3], [6]) : 0.8922140855
187 : ([1, 5], [2, 3], [4], [6]) : 0.9186210146
188 : ([1, 5], [2], [3], [4], [6]) : 0.8914214187
189 : ([1, 2, 3, 4], [5], [6]) : 0.9232515889
190 : ([1], [2, 3, 4], [5], [6]) : 0.9211613827
191 : ([1, 3, 4], [2], [5], [6]) : 0.8920968552
192 : ([1, 2], [3, 4], [5], [6]) : 0.8931955251
193 : ([1], [2], [3, 4], [5], [6]) : 0.8912723006
194 : ([1, 2, 4], [3], [5], [6]) : 0.8951598977
195 : ([1, 3], [2, 4], [5], [6]) : 0.8914338489
196 : ([1], [2, 4], [3], [5], [6]) : 0.8911505540
197 : ([1, 4], [2, 3], [5], [6]) : 0.9184819035
198 : ([1, 4], [2], [3], [5], [6]) : 0.8906453156
199 : ([1, 2, 3], [4], [5], [6]) : 0.9208275734
200 : ([1], [2, 3], [4], [5], [6]) : 0.9181830292
201 : ([1, 3], [2], [4], [5], [6]) : 0.8904617471
202 : ([1, 2], [3], [4], [5], [6]) : 0.8923595492
203 : ([1], [2], [3], [4], [5], [6]) : 0.8902352791
