=== Bootstrap seed: 69 ===
1 : ([1, 2, 3, 4, 5, 6],) : 0.9611989938
2 : ([1], [2, 3, 4, 5, 6]) : 0.9567591787
3 : ([1, 3, 4, 5, 6], [2]) : 0.9319415363
4 : ([1, 2], [3, 4, 5, 6]) : 0.9271405603
5 : ([1], [2], [3, 4, 5, 6]) : 0.9241339705
6 : ([1, 2, 4, 5, 6], [3]) : 0.9330509693
7 : ([1, 3], [2, 4, 5, 6]) : 0.9278510239
8 : ([1], [2, 4, 5, 6], [3]) : 0.9263411404
9 : ([1, 4, 5, 6], [2, 3]) : 0.9548695531
10 : ([1, 4, 5, 6], [2], [3]) : 0.9245923587
11 : ([1, 2, 3], [4, 5, 6]) : 0.9556206086
12 : ([1], [2, 3], [4, 5, 6]) : 0.9535407710
13 : ([1, 3], [2], [4, 5, 6]) : 0.9226781074
14 : ([1, 2], [3], [4, 5, 6]) : 0.9237987035
15 : ([1], [2], [3], [4, 5, 6]) : 0.9208188114
16 : ([1, 2, 3, 5, 6], [4]) : 0.9398633442
17 : ([1, 4], [2, 3, 5, 6]) : 0.9348138823
18 : ([1], [2, 3, 5, 6], [4]) : 0.9340131452
19 : ([1, 3, 5, 6], [2, 4]) : 0.9059873010
20 : ([1, 3, 5, 6], [2], [4]) : 0.9045443642
21 : ([1, 2, 4], [3, 5, 6]) : 0.9096670928
22 : ([1], [2, 4], [3, 5, 6]) : 0.9004040742
23 : ([1, 4], [2], [3, 5, 6]) : 0.9032778234
24 : ([1, 2], [3, 5, 6], [4]) : 0.9042847148
25 : ([1], [2], [3, 5, 6], [4]) : 0.8990626565
26 : ([1, 2, 5, 6], [3, 4]) : 0.9096464690
27 : ([1, 2, 5, 6], [3], [4]) : 0.9091270249
28 : ([1, 3, 4], [2, 5, 6]) : 0.9082132306
29 : ([1], [2, 5, 6], [3, 4]) : 0.9024246809
30 : ([1, 4], [2, 5, 6], [3]) : 0.9052530446
31 : ([1, 3], [2, 5, 6], [4]) : 0.9046596225
32 : ([1], [2, 5, 6], [3], [4]) : 0.9019944108
33 : ([1, 5, 6], [2, 3, 4]) : 0.9335696042
34 : ([1, 5, 6], [2], [3, 4]) : 0.8971326292
35 : ([1, 5, 6], [2, 4], [3]) : 0.8984669647
36 : ([1, 5, 6], [2, 3], [4]) : 0.9302223747
37 : ([1, 5, 6], [2], [3], [4]) : 0.8967418158
38 : ([1, 2, 3, 4], [5, 6]) : 0.9373766892
39 : ([1], [2, 3, 4], [5, 6]) : 0.9332074163
40 : ([1, 3, 4], [2], [5, 6]) : 0.9031152817
41 : ([1, 2], [3, 4], [5, 6]) : 0.9017787758
42 : ([1], [2], [3, 4], [5, 6]) : 0.8963581880
43 : ([1, 2, 4], [3], [5, 6]) : 0.9066367586
44 : ([1, 3], [2, 4], [5, 6]) : 0.9007506924
45 : ([1], [2, 4], [3], [5, 6]) : 0.8973787602
46 : ([1, 4], [2, 3], [5, 6]) : 0.9307026961
47 : ([1, 4], [2], [3], [5, 6]) : 0.8997747679
48 : ([1, 2, 3], [4], [5, 6]) : 0.9345947294
49 : ([1], [2, 3], [4], [5, 6]) : 0.9300022868
50 : ([1, 3], [2], [4], [5, 6]) : 0.8991498231
51 : ([1, 2], [3], [4], [5, 6]) : 0.9012158748
52 : ([1], [2], [3], [4], [5, 6]) : 0.8958925088
53 : ([1, 2, 3, 4, 6], [5]) : 0.9379882617
54 : ([1, 5], [2, 3, 4, 6]) : 0.9309009014
55 : ([1], [2, 3, 4, 6], [5]) : 0.9307464629
56 : ([1, 3, 4, 6], [2, 5]) : 0.9083559169
57 : ([1, 3, 4, 6], [2], [5]) : 0.9042618366
58 : ([1, 2, 5], [3, 4, 6]) : 0.9095899214
59 : ([1], [2, 5], [3, 4, 6]) : 0.9010502102
60 : ([1, 5], [2], [3, 4, 6]) : 0.8964242648
61 : ([1, 2], [3, 4, 6], [5]) : 0.9037367685
62 : ([1], [2], [3, 4, 6], [5]) : 0.8953950229
63 : ([1, 2, 4, 6], [3, 5]) : 0.9096012921
64 : ([1, 2, 4, 6], [3], [5]) : 0.9088174364
65 : ([1, 3, 5], [2, 4, 6]) : 0.8990814338
66 : ([1], [2, 4, 6], [3, 5]) : 0.8962224573
67 : ([1, 5], [2, 4, 6], [3]) : 0.8961228468
68 : ([1, 3], [2, 4, 6], [5]) : 0.8966011355
69 : ([1], [2, 4, 6], [3], [5]) : 0.8952447725
70 : ([1, 4, 6], [2, 3, 5]) : 0.9300661624
71 : ([1, 4, 6], [2], [3, 5]) : 0.8994037537
72 : ([1, 4, 6], [2, 5], [3]) : 0.9032648147
73 : ([1, 4, 6], [2, 3], [5]) : 0.9284062122
74 : ([1, 4, 6], [2], [3], [5]) : 0.8986463411
75 : ([1, 2, 3, 5], [4, 6]) : 0.9363539508
76 : ([1], [2, 3, 5], [4, 6]) : 0.9293010451
77 : ([1, 3, 5], [2], [4, 6]) : 0.8967261110
78 : ([1, 2], [3, 5], [4, 6]) : 0.9017490147
79 : ([1], [2], [3, 5], [4, 6]) : 0.8934771466
80 : ([1, 2, 5], [3], [4, 6]) : 0.9068015077
81 : ([1, 3], [2, 5], [4, 6]) : 0.8998846531
82 : ([1], [2, 5], [3], [4, 6]) : 0.8986080735
83 : ([1, 5], [2, 3], [4, 6]) : 0.9274094593
84 : ([1, 5], [2], [3], [4, 6]) : 0.8936659123
85 : ([1, 2, 3], [4, 6], [5]) : 0.9336545812
86 : ([1], [2, 3], [4, 6], [5]) : 0.9273666397
87 : ([1, 3], [2], [4, 6], [5]) : 0.8942150419
88 : ([1, 2], [3], [4, 6], [5]) : 0.9010776931
89 : ([1], [2], [3], [4, 6], [5]) : 0.8927485393
90 : ([1, 2, 3, 6], [4, 5]) : 0.9408767369
91 : ([1, 2, 3, 6], [4], [5]) : 0.9294487975
92 : ([1, 4, 5], [2, 3, 6]) : 0.9366507885
93 : ([1], [2, 3, 6], [4, 5]) : 0.9356410813
94 : ([1, 5], [2, 3, 6], [4]) : 0.9215899411
95 : ([1, 4], [2, 3, 6], [5]) : 0.9222798493
96 : ([1], [2, 3, 6], [4], [5]) : 0.9213693033
97 : ([1, 3, 6], [2, 4, 5]) : 0.9093875564
98 : ([1, 3, 6], [2], [4, 5]) : 0.9044115233
99 : ([1, 3, 6], [2, 5], [4]) : 0.8945047036
100 : ([1, 3, 6], [2, 4], [5]) : 0.8908401394
101 : ([1, 3, 6], [2], [4], [5]) : 0.8898375290
102 : ([1, 2, 4, 5], [3, 6]) : 0.9130263467
103 : ([1], [2, 4, 5], [3, 6]) : 0.9046323935
104 : ([1, 4, 5], [2], [3, 6]) : 0.9037206186
105 : ([1, 2], [3, 6], [4, 5]) : 0.9021123618
106 : ([1], [2], [3, 6], [4, 5]) : 0.8980109384
107 : ([1, 2, 5], [3, 6], [4]) : 0.8994369914
108 : ([1, 4], [2, 5], [3, 6]) : 0.8939061837
109 : ([1], [2, 5], [3, 6], [4]) : 0.8906727124
110 : ([1, 5], [2, 4], [3, 6]) : 0.8873583165
111 : ([1, 5], [2], [3, 6], [4]) : 0.8863035999
112 : ([1, 2, 4], [3, 6], [5]) : 0.8969514961
113 : ([1], [2, 4], [3, 6], [5]) : 0.8854941205
114 : ([1, 4], [2], [3, 6], [5]) : 0.8889074391
115 : ([1, 2], [3, 6], [4], [5]) : 0.8922489922
116 : ([1], [2], [3, 6], [4], [5]) : 0.8845987966
117 : ([1, 2, 6], [3, 4, 5]) : 0.9062206098
118 : ([1, 2, 6], [3], [4, 5]) : 0.9040086319
119 : ([1, 2, 6], [3, 5], [4]) : 0.8955831512
120 : ([1, 2, 6], [3, 4], [5]) : 0.8960084889
121 : ([1, 2, 6], [3], [4], [5]) : 0.8946821960
122 : ([1, 3, 4, 5], [2, 6]) : 0.9079479771
123 : ([1], [2, 6], [3, 4, 5]) : 0.9007473693
124 : ([1, 4, 5], [2, 6], [3]) : 0.9030900091
125 : ([1, 3], [2, 6], [4, 5]) : 0.9000766960
126 : ([1], [2, 6], [3], [4, 5]) : 0.8980114123
127 : ([1, 3, 5], [2, 6], [4]) : 0.8890387289
128 : ([1, 4], [2, 6], [3, 5]) : 0.8902957749
129 : ([1], [2, 6], [3, 5], [4]) : 0.8857334004
130 : ([1, 5], [2, 6], [3, 4]) : 0.8873380445
131 : ([1, 5], [2, 6], [3], [4]) : 0.8859293333
132 : ([1, 3, 4], [2, 6], [5]) : 0.8922896963
133 : ([1], [2, 6], [3, 4], [5]) : 0.8861512345
134 : ([1, 4], [2, 6], [3], [5]) : 0.8891014556
135 : ([1, 3], [2, 6], [4], [5]) : 0.8867184449
136 : ([1], [2, 6], [3], [4], [5]) : 0.8846602974
137 : ([1, 6], [2, 3, 4, 5]) : 0.9394649791
138 : ([1, 6], [2], [3, 4, 5]) : 0.9002223397
139 : ([1, 6], [2, 4, 5], [3]) : 0.9043874085
140 : ([1, 6], [2, 3], [4, 5]) : 0.9340119498
141 : ([1, 6], [2], [3], [4, 5]) : 0.8977795820
142 : ([1, 6], [2, 3, 5], [4]) : 0.9219996896
143 : ([1, 6], [2, 4], [3, 5]) : 0.8862814456
144 : ([1, 6], [2], [3, 5], [4]) : 0.8852503282
145 : ([1, 6], [2, 5], [3, 4]) : 0.8913112975
146 : ([1, 6], [2, 5], [3], [4]) : 0.8903010686
147 : ([1, 6], [2, 3, 4], [5]) : 0.9233580287
148 : ([1, 6], [2], [3, 4], [5]) : 0.8855653559
149 : ([1, 6], [2, 4], [3], [5]) : 0.8855812337
150 : ([1, 6], [2, 3], [4], [5]) : 0.9195947055
151 : ([1, 6], [2], [3], [4], [5]) : 0.8843911799
152 : ([1, 2, 3, 4, 5], [6]) : 0.9431639049
153 : ([1], [2, 3, 4, 5], [6]) : 0.9395284290
154 : ([1, 3, 4, 5], [2], [6]) : 0.9067168100
155 : ([1, 2], [3, 4, 5], [6]) : 0.9026159527
156 : ([1], [2], [3, 4, 5], [6]) : 0.8990793667
157 : ([1, 2, 4, 5], [3], [6]) : 0.9110392267
158 : ([1, 3], [2, 4, 5], [6]) : 0.9051730911
159 : ([1], [2, 4, 5], [3], [6]) : 0.9035885703
160 : ([1, 4, 5], [2, 3], [6]) : 0.9349097059
161 : ([1, 4, 5], [2], [3], [6]) : 0.9018145632
162 : ([1, 2, 3], [4, 5], [6]) : 0.9374360796
163 : ([1], [2, 3], [4, 5], [6]) : 0.9340249153
164 : ([1, 3], [2], [4, 5], [6]) : 0.8987992903
165 : ([1, 2], [3], [4, 5], [6]) : 0.9003731159
166 : ([1], [2], [3], [4, 5], [6]) : 0.8966757257
167 : ([1, 2, 3, 5], [4], [6]) : 0.9285621497
168 : ([1, 4], [2, 3, 5], [6]) : 0.9226285776
169 : ([1], [2, 3, 5], [4], [6]) : 0.9219778080
170 : ([1, 3, 5], [2, 4], [6]) : 0.8887929547
171 : ([1, 3, 5], [2], [4], [6]) : 0.8877185680
172 : ([1, 2, 4], [3, 5], [6]) : 0.8957412155
173 : ([1], [2, 4], [3, 5], [6]) : 0.8848554857
174 : ([1, 4], [2], [3, 5], [6]) : 0.8883156429
175 : ([1, 2], [3, 5], [4], [6]) : 0.8911149350
176 : ([1], [2], [3, 5], [4], [6]) : 0.8839477169
177 : ([1, 2, 5], [3, 4], [6]) : 0.8982511045
178 : ([1, 2, 5], [3], [4], [6]) : 0.8973194535
179 : ([1, 3, 4], [2, 5], [6]) : 0.8962453872
180 : ([1], [2, 5], [3, 4], [6]) : 0.8907692185
181 : ([1, 4], [2, 5], [3], [6]) : 0.8926623623
182 : ([1, 3], [2, 5], [4], [6]) : 0.8912872906
183 : ([1], [2, 5], [3], [4], [6]) : 0.8894997175
184 : ([1, 5], [2, 3, 4], [6]) : 0.9236149135
185 : ([1, 5], [2], [3, 4], [6]) : 0.8860450870
186 : ([1, 5], [2, 4], [3], [6]) : 0.8859040692
187 : ([1, 5], [2, 3], [4], [6]) : 0.9197417207
188 : ([1, 5], [2], [3], [4], [6]) : 0.8846874905
189 : ([1, 2, 3, 4], [5], [6]) : 0.9290245283
190 : ([1], [2, 3, 4], [5], [6]) : 0.9233847233
191 : ([1, 3, 4], [2], [5], [6]) : 0.8910668577
192 : ([1, 2], [3, 4], [5], [6]) : 0.8919439459
193 : ([1], [2], [3, 4], [5], [6]) : 0.8846612365
194 : ([1, 2, 4], [3], [5], [6]) : 0.8952890594
195 : ([1, 3], [2, 4], [5], [6]) : 0.8864710767
196 : ([1], [2, 4], [3], [5], [6]) : 0.8842428793
197 : ([1, 4], [2, 3], [5], [6]) : 0.9204173983
198 : ([1, 4], [2], [3], [5], [6]) : 0.8874592883
199 : ([1, 2, 3], [4], [5], [6]) : 0.9259404070
200 : ([1], [2, 3], [4], [5], [6]) : 0.9195850046
201 : ([1, 3], [2], [4], [5], [6]) : 0.8854117958
202 : ([1, 2], [3], [4], [5], [6]) : 0.8905179179
203 : ([1], [2], [3], [4], [5], [6]) : 0.8832064119
