=== Bootstrap seed: 83 ===
1 : ([1, 2, 3, 4, 5, 6],) : 0.9671726850
2 : ([1], [2, 3, 4, 5, 6]) : 0.9581430760
3 : ([1, 3, 4, 5, 6], [2]) : 0.9323382597
4 : ([1, 2], [3, 4, 5, 6]) : 0.9301731791
5 : ([1], [2], [3, 4, 5, 6]) : 0.9244565414
6 : ([1, 2, 4, 5, 6], [3]) : 0.9311237634
7 : ([1, 3], [2, 4, 5, 6]) : 0.9235863140
8 : ([1], [2, 4, 5, 6], [3]) : 0.9220757506
9 : ([1, 4, 5, 6], [2, 3]) : 0.9557399654
10 : ([1, 4, 5, 6], [2], [3]) : 0.9215641910
11 : ([1, 2, 3], [4, 5, 6]) : 0.9578118029
12 : ([1], [2, 3], [4, 5, 6]) : 0.9536099463
13 : ([1, 3], [2], [4, 5, 6]) : 0.9193602792
14 : ([1, 2], [3], [4, 5, 6]) : 0.9219716019
15 : ([1], [2], [3], [4, 5, 6]) : 0.9173863084
16 : ([1, 2, 3, 5, 6], [4]) : 0.9414497553
17 : ([1, 4], [2, 3, 5, 6]) : 0.9337300478
18 : ([1], [2, 3, 5, 6], [4]) : 0.9332257319
19 : ([1, 3, 5, 6], [2, 4]) : 0.9088084491
20 : ([1, 3, 5, 6], [2], [4]) : 0.9076184949
21 : ([1, 2, 4], [3, 5, 6]) : 0.9102829783
22 : ([1], [2, 4], [3, 5, 6]) : 0.9006159819
23 : ([1, 4], [2], [3, 5, 6]) : 0.9010849487
24 : ([1, 2], [3, 5, 6], [4]) : 0.9073520859
25 : ([1], [2], [3, 5, 6], [4]) : 0.8997684496
26 : ([1, 2, 5, 6], [3, 4]) : 0.9127786404
27 : ([1, 2, 5, 6], [3], [4]) : 0.9100822644
28 : ([1, 3, 4], [2, 5, 6]) : 0.9059055383
29 : ([1], [2, 5, 6], [3, 4]) : 0.9034171044
30 : ([1, 4], [2, 5, 6], [3]) : 0.9022470400
31 : ([1, 3], [2, 5, 6], [4]) : 0.9022464351
32 : ([1], [2, 5, 6], [3], [4]) : 0.9007539118
33 : ([1, 5, 6], [2, 3, 4]) : 0.9347582142
34 : ([1, 5, 6], [2], [3, 4]) : 0.9025209936
35 : ([1, 5, 6], [2, 4], [3]) : 0.9008149088
36 : ([1, 5, 6], [2, 3], [4]) : 0.9308668667
37 : ([1, 5, 6], [2], [3], [4]) : 0.8995834890
38 : ([1, 2, 3, 4], [5, 6]) : 0.9380717122
39 : ([1], [2, 3, 4], [5, 6]) : 0.9328773433
40 : ([1, 3, 4], [2], [5, 6]) : 0.9021472752
41 : ([1, 2], [3, 4], [5, 6]) : 0.9057664995
42 : ([1], [2], [3, 4], [5, 6]) : 0.8992573210
43 : ([1, 2, 4], [3], [5, 6]) : 0.9063223679
44 : ([1, 3], [2, 4], [5, 6]) : 0.8994935595
45 : ([1], [2, 4], [3], [5, 6]) : 0.8973109479
46 : ([1, 4], [2, 3], [5, 6]) : 0.9290394295
47 : ([1, 4], [2], [3], [5, 6]) : 0.8978803048
48 : ([1, 2, 3], [4], [5, 6]) : 0.9347063202
49 : ([1], [2, 3], [4], [5, 6]) : 0.9287831990
50 : ([1, 3], [2], [4], [5, 6]) : 0.8984163323
51 : ([1, 2], [3], [4], [5, 6]) : 0.9027756538
52 : ([1], [2], [3], [4], [5, 6]) : 0.8963671743
53 : ([1, 2, 3, 4, 6], [5]) : 0.9393372665
54 : ([1, 5], [2, 3, 4, 6]) : 0.9337303052
55 : ([1], [2, 3, 4, 6], [5]) : 0.9332002851
56 : ([1, 3, 4, 6], [2, 5]) : 0.9057664612
57 : ([1, 3, 4, 6], [2], [5]) : 0.9046432168
58 : ([1, 2, 5], [3, 4, 6]) : 0.9088711520
59 : ([1], [2, 5], [3, 4, 6]) : 0.8997694316
60 : ([1, 5], [2], [3, 4, 6]) : 0.8979830021
61 : ([1, 2], [3, 4, 6], [5]) : 0.9049036960
62 : ([1], [2], [3, 4, 6], [5]) : 0.8976812918
63 : ([1, 2, 4, 6], [3, 5]) : 0.9133815251
64 : ([1, 2, 4, 6], [3], [5]) : 0.9105326881
65 : ([1, 3, 5], [2, 4, 6]) : 0.9045861373
66 : ([1], [2, 4, 6], [3, 5]) : 0.9024755104
67 : ([1, 5], [2, 4, 6], [3]) : 0.8992663176
68 : ([1, 3], [2, 4, 6], [5]) : 0.9006022737
69 : ([1], [2, 4, 6], [3], [5]) : 0.8991106125
70 : ([1, 4, 6], [2, 3, 5]) : 0.9317098188
71 : ([1, 4, 6], [2], [3, 5]) : 0.9006007206
72 : ([1, 4, 6], [2, 5], [3]) : 0.8996882020
73 : ([1, 4, 6], [2, 3], [5]) : 0.9293027747
74 : ([1, 4, 6], [2], [3], [5]) : 0.8980952984
75 : ([1, 2, 3, 5], [4, 6]) : 0.9381766456
76 : ([1], [2, 3, 5], [4, 6]) : 0.9308680738
77 : ([1, 3, 5], [2], [4, 6]) : 0.8992753226
78 : ([1, 2], [3, 5], [4, 6]) : 0.9054216878
79 : ([1], [2], [3, 5], [4, 6]) : 0.8973693066
80 : ([1, 2, 5], [3], [4, 6]) : 0.9050781404
81 : ([1, 3], [2, 5], [4, 6]) : 0.8975011299
82 : ([1], [2, 5], [3], [4, 6]) : 0.8964651931
83 : ([1, 5], [2, 3], [4, 6]) : 0.9291230080
84 : ([1, 5], [2], [3], [4, 6]) : 0.8944429316
85 : ([1, 2, 3], [4, 6], [5]) : 0.9341450619
86 : ([1], [2, 3], [4, 6], [5]) : 0.9282725082
87 : ([1, 3], [2], [4, 6], [5]) : 0.8957896896
88 : ([1, 2], [3], [4, 6], [5]) : 0.9015046816
89 : ([1], [2], [3], [4, 6], [5]) : 0.8943481584
90 : ([1, 2, 3, 6], [4, 5]) : 0.9444307591
91 : ([1, 2, 3, 6], [4], [5]) : 0.9307854585
92 : ([1, 4, 5], [2, 3, 6]) : 0.9396260030
93 : ([1], [2, 3, 6], [4, 5]) : 0.9385248226
94 : ([1, 5], [2, 3, 6], [4]) : 0.9237341959
95 : ([1, 4], [2, 3, 6], [5]) : 0.9236863711
96 : ([1], [2, 3, 6], [4], [5]) : 0.9231016855
97 : ([1, 3, 6], [2, 4, 5]) : 0.9081899524
98 : ([1, 3, 6], [2], [4, 5]) : 0.9056746063
99 : ([1, 3, 6], [2, 5], [4]) : 0.8964490418
100 : ([1, 3, 6], [2, 4], [5]) : 0.8968199181
101 : ([1, 3, 6], [2], [4], [5]) : 0.8953223974
102 : ([1, 2, 4, 5], [3, 6]) : 0.9113512951
103 : ([1], [2, 4, 5], [3, 6]) : 0.9025584678
104 : ([1, 4, 5], [2], [3, 6]) : 0.9009401794
105 : ([1, 2], [3, 6], [4, 5]) : 0.9043614691
106 : ([1], [2], [3, 6], [4, 5]) : 0.8989193742
107 : ([1, 2, 5], [3, 6], [4]) : 0.8991023652
108 : ([1, 4], [2, 5], [3, 6]) : 0.8917648853
109 : ([1], [2, 5], [3, 6], [4]) : 0.8903083427
110 : ([1, 5], [2, 4], [3, 6]) : 0.8898098073
111 : ([1, 5], [2], [3, 6], [4]) : 0.8885433227
112 : ([1, 2, 4], [3, 6], [5]) : 0.8997880990
113 : ([1], [2, 4], [3, 6], [5]) : 0.8896045959
114 : ([1, 4], [2], [3, 6], [5]) : 0.8900535273
115 : ([1, 2], [3, 6], [4], [5]) : 0.8958988324
116 : ([1], [2], [3, 6], [4], [5]) : 0.8883761712
117 : ([1, 2, 6], [3, 4, 5]) : 0.9127078944
118 : ([1, 2, 6], [3], [4, 5]) : 0.9058914028
119 : ([1, 2, 6], [3, 5], [4]) : 0.9012088035
120 : ([1, 2, 6], [3, 4], [5]) : 0.9008273994
121 : ([1, 2, 6], [3], [4], [5]) : 0.8981691145
122 : ([1, 3, 4, 5], [2, 6]) : 0.9095367081
123 : ([1], [2, 6], [3, 4, 5]) : 0.9055811037
124 : ([1, 4, 5], [2, 6], [3]) : 0.9014770575
125 : ([1, 3], [2, 6], [4, 5]) : 0.9020210303
126 : ([1], [2, 6], [3], [4, 5]) : 0.8994521671
127 : ([1, 3, 5], [2, 6], [4]) : 0.8936858888
128 : ([1, 4], [2, 6], [3, 5]) : 0.8929221106
129 : ([1], [2, 6], [3, 5], [4]) : 0.8914763147
130 : ([1, 5], [2, 6], [3, 4]) : 0.8916026781
131 : ([1, 5], [2, 6], [3], [4]) : 0.8890382114
132 : ([1, 3, 4], [2, 6], [5]) : 0.8945344213
133 : ([1], [2, 6], [3, 4], [5]) : 0.8914293842
134 : ([1, 4], [2, 6], [3], [5]) : 0.8906888696
135 : ([1, 3], [2, 6], [4], [5]) : 0.8908465460
136 : ([1], [2, 6], [3], [4], [5]) : 0.8889195190
137 : ([1, 6], [2, 3, 4, 5]) : 0.9422344589
138 : ([1, 6], [2], [3, 4, 5]) : 0.9053955349
139 : ([1, 6], [2, 4, 5], [3]) : 0.9026260610
140 : ([1, 6], [2, 3], [4, 5]) : 0.9378764271
141 : ([1, 6], [2], [3], [4, 5]) : 0.8989563768
142 : ([1, 6], [2, 3, 5], [4]) : 0.9248671307
143 : ([1, 6], [2, 4], [3, 5]) : 0.8926565303
144 : ([1, 6], [2], [3, 5], [4]) : 0.8909187666
145 : ([1, 6], [2, 5], [3, 4]) : 0.8936461599
146 : ([1, 6], [2, 5], [3], [4]) : 0.8905836272
147 : ([1, 6], [2, 3, 4], [5]) : 0.9269665136
148 : ([1, 6], [2], [3, 4], [5]) : 0.8917544022
149 : ([1, 6], [2, 4], [3], [5]) : 0.8902476096
150 : ([1, 6], [2, 3], [4], [5]) : 0.9223044815
151 : ([1, 6], [2], [3], [4], [5]) : 0.8887374648
152 : ([1, 2, 3, 4, 5], [6]) : 0.9475920556
153 : ([1], [2, 3, 4, 5], [6]) : 0.9414385928
154 : ([1, 3, 4, 5], [2], [6]) : 0.9076094360
155 : ([1, 2], [3, 4, 5], [6]) : 0.9096703841
156 : ([1], [2], [3, 4, 5], [6]) : 0.9035749139
157 : ([1, 2, 4, 5], [3], [6]) : 0.9093216340
158 : ([1, 3], [2, 4, 5], [6]) : 0.9034055964
159 : ([1], [2, 4, 5], [3], [6]) : 0.9008432291
160 : ([1, 4, 5], [2, 3], [6]) : 0.9379759316
161 : ([1, 4, 5], [2], [3], [6]) : 0.8989651491
162 : ([1, 2, 3], [4, 5], [6]) : 0.9424738857
163 : ([1], [2, 3], [4, 5], [6]) : 0.9372093785
164 : ([1, 3], [2], [4, 5], [6]) : 0.8999760976
165 : ([1, 2], [3], [4, 5], [6]) : 0.9022813853
166 : ([1], [2], [3], [4, 5], [6]) : 0.8970968508
167 : ([1, 2, 3, 5], [4], [6]) : 0.9321105584
168 : ([1, 4], [2, 3, 5], [6]) : 0.9245615468
169 : ([1], [2, 3, 5], [4], [6]) : 0.9242205788
170 : ([1, 3, 5], [2, 4], [6]) : 0.8932439193
171 : ([1, 3, 5], [2], [4], [6]) : 0.8914264881
172 : ([1, 2, 4], [3, 5], [6]) : 0.9009897243
173 : ([1], [2, 4], [3, 5], [6]) : 0.8905582467
174 : ([1, 4], [2], [3, 5], [6]) : 0.8903577543
175 : ([1, 2], [3, 5], [4], [6]) : 0.8975165590
176 : ([1], [2], [3, 5], [4], [6]) : 0.8890158415
177 : ([1, 2, 5], [3, 4], [6]) : 0.8998937929
178 : ([1, 2, 5], [3], [4], [6]) : 0.8968186444
179 : ([1, 3, 4], [2, 5], [6]) : 0.8938988725
180 : ([1], [2, 5], [3, 4], [6]) : 0.8911472807
181 : ([1, 4], [2, 5], [3], [6]) : 0.8897212961
182 : ([1, 3], [2, 5], [4], [6]) : 0.8900804378
183 : ([1], [2, 5], [3], [4], [6]) : 0.8883163902
184 : ([1, 5], [2, 3, 4], [6]) : 0.9264145855
185 : ([1, 5], [2], [3, 4], [6]) : 0.8892914823
186 : ([1, 5], [2, 4], [3], [6]) : 0.8878853736
187 : ([1, 5], [2, 3], [4], [6]) : 0.9221711233
188 : ([1, 5], [2], [3], [4], [6]) : 0.8864883747
189 : ([1, 2, 3, 4], [5], [6]) : 0.9317361801
190 : ([1], [2, 3, 4], [5], [6]) : 0.9258922031
191 : ([1, 3, 4], [2], [5], [6]) : 0.8922901851
192 : ([1, 2], [3, 4], [5], [6]) : 0.8964820097
193 : ([1], [2], [3, 4], [5], [6]) : 0.8891399690
194 : ([1, 2, 4], [3], [5], [6]) : 0.8978459930
195 : ([1, 3], [2, 4], [5], [6]) : 0.8901670744
196 : ([1], [2, 4], [3], [5], [6]) : 0.8877930153
197 : ([1, 4], [2, 3], [5], [6]) : 0.9217879581
198 : ([1, 4], [2], [3], [5], [6]) : 0.8880606830
199 : ([1, 2, 3], [4], [5], [6]) : 0.9281496881
200 : ([1], [2, 3], [4], [5], [6]) : 0.9214896750
201 : ([1, 3], [2], [4], [5], [6]) : 0.8885735011
202 : ([1, 2], [3], [4], [5], [6]) : 0.8938310731
203 : ([1], [2], [3], [4], [5], [6]) : 0.8864180396
