=== Bootstrap seed: 21 ===
1 : ([1, 2, 3, 4, 5, 6],) : 0.9623327312
2 : ([1], [2, 3, 4, 5, 6]) : 0.9536035424
3 : ([1, 3, 4, 5, 6], [2]) : 0.9244188735
4 : ([1, 2], [3, 4, 5, 6]) : 0.9214204374
5 : ([1], [2], [3, 4, 5, 6]) : 0.9182251717
6 : ([1, 2, 4, 5, 6], [3]) : 0.9235498132
7 : ([1, 3], [2, 4, 5, 6]) : 0.9186402485
8 : ([1], [2, 4, 5, 6], [3]) : 0.9180883470
9 : ([1, 4, 5, 6], [2, 3]) : 0.9506140616
10 : ([1, 4, 5, 6], [2], [3]) : 0.9172394878
11 : ([1, 2, 3], [4, 5, 6]) : 0.9512387007
12 : ([1], [2, 3], [4, 5, 6]) : 0.9490696106
13 : ([1, 3], [2], [4, 5, 6]) : 0.9144087546
14 : ([1, 2], [3], [4, 5, 6]) : 0.9175854427
15 : ([1], [2], [3], [4, 5, 6]) : 0.9141234635
16 : ([1, 2, 3, 5, 6], [4]) : 0.9374717954
17 : ([1, 4], [2, 3, 5, 6]) : 0.9311048930
18 : ([1], [2, 3, 5, 6], [4]) : 0.9310466607
19 : ([1, 3, 5, 6], [2, 4]) : 0.9044134294
20 : ([1, 3, 5, 6], [2], [4]) : 0.9035800647
21 : ([1, 2, 4], [3, 5, 6]) : 0.9052614490
22 : ([1], [2, 4], [3, 5, 6]) : 0.8993148061
23 : ([1, 4], [2], [3, 5, 6]) : 0.8995589212
24 : ([1, 2], [3, 5, 6], [4]) : 0.9028285501
25 : ([1], [2], [3, 5, 6], [4]) : 0.8984063740
26 : ([1, 2, 5, 6], [3, 4]) : 0.9042615203
27 : ([1, 2, 5, 6], [3], [4]) : 0.9041908607
28 : ([1, 3, 4], [2, 5, 6]) : 0.8997582973
29 : ([1], [2, 5, 6], [3, 4]) : 0.8980638462
30 : ([1, 4], [2, 5, 6], [3]) : 0.8989691873
31 : ([1, 3], [2, 5, 6], [4]) : 0.8983303129
32 : ([1], [2, 5, 6], [3], [4]) : 0.8980224752
33 : ([1, 5, 6], [2, 3, 4]) : 0.9311641695
34 : ([1, 5, 6], [2], [3, 4]) : 0.8986483148
35 : ([1, 5, 6], [2, 4], [3]) : 0.8992063822
36 : ([1, 5, 6], [2, 3], [4]) : 0.9300569228
37 : ([1, 5, 6], [2], [3], [4]) : 0.8984875707
38 : ([1, 2, 3, 4], [5, 6]) : 0.9329344134
39 : ([1], [2, 3, 4], [5, 6]) : 0.9297701077
40 : ([1, 3, 4], [2], [5, 6]) : 0.8977640335
41 : ([1, 2], [3, 4], [5, 6]) : 0.9005938317
42 : ([1], [2], [3, 4], [5, 6]) : 0.8959538560
43 : ([1, 2, 4], [3], [5, 6]) : 0.9031975881
44 : ([1, 3], [2, 4], [5, 6]) : 0.8975662344
45 : ([1], [2, 4], [3], [5, 6]) : 0.8969450148
46 : ([1, 4], [2, 3], [5, 6]) : 0.9286870118
47 : ([1, 4], [2], [3], [5, 6]) : 0.8970082794
48 : ([1, 2, 3], [4], [5, 6]) : 0.9318554011
49 : ([1], [2, 3], [4], [5, 6]) : 0.9286330861
50 : ([1, 3], [2], [4], [5, 6]) : 0.8962306549
51 : ([1, 2], [3], [4], [5, 6]) : 0.9005241896
52 : ([1], [2], [3], [4], [5, 6]) : 0.8958661728
53 : ([1, 2, 3, 4, 6], [5]) : 0.9386388494
54 : ([1, 5], [2, 3, 4, 6]) : 0.9342213505
55 : ([1], [2, 3, 4, 6], [5]) : 0.9337281602
56 : ([1, 3, 4, 6], [2, 5]) : 0.9058507483
57 : ([1, 3, 4, 6], [2], [5]) : 0.9053361005
58 : ([1, 2, 5], [3, 4, 6]) : 0.9052045079
59 : ([1], [2, 5], [3, 4, 6]) : 0.8992687220
60 : ([1, 5], [2], [3, 4, 6]) : 0.8995832203
61 : ([1, 2], [3, 4, 6], [5]) : 0.9034378414
62 : ([1], [2], [3, 4, 6], [5]) : 0.8986107210
63 : ([1, 2, 4, 6], [3, 5]) : 0.9082175935
64 : ([1, 2, 4, 6], [3], [5]) : 0.9073000368
65 : ([1, 3, 5], [2, 4, 6]) : 0.9029811198
66 : ([1], [2, 4, 6], [3, 5]) : 0.9012167081
67 : ([1, 5], [2, 4, 6], [3]) : 0.9007681991
68 : ([1, 3], [2, 4, 6], [5]) : 0.9016605883
69 : ([1], [2, 4, 6], [3], [5]) : 0.9002406720
70 : ([1, 4, 6], [2, 3, 5]) : 0.9300715358
71 : ([1, 4, 6], [2], [3, 5]) : 0.9000319853
72 : ([1, 4, 6], [2, 5], [3]) : 0.8997973441
73 : ([1, 4, 6], [2, 3], [5]) : 0.9290605375
74 : ([1, 4, 6], [2], [3], [5]) : 0.8990180442
75 : ([1, 2, 3, 5], [4, 6]) : 0.9339473130
76 : ([1], [2, 3, 5], [4, 6]) : 0.9293750965
77 : ([1, 3, 5], [2], [4, 6]) : 0.8982913579
78 : ([1, 2], [3, 5], [4, 6]) : 0.9017712205
79 : ([1], [2], [3, 5], [4, 6]) : 0.8969393017
80 : ([1, 2, 5], [3], [4, 6]) : 0.9024402798
81 : ([1, 3], [2, 5], [4, 6]) : 0.8971653686
82 : ([1], [2, 5], [3], [4, 6]) : 0.8966414236
83 : ([1, 5], [2, 3], [4, 6]) : 0.9288929592
84 : ([1, 5], [2], [3], [4, 6]) : 0.8965118665
85 : ([1, 2, 3], [4, 6], [5]) : 0.9323116617
86 : ([1], [2, 3], [4, 6], [5]) : 0.9283784874
87 : ([1, 3], [2], [4, 6], [5]) : 0.8965058738
88 : ([1, 2], [3], [4, 6], [5]) : 0.9008834638
89 : ([1], [2], [3], [4, 6], [5]) : 0.8958528594
90 : ([1, 2, 3, 6], [4, 5]) : 0.9339424001
91 : ([1, 2, 3, 6], [4], [5]) : 0.9271801187
92 : ([1, 4, 5], [2, 3, 6]) : 0.9314280513
93 : ([1], [2, 3, 6], [4, 5]) : 0.9305233695
94 : ([1, 5], [2, 3, 6], [4]) : 0.9229410052
95 : ([1, 4], [2, 3, 6], [5]) : 0.9223960850
96 : ([1], [2, 3, 6], [4], [5]) : 0.9223437478
97 : ([1, 3, 6], [2, 4, 5]) : 0.9033065775
98 : ([1, 3, 6], [2], [4, 5]) : 0.9006391346
99 : ([1, 3, 6], [2, 5], [4]) : 0.8957214809
100 : ([1, 3, 6], [2, 4], [5]) : 0.8965264765
101 : ([1, 3, 6], [2], [4], [5]) : 0.8949792929
102 : ([1, 2, 4, 5], [3, 6]) : 0.9040471650
103 : ([1], [2, 4, 5], [3, 6]) : 0.8983957857
104 : ([1, 4, 5], [2], [3, 6]) : 0.8975602325
105 : ([1, 2], [3, 6], [4, 5]) : 0.8993762868
106 : ([1], [2], [3, 6], [4, 5]) : 0.8958170609
107 : ([1, 2, 5], [3, 6], [4]) : 0.8973403089
108 : ([1, 4], [2, 5], [3, 6]) : 0.8914417211
109 : ([1], [2, 5], [3, 6], [4]) : 0.8909040026
110 : ([1, 5], [2, 4], [3, 6]) : 0.8928587907
111 : ([1, 5], [2], [3, 6], [4]) : 0.8913803440
112 : ([1, 2, 4], [3, 6], [5]) : 0.8975564816
113 : ([1], [2, 4], [3, 6], [5]) : 0.8916930162
114 : ([1, 4], [2], [3, 6], [5]) : 0.8906256013
115 : ([1, 2], [3, 6], [4], [5]) : 0.8950840890
116 : ([1], [2], [3, 6], [4], [5]) : 0.8901383493
117 : ([1, 2, 6], [3, 4, 5]) : 0.9019356497
118 : ([1, 2, 6], [3], [4, 5]) : 0.9005812791
119 : ([1, 2, 6], [3, 5], [4]) : 0.8963010413
120 : ([1, 2, 6], [3, 4], [5]) : 0.8955219631
121 : ([1, 2, 6], [3], [4], [5]) : 0.8954364158
122 : ([1, 3, 4, 5], [2, 6]) : 0.9011910440
123 : ([1], [2, 6], [3, 4, 5]) : 0.8982043718
124 : ([1, 4, 5], [2, 6], [3]) : 0.8982784748
125 : ([1, 3], [2, 6], [4, 5]) : 0.8970010353
126 : ([1], [2, 6], [3], [4, 5]) : 0.8964659091
127 : ([1, 3, 5], [2, 6], [4]) : 0.8927841161
128 : ([1, 4], [2, 6], [3, 5]) : 0.8917630998
129 : ([1], [2, 6], [3, 5], [4]) : 0.8910312409
130 : ([1, 5], [2, 6], [3, 4]) : 0.8911438113
131 : ([1, 5], [2, 6], [3], [4]) : 0.8910492380
132 : ([1, 3, 4], [2, 6], [5]) : 0.8915728865
133 : ([1], [2, 6], [3, 4], [5]) : 0.8899436399
134 : ([1, 4], [2, 6], [3], [5]) : 0.8904277803
135 : ([1, 3], [2, 6], [4], [5]) : 0.8904580042
136 : ([1], [2, 6], [3], [4], [5]) : 0.8898302939
137 : ([1, 6], [2, 3, 4, 5]) : 0.9315605051
138 : ([1, 6], [2], [3, 4, 5]) : 0.8980617578
139 : ([1, 6], [2, 4, 5], [3]) : 0.8988679847
140 : ([1, 6], [2, 3], [4, 5]) : 0.9292594959
141 : ([1, 6], [2], [3], [4, 5]) : 0.8966097540
142 : ([1, 6], [2, 3, 5], [4]) : 0.9222616084
143 : ([1, 6], [2, 4], [3, 5]) : 0.8925554221
144 : ([1, 6], [2], [3, 5], [4]) : 0.8914498864
145 : ([1, 6], [2, 5], [3, 4]) : 0.8913797138
146 : ([1, 6], [2, 5], [3], [4]) : 0.8912979425
147 : ([1, 6], [2, 3, 4], [5]) : 0.9225310613
148 : ([1, 6], [2], [3, 4], [5]) : 0.8906154252
149 : ([1, 6], [2, 4], [3], [5]) : 0.8916055181
150 : ([1, 6], [2, 3], [4], [5]) : 0.9210693241
151 : ([1, 6], [2], [3], [4], [5]) : 0.8904920779
152 : ([1, 2, 3, 4, 5], [6]) : 0.9345972685
153 : ([1], [2, 3, 4, 5], [6]) : 0.9310236153
154 : ([1, 3, 4, 5], [2], [6]) : 0.8992550350
155 : ([1, 2], [3, 4, 5], [6]) : 0.8994038148
156 : ([1], [2], [3, 4, 5], [6]) : 0.8963160735
157 : ([1, 2, 4, 5], [3], [6]) : 0.9028696475
158 : ([1, 3], [2, 4, 5], [6]) : 0.8982564849
159 : ([1], [2, 4, 5], [3], [6]) : 0.8973831500
160 : ([1, 4, 5], [2, 3], [6]) : 0.9295331927
161 : ([1, 4, 5], [2], [3], [6]) : 0.8964564156
162 : ([1, 2, 3], [4, 5], [6]) : 0.9309703980
163 : ([1], [2, 3], [4, 5], [6]) : 0.9287381956
164 : ([1, 3], [2], [4, 5], [6]) : 0.8953159364
165 : ([1, 2], [3], [4, 5], [6]) : 0.8980917994
166 : ([1], [2], [3], [4, 5], [6]) : 0.8947477362
167 : ([1, 2, 3, 5], [4], [6]) : 0.9259946951
168 : ([1, 4], [2, 3, 5], [6]) : 0.9218339147
169 : ([1], [2, 3, 5], [4], [6]) : 0.9217426394
170 : ([1, 3, 5], [2, 4], [6]) : 0.8933792904
171 : ([1, 3, 5], [2], [4], [6]) : 0.8915158360
172 : ([1, 2, 4], [3, 5], [6]) : 0.8970988621
173 : ([1], [2, 4], [3, 5], [6]) : 0.8913166934
174 : ([1, 4], [2], [3, 5], [6]) : 0.8904632591
175 : ([1, 2], [3, 5], [4], [6]) : 0.8942710988
176 : ([1], [2], [3, 5], [4], [6]) : 0.8897313450
177 : ([1, 2, 5], [3, 4], [6]) : 0.8956341444
178 : ([1, 2, 5], [3], [4], [6]) : 0.8955780934
179 : ([1, 3, 4], [2, 5], [6]) : 0.8908142731
180 : ([1], [2, 5], [3, 4], [6]) : 0.8894159646
181 : ([1, 4], [2, 5], [3], [6]) : 0.8899999422
182 : ([1, 3], [2, 5], [4], [6]) : 0.8898444204
183 : ([1], [2, 5], [3], [4], [6]) : 0.8893545453
184 : ([1, 5], [2, 3, 4], [6]) : 0.9226896947
185 : ([1, 5], [2], [3, 4], [6]) : 0.8898683895
186 : ([1, 5], [2, 4], [3], [6]) : 0.8913464623
187 : ([1, 5], [2, 3], [4], [6]) : 0.9210686496
188 : ([1, 5], [2], [3], [4], [6]) : 0.8897875014
189 : ([1, 2, 3, 4], [5], [6]) : 0.9260776991
190 : ([1], [2, 3, 4], [5], [6]) : 0.9222166432
191 : ([1, 3, 4], [2], [5], [6]) : 0.8902223043
192 : ([1, 2], [3, 4], [5], [6]) : 0.8935508500
193 : ([1], [2], [3, 4], [5], [6]) : 0.8887123993
194 : ([1, 2, 4], [3], [5], [6]) : 0.8962217424
195 : ([1, 3], [2, 4], [5], [6]) : 0.8913896100
196 : ([1], [2, 4], [3], [5], [6]) : 0.8902552747
197 : ([1, 4], [2, 3], [5], [6]) : 0.9206639767
198 : ([1, 4], [2], [3], [5], [6]) : 0.8892120045
199 : ([1, 2, 3], [4], [5], [6]) : 0.9242580625
200 : ([1], [2, 3], [4], [5], [6]) : 0.9205960096
201 : ([1, 3], [2], [4], [5], [6]) : 0.8892287368
202 : ([1, 2], [3], [4], [5], [6]) : 0.8934545409
203 : ([1], [2], [3], [4], [5], [6]) : 0.8886152825
