=== Bootstrap seed: 28 ===
1 : ([1, 2, 3, 4, 5, 6],) : 0.9628546896
2 : ([1], [2, 3, 4, 5, 6]) : 0.9578618855
3 : ([1, 3, 4, 5, 6], [2]) : 0.9331285750
4 : ([1, 2], [3, 4, 5, 6]) : 0.9283553113
5 : ([1], [2], [3, 4, 5, 6]) : 0.9268461321
6 : ([1, 2, 4, 5, 6], [3]) : 0.9329496856
7 : ([1, 3], [2, 4, 5, 6]) : 0.9286755903
8 : ([1], [2, 4, 5, 6], [3]) : 0.9276540751
9 : ([1, 4, 5, 6], [2, 3]) : 0.9563033040
10 : ([1, 4, 5, 6], [2], [3]) : 0.9270050609
11 : ([1, 2, 3], [4, 5, 6]) : 0.9578818557
12 : ([1], [2, 3], [4, 5, 6]) : 0.9552101720
13 : ([1, 3], [2], [4, 5, 6]) : 0.9253546377
14 : ([1, 2], [3], [4, 5, 6]) : 0.9254764803
15 : ([1], [2], [3], [4, 5, 6]) : 0.9240588661
16 : ([1, 2, 3, 5, 6], [4]) : 0.9398279933
17 : ([1, 4], [2, 3, 5, 6]) : 0.9328322594
18 : ([1], [2, 3, 5, 6], [4]) : 0.9328128062
19 : ([1, 3, 5, 6], [2, 4]) : 0.9102558574
20 : ([1, 3, 5, 6], [2], [4]) : 0.9084762527
21 : ([1, 2, 4], [3, 5, 6]) : 0.9108045601
22 : ([1], [2, 4], [3, 5, 6]) : 0.9064562774
23 : ([1, 4], [2], [3, 5, 6]) : 0.9060431586
24 : ([1, 2], [3, 5, 6], [4]) : 0.9067044831
25 : ([1], [2], [3, 5, 6], [4]) : 0.9044733637
26 : ([1, 2, 5, 6], [3, 4]) : 0.9089007303
27 : ([1, 2, 5, 6], [3], [4]) : 0.9085501876
28 : ([1, 3, 4], [2, 5, 6]) : 0.9062618357
29 : ([1], [2, 5, 6], [3, 4]) : 0.9033848743
30 : ([1, 4], [2, 5, 6], [3]) : 0.9040956878
31 : ([1, 3], [2, 5, 6], [4]) : 0.9047285024
32 : ([1], [2, 5, 6], [3], [4]) : 0.9029952504
33 : ([1, 5, 6], [2, 3, 4]) : 0.9339219579
34 : ([1, 5, 6], [2], [3, 4]) : 0.9031029642
35 : ([1, 5, 6], [2, 4], [3]) : 0.9045854061
36 : ([1, 5, 6], [2, 3], [4]) : 0.9313204270
37 : ([1, 5, 6], [2], [3], [4]) : 0.9028161271
38 : ([1, 2, 3, 4], [5, 6]) : 0.9373283611
39 : ([1], [2, 3, 4], [5, 6]) : 0.9328751004
40 : ([1, 3, 4], [2], [5, 6]) : 0.9051904394
41 : ([1, 2], [3, 4], [5, 6]) : 0.9045843773
42 : ([1], [2], [3, 4], [5, 6]) : 0.9019928007
43 : ([1, 2, 4], [3], [5, 6]) : 0.9081912148
44 : ([1, 3], [2, 4], [5, 6]) : 0.9055475910
45 : ([1], [2, 4], [3], [5, 6]) : 0.9036354167
46 : ([1, 4], [2, 3], [5, 6]) : 0.9300161462
47 : ([1, 4], [2], [3], [5, 6]) : 0.9030570805
48 : ([1, 2, 3], [4], [5, 6]) : 0.9342085757
49 : ([1], [2, 3], [4], [5, 6]) : 0.9299730938
50 : ([1, 3], [2], [4], [5, 6]) : 0.9035445939
51 : ([1, 2], [3], [4], [5, 6]) : 0.9041415749
52 : ([1], [2], [3], [4], [5, 6]) : 0.9016292522
53 : ([1, 2, 3, 4, 6], [5]) : 0.9398213997
54 : ([1, 5], [2, 3, 4, 6]) : 0.9345457370
55 : ([1], [2, 3, 4, 6], [5]) : 0.9343812408
56 : ([1, 3, 4, 6], [2, 5]) : 0.9107679100
57 : ([1, 3, 4, 6], [2], [5]) : 0.9093676869
58 : ([1, 2, 5], [3, 4, 6]) : 0.9084554875
59 : ([1], [2, 5], [3, 4, 6]) : 0.9054670392
60 : ([1, 5], [2], [3, 4, 6]) : 0.9042205149
61 : ([1, 2], [3, 4, 6], [5]) : 0.9062136652
62 : ([1], [2], [3, 4, 6], [5]) : 0.9039046240
63 : ([1, 2, 4, 6], [3, 5]) : 0.9087878980
64 : ([1, 2, 4, 6], [3], [5]) : 0.9085383895
65 : ([1, 3, 5], [2, 4, 6]) : 0.9043190536
66 : ([1], [2, 4, 6], [3, 5]) : 0.9029651728
67 : ([1, 5], [2, 4, 6], [3]) : 0.9028546818
68 : ([1, 3], [2, 4, 6], [5]) : 0.9039696502
69 : ([1], [2, 4, 6], [3], [5]) : 0.9027866319
70 : ([1, 4, 6], [2, 3, 5]) : 0.9299076827
71 : ([1, 4, 6], [2], [3, 5]) : 0.9027464573
72 : ([1, 4, 6], [2, 5], [3]) : 0.9038062289
73 : ([1, 4, 6], [2, 3], [5]) : 0.9284862188
74 : ([1, 4, 6], [2], [3], [5]) : 0.9023413636
75 : ([1, 2, 3, 5], [4, 6]) : 0.9328017517
76 : ([1], [2, 3, 5], [4, 6]) : 0.9290967955
77 : ([1, 3, 5], [2], [4, 6]) : 0.9009064758
78 : ([1, 2], [3, 5], [4, 6]) : 0.9022546165
79 : ([1], [2], [3, 5], [4, 6]) : 0.8998047826
80 : ([1, 2, 5], [3], [4, 6]) : 0.9041793588
81 : ([1, 3], [2, 5], [4, 6]) : 0.9020881105
82 : ([1], [2, 5], [3], [4, 6]) : 0.9011563360
83 : ([1, 5], [2, 3], [4, 6]) : 0.9278772014
84 : ([1, 5], [2], [3], [4, 6]) : 0.8996625690
85 : ([1, 2, 3], [4, 6], [5]) : 0.9311863467
86 : ([1], [2, 3], [4, 6], [5]) : 0.9276207083
87 : ([1, 3], [2], [4, 6], [5]) : 0.9006367755
88 : ([1, 2], [3], [4, 6], [5]) : 0.9022242480
89 : ([1], [2], [3], [4, 6], [5]) : 0.8995937890
90 : ([1, 2, 3, 6], [4, 5]) : 0.9433953080
91 : ([1, 2, 3, 6], [4], [5]) : 0.9306978821
92 : ([1, 4, 5], [2, 3, 6]) : 0.9383021326
93 : ([1], [2, 3, 6], [4, 5]) : 0.9379194782
94 : ([1, 5], [2, 3, 6], [4]) : 0.9235206836
95 : ([1, 4], [2, 3, 6], [5]) : 0.9234376629
96 : ([1], [2, 3, 6], [4], [5]) : 0.9233921801
97 : ([1, 3, 6], [2, 4, 5]) : 0.9158600693
98 : ([1, 3, 6], [2], [4, 5]) : 0.9121333308
99 : ([1, 3, 6], [2, 5], [4]) : 0.9015223912
100 : ([1, 3, 6], [2, 4], [5]) : 0.9019954071
101 : ([1, 3, 6], [2], [4], [5]) : 0.8999057133
102 : ([1, 2, 4, 5], [3, 6]) : 0.9158975205
103 : ([1], [2, 4, 5], [3, 6]) : 0.9121637096
104 : ([1, 4, 5], [2], [3, 6]) : 0.9104808007
105 : ([1, 2], [3, 6], [4, 5]) : 0.9090097426
106 : ([1], [2], [3, 6], [4, 5]) : 0.9080164953
107 : ([1, 2, 5], [3, 6], [4]) : 0.9016354080
108 : ([1, 4], [2, 5], [3, 6]) : 0.8992220997
109 : ([1], [2, 5], [3, 6], [4]) : 0.8981373199
110 : ([1, 5], [2, 4], [3, 6]) : 0.8989456204
111 : ([1, 5], [2], [3, 6], [4]) : 0.8971339433
112 : ([1, 2, 4], [3, 6], [5]) : 0.9023762415
113 : ([1], [2, 4], [3, 6], [5]) : 0.8984008203
114 : ([1, 4], [2], [3, 6], [5]) : 0.8976344414
115 : ([1, 2], [3, 6], [4], [5]) : 0.8987187046
116 : ([1], [2], [3, 6], [4], [5]) : 0.8963945526
117 : ([1, 2, 6], [3, 4, 5]) : 0.9097608156
118 : ([1, 2, 6], [3], [4, 5]) : 0.9083445962
119 : ([1, 2, 6], [3, 5], [4]) : 0.8985570085
120 : ([1, 2, 6], [3, 4], [5]) : 0.8985260438
121 : ([1, 2, 6], [3], [4], [5]) : 0.8980875658
122 : ([1, 3, 4, 5], [2, 6]) : 0.9110881310
123 : ([1], [2, 6], [3, 4, 5]) : 0.9066638022
124 : ([1, 4, 5], [2, 6], [3]) : 0.9075029364
125 : ([1, 3], [2, 6], [4, 5]) : 0.9075873190
126 : ([1], [2, 6], [3], [4, 5]) : 0.9055697319
127 : ([1, 3, 5], [2, 6], [4]) : 0.8958235835
128 : ([1, 4], [2, 6], [3, 5]) : 0.8951647828
129 : ([1], [2, 6], [3, 5], [4]) : 0.8939193717
130 : ([1, 5], [2, 6], [3, 4]) : 0.8944390706
131 : ([1, 5], [2, 6], [3], [4]) : 0.8938221001
132 : ([1, 3, 4], [2, 6], [5]) : 0.8970556838
133 : ([1], [2, 6], [3, 4], [5]) : 0.8940624995
134 : ([1, 4], [2, 6], [3], [5]) : 0.8945712924
135 : ([1, 3], [2, 6], [4], [5]) : 0.8951609939
136 : ([1], [2, 6], [3], [4], [5]) : 0.8934665353
137 : ([1, 6], [2, 3, 4, 5]) : 0.9405837828
138 : ([1, 6], [2], [3, 4, 5]) : 0.9075761806
139 : ([1, 6], [2, 4, 5], [3]) : 0.9106334940
140 : ([1, 6], [2, 3], [4, 5]) : 0.9376734689
141 : ([1, 6], [2], [3], [4, 5]) : 0.9064218754
142 : ([1, 6], [2, 3, 5], [4]) : 0.9243711656
143 : ([1, 6], [2, 4], [3, 5]) : 0.8969355541
144 : ([1, 6], [2], [3, 5], [4]) : 0.8946745316
145 : ([1, 6], [2, 5], [3, 4]) : 0.8966729835
146 : ([1, 6], [2, 5], [3], [4]) : 0.8960939859
147 : ([1, 6], [2, 3, 4], [5]) : 0.9264053317
148 : ([1, 6], [2], [3, 4], [5]) : 0.8946698344
149 : ([1, 6], [2, 4], [3], [5]) : 0.8964048100
150 : ([1, 6], [2, 3], [4], [5]) : 0.9226234551
151 : ([1, 6], [2], [3], [4], [5]) : 0.8941742555
152 : ([1, 2, 3, 4, 5], [6]) : 0.9444019413
153 : ([1], [2, 3, 4, 5], [6]) : 0.9399259601
154 : ([1, 3, 4, 5], [2], [6]) : 0.9109609209
155 : ([1, 2], [3, 4, 5], [6]) : 0.9080052530
156 : ([1], [2], [3, 4, 5], [6]) : 0.9066059923
157 : ([1, 2, 4, 5], [3], [6]) : 0.9132526420
158 : ([1, 3], [2, 4, 5], [6]) : 0.9115637639
159 : ([1], [2, 4, 5], [3], [6]) : 0.9097285698
160 : ([1, 4, 5], [2, 3], [6]) : 0.9372469478
161 : ([1, 4, 5], [2], [3], [6]) : 0.9073009473
162 : ([1, 2, 3], [4, 5], [6]) : 0.9407707401
163 : ([1], [2, 3], [4, 5], [6]) : 0.9369781443
164 : ([1, 3], [2], [4, 5], [6]) : 0.9075125872
165 : ([1, 2], [3], [4, 5], [6]) : 0.9066109127
166 : ([1], [2], [3], [4, 5], [6]) : 0.9054618383
167 : ([1, 2, 3, 5], [4], [6]) : 0.9280564800
168 : ([1, 4], [2, 3, 5], [6]) : 0.9239677685
169 : ([1], [2, 3, 5], [4], [6]) : 0.9238946654
170 : ([1, 3, 5], [2, 4], [6]) : 0.8981523854
171 : ([1, 3, 5], [2], [4], [6]) : 0.8956455611
172 : ([1, 2, 4], [3, 5], [6]) : 0.8999839264
173 : ([1], [2, 4], [3, 5], [6]) : 0.8960964712
174 : ([1, 4], [2], [3, 5], [6]) : 0.8950333360
175 : ([1, 2], [3, 5], [4], [6]) : 0.8960339405
176 : ([1], [2], [3, 5], [4], [6]) : 0.8937468393
177 : ([1, 2, 5], [3, 4], [6]) : 0.8989230016
178 : ([1, 2, 5], [3], [4], [6]) : 0.8982687808
179 : ([1, 3, 4], [2, 5], [6]) : 0.8986995293
180 : ([1], [2, 5], [3, 4], [6]) : 0.8957012010
181 : ([1, 4], [2, 5], [3], [6]) : 0.8960954524
182 : ([1, 3], [2, 5], [4], [6]) : 0.8966378704
183 : ([1], [2, 5], [3], [4], [6]) : 0.8950600943
184 : ([1, 5], [2, 3, 4], [6]) : 0.9261603249
185 : ([1, 5], [2], [3, 4], [6]) : 0.8941998492
186 : ([1, 5], [2, 4], [3], [6]) : 0.8958276431
187 : ([1, 5], [2, 3], [4], [6]) : 0.9221385929
188 : ([1, 5], [2], [3], [4], [6]) : 0.8936102425
189 : ([1, 2, 3, 4], [5], [6]) : 0.9307784689
190 : ([1], [2, 3, 4], [5], [6]) : 0.9259880132
191 : ([1, 3, 4], [2], [5], [6]) : 0.8969503968
192 : ([1, 2], [3, 4], [5], [6]) : 0.8963825767
193 : ([1], [2], [3, 4], [5], [6]) : 0.8938603268
194 : ([1, 2, 4], [3], [5], [6]) : 0.8995998575
195 : ([1, 3], [2, 4], [5], [6]) : 0.8974780242
196 : ([1], [2, 4], [3], [5], [6]) : 0.8956002738
197 : ([1, 4], [2, 3], [5], [6]) : 0.9220713141
198 : ([1, 4], [2], [3], [5], [6]) : 0.8944379929
199 : ([1, 2, 3], [4], [5], [6]) : 0.9262616920
200 : ([1], [2, 3], [4], [5], [6]) : 0.9220323160
201 : ([1, 3], [2], [4], [5], [6]) : 0.8950240430
202 : ([1, 2], [3], [4], [5], [6]) : 0.8957708586
203 : ([1], [2], [3], [4], [5], [6]) : 0.8932863174
