=== Bootstrap seed: 19 ===
1 : ([1, 2, 3, 4, 5, 6],) : 0.9580881308
2 : ([1], [2, 3, 4, 5, 6]) : 0.9525616211
3 : ([1, 3, 4, 5, 6], [2]) : 0.9197157152
4 : ([1, 2], [3, 4, 5, 6]) : 0.9176633840
5 : ([1], [2], [3, 4, 5, 6]) : 0.9157715123
6 : ([1, 2, 4, 5, 6], [3]) : 0.9230646864
7 : ([1, 3], [2, 4, 5, 6]) : 0.9161047478
8 : ([1], [2, 4, 5, 6], [3]) : 0.9161004073
9 : ([1, 4, 5, 6], [2, 3]) : 0.9515891933
10 : ([1, 4, 5, 6], [2], [3]) : 0.9142385031
11 : ([1, 2, 3], [4, 5, 6]) : 0.9525699970
12 : ([1], [2, 3], [4, 5, 6]) : 0.9494063288
13 : ([1, 3], [2], [4, 5, 6]) : 0.9113306199
14 : ([1, 2], [3], [4, 5, 6]) : 0.9133027883
15 : ([1], [2], [3], [4, 5, 6]) : 0.9112848282
16 : ([1, 2, 3, 5, 6], [4]) : 0.9386098587
17 : ([1, 4], [2, 3, 5, 6]) : 0.9300053886
18 : ([1], [2, 3, 5, 6], [4]) : 0.9298090397
19 : ([1, 3, 5, 6], [2, 4]) : 0.9025789237
20 : ([1, 3, 5, 6], [2], [4]) : 0.8994307602
21 : ([1, 2, 4], [3, 5, 6]) : 0.9029466466
22 : ([1], [2, 4], [3, 5, 6]) : 0.8987345231
23 : ([1, 4], [2], [3, 5, 6]) : 0.8972720378
24 : ([1, 2], [3, 5, 6], [4]) : 0.8992735350
25 : ([1], [2], [3, 5, 6], [4]) : 0.8961106121
26 : ([1, 2, 5, 6], [3, 4]) : 0.9055792246
27 : ([1, 2, 5, 6], [3], [4]) : 0.9048656011
28 : ([1, 3, 4], [2, 5, 6]) : 0.8995699296
29 : ([1], [2, 5, 6], [3, 4]) : 0.8981980078
30 : ([1, 4], [2, 5, 6], [3]) : 0.8981152944
31 : ([1, 3], [2, 5, 6], [4]) : 0.8976194745
32 : ([1], [2, 5, 6], [3], [4]) : 0.8974782464
33 : ([1, 5, 6], [2, 3, 4]) : 0.9321253731
34 : ([1, 5, 6], [2], [3, 4]) : 0.8970870646
35 : ([1, 5, 6], [2, 4], [3]) : 0.8997168173
36 : ([1, 5, 6], [2, 3], [4]) : 0.9291701290
37 : ([1, 5, 6], [2], [3], [4]) : 0.8963311198
38 : ([1, 2, 3, 4], [5, 6]) : 0.9364157992
39 : ([1], [2, 3, 4], [5, 6]) : 0.9303555516
40 : ([1, 3, 4], [2], [5, 6]) : 0.8975035516
41 : ([1, 2], [3, 4], [5, 6]) : 0.8993143557
42 : ([1], [2], [3, 4], [5, 6]) : 0.8955602746
43 : ([1, 2, 4], [3], [5, 6]) : 0.9021386498
44 : ([1, 3], [2, 4], [5, 6]) : 0.8978688094
45 : ([1], [2, 4], [3], [5, 6]) : 0.8976491807
46 : ([1, 4], [2, 3], [5, 6]) : 0.9276249739
47 : ([1, 4], [2], [3], [5, 6]) : 0.8957637536
48 : ([1, 2, 3], [4], [5, 6]) : 0.9335749023
49 : ([1], [2, 3], [4], [5, 6]) : 0.9272596191
50 : ([1, 3], [2], [4], [5, 6]) : 0.8948862012
51 : ([1, 2], [3], [4], [5, 6]) : 0.8982844838
52 : ([1], [2], [3], [4], [5, 6]) : 0.8947181000
53 : ([1, 2, 3, 4, 6], [5]) : 0.9374217580
54 : ([1, 5], [2, 3, 4, 6]) : 0.9306421420
55 : ([1], [2, 3, 4, 6], [5]) : 0.9297047420
56 : ([1, 3, 4, 6], [2, 5]) : 0.8980000128
57 : ([1, 3, 4, 6], [2], [5]) : 0.8974216532
58 : ([1, 2, 5], [3, 4, 6]) : 0.9021203169
59 : ([1], [2, 5], [3, 4, 6]) : 0.8954523625
60 : ([1, 5], [2], [3, 4, 6]) : 0.8952940560
61 : ([1, 2], [3, 4, 6], [5]) : 0.8987475835
62 : ([1], [2], [3, 4, 6], [5]) : 0.8944162353
63 : ([1, 2, 4, 6], [3, 5]) : 0.9015041464
64 : ([1, 2, 4, 6], [3], [5]) : 0.9011399391
65 : ([1, 3, 5], [2, 4, 6]) : 0.8986536486
66 : ([1], [2, 4, 6], [3, 5]) : 0.8952267463
67 : ([1, 5], [2, 4, 6], [3]) : 0.8958129565
68 : ([1, 3], [2, 4, 6], [5]) : 0.8950737030
69 : ([1], [2, 4, 6], [3], [5]) : 0.8946392754
70 : ([1, 4, 6], [2, 3, 5]) : 0.9276578172
71 : ([1, 4, 6], [2], [3, 5]) : 0.8929069786
72 : ([1, 4, 6], [2, 5], [3]) : 0.8932469864
73 : ([1, 4, 6], [2, 3], [5]) : 0.9258702563
74 : ([1, 4, 6], [2], [3], [5]) : 0.8921142403
75 : ([1, 2, 3, 5], [4, 6]) : 0.9348326472
76 : ([1], [2, 3, 5], [4, 6]) : 0.9266225610
77 : ([1, 3, 5], [2], [4, 6]) : 0.8941820273
78 : ([1, 2], [3, 5], [4, 6]) : 0.8959568989
79 : ([1], [2], [3, 5], [4, 6]) : 0.8913612260
80 : ([1, 2, 5], [3], [4, 6]) : 0.8995308400
81 : ([1, 3], [2, 5], [4, 6]) : 0.8927281576
82 : ([1], [2, 5], [3], [4, 6]) : 0.8921247666
83 : ([1, 5], [2, 3], [4, 6]) : 0.9253815190
84 : ([1, 5], [2], [3], [4, 6]) : 0.8915283437
85 : ([1, 2, 3], [4, 6], [5]) : 0.9325570652
86 : ([1], [2, 3], [4, 6], [5]) : 0.9246717234
87 : ([1, 3], [2], [4, 6], [5]) : 0.8911918164
88 : ([1, 2], [3], [4, 6], [5]) : 0.8954742804
89 : ([1], [2], [3], [4, 6], [5]) : 0.8906558177
90 : ([1, 2, 3, 6], [4, 5]) : 0.9396504195
91 : ([1, 2, 3, 6], [4], [5]) : 0.9284776749
92 : ([1, 4, 5], [2, 3, 6]) : 0.9358963001
93 : ([1], [2, 3, 6], [4, 5]) : 0.9350161778
94 : ([1, 5], [2, 3, 6], [4]) : 0.9204731682
95 : ([1, 4], [2, 3, 6], [5]) : 0.9197214644
96 : ([1], [2, 3, 6], [4], [5]) : 0.9196037788
97 : ([1, 3, 6], [2, 4, 5]) : 0.9037067913
98 : ([1, 3, 6], [2], [4, 5]) : 0.9004028623
99 : ([1, 3, 6], [2, 5], [4]) : 0.8905587639
100 : ([1, 3, 6], [2, 4], [5]) : 0.8927138813
101 : ([1, 3, 6], [2], [4], [5]) : 0.8897102269
102 : ([1, 2, 4, 5], [3, 6]) : 0.9089001737
103 : ([1], [2, 4, 5], [3, 6]) : 0.9026156040
104 : ([1, 4, 5], [2], [3, 6]) : 0.9016766779
105 : ([1, 2], [3, 6], [4, 5]) : 0.9011795627
106 : ([1], [2], [3, 6], [4, 5]) : 0.8996343902
107 : ([1, 2, 5], [3, 6], [4]) : 0.8963451713
108 : ([1, 4], [2, 5], [3, 6]) : 0.8896022786
109 : ([1], [2, 5], [3, 6], [4]) : 0.8891403862
110 : ([1, 5], [2, 4], [3, 6]) : 0.8923684306
111 : ([1, 5], [2], [3, 6], [4]) : 0.8891645321
112 : ([1, 2, 4], [3, 6], [5]) : 0.8958372133
113 : ([1], [2, 4], [3, 6], [5]) : 0.8909171185
114 : ([1, 4], [2], [3, 6], [5]) : 0.8888449217
115 : ([1, 2], [3, 6], [4], [5]) : 0.8924723668
116 : ([1], [2], [3, 6], [4], [5]) : 0.8882128847
117 : ([1, 2, 6], [3, 4, 5]) : 0.9064317194
118 : ([1, 2, 6], [3], [4, 5]) : 0.9014301020
119 : ([1, 2, 6], [3, 5], [4]) : 0.8937881650
120 : ([1, 2, 6], [3, 4], [5]) : 0.8942754459
121 : ([1, 2, 6], [3], [4], [5]) : 0.8931116199
122 : ([1, 3, 4, 5], [2, 6]) : 0.9059359249
123 : ([1], [2, 6], [3, 4, 5]) : 0.9030281479
124 : ([1, 4, 5], [2, 6], [3]) : 0.9004838274
125 : ([1, 3], [2, 6], [4, 5]) : 0.8988542347
126 : ([1], [2, 6], [3], [4, 5]) : 0.8986691327
127 : ([1, 3, 5], [2, 6], [4]) : 0.8905102590
128 : ([1, 4], [2, 6], [3, 5]) : 0.8892269200
129 : ([1], [2, 6], [3, 5], [4]) : 0.8885013342
130 : ([1, 5], [2, 6], [3, 4]) : 0.8893946026
131 : ([1, 5], [2, 6], [3], [4]) : 0.8884904458
132 : ([1, 3, 4], [2, 6], [5]) : 0.8908113220
133 : ([1], [2, 6], [3, 4], [5]) : 0.8886762128
134 : ([1, 4], [2, 6], [3], [5]) : 0.8884182794
135 : ([1, 3], [2, 6], [4], [5]) : 0.8880585400
136 : ([1], [2, 6], [3], [4], [5]) : 0.8877400729
137 : ([1, 6], [2, 3, 4, 5]) : 0.9388924286
138 : ([1, 6], [2], [3, 4, 5]) : 0.9023034085
139 : ([1, 6], [2, 4, 5], [3]) : 0.9017147394
140 : ([1, 6], [2, 3], [4, 5]) : 0.9341203171
141 : ([1, 6], [2], [3], [4, 5]) : 0.8977808537
142 : ([1, 6], [2, 3, 5], [4]) : 0.9209880565
143 : ([1, 6], [2, 4], [3, 5]) : 0.8909223823
144 : ([1, 6], [2], [3, 5], [4]) : 0.8877549415
145 : ([1, 6], [2, 5], [3, 4]) : 0.8893759435
146 : ([1, 6], [2, 5], [3], [4]) : 0.8882055138
147 : ([1, 6], [2, 3, 4], [5]) : 0.9230309319
148 : ([1, 6], [2], [3, 4], [5]) : 0.8880371250
149 : ([1, 6], [2, 4], [3], [5]) : 0.8902028013
150 : ([1, 6], [2, 3], [4], [5]) : 0.9189852895
151 : ([1, 6], [2], [3], [4], [5]) : 0.8869093670
152 : ([1, 2, 3, 4, 5], [6]) : 0.9429703237
153 : ([1], [2, 3, 4, 5], [6]) : 0.9381267151
154 : ([1, 3, 4, 5], [2], [6]) : 0.9052935562
155 : ([1, 2], [3, 4, 5], [6]) : 0.9048981326
156 : ([1], [2], [3, 4, 5], [6]) : 0.9021353721
157 : ([1, 2, 4, 5], [3], [6]) : 0.9076707421
158 : ([1, 3], [2, 4, 5], [6]) : 0.9016045367
159 : ([1], [2, 4, 5], [3], [6]) : 0.9012007742
160 : ([1, 4, 5], [2, 3], [6]) : 0.9342185222
161 : ([1, 4, 5], [2], [3], [6]) : 0.8993986090
162 : ([1, 2, 3], [4, 5], [6]) : 0.9373448245
163 : ([1], [2, 3], [4, 5], [6]) : 0.9336455947
164 : ([1, 3], [2], [4, 5], [6]) : 0.8977268057
165 : ([1, 2], [3], [4, 5], [6]) : 0.8995944144
166 : ([1], [2], [3], [4, 5], [6]) : 0.8974996649
167 : ([1, 2, 3, 5], [4], [6]) : 0.9288593474
168 : ([1, 4], [2, 3, 5], [6]) : 0.9204405969
169 : ([1], [2, 3, 5], [4], [6]) : 0.9203771322
170 : ([1, 3, 5], [2, 4], [6]) : 0.8932761094
171 : ([1, 3, 5], [2], [4], [6]) : 0.8895444193
172 : ([1, 2, 4], [3, 5], [6]) : 0.8952590172
173 : ([1], [2, 4], [3, 5], [6]) : 0.8900842344
174 : ([1, 4], [2], [3, 5], [6]) : 0.8878714492
175 : ([1, 2], [3, 5], [4], [6]) : 0.8917674765
176 : ([1], [2], [3, 5], [4], [6]) : 0.8871815486
177 : ([1, 2, 5], [3, 4], [6]) : 0.8966141438
178 : ([1, 2, 5], [3], [4], [6]) : 0.8954496185
179 : ([1, 3, 4], [2, 5], [6]) : 0.8907190024
180 : ([1], [2, 5], [3, 4], [6]) : 0.8888193423
181 : ([1, 4], [2, 5], [3], [6]) : 0.8880514978
182 : ([1, 3], [2, 5], [4], [6]) : 0.8881307966
183 : ([1], [2, 5], [3], [4], [6]) : 0.8876498019
184 : ([1, 5], [2, 3, 4], [6]) : 0.9228746552
185 : ([1, 5], [2], [3, 4], [6]) : 0.8884257401
186 : ([1, 5], [2, 4], [3], [6]) : 0.8908017679
187 : ([1, 5], [2, 3], [4], [6]) : 0.9190309650
188 : ([1, 5], [2], [3], [4], [6]) : 0.8873350838
189 : ([1, 2, 3, 4], [5], [6]) : 0.9296734578
190 : ([1], [2, 3, 4], [5], [6]) : 0.9223373282
191 : ([1, 3, 4], [2], [5], [6]) : 0.8898200320
192 : ([1, 2], [3, 4], [5], [6]) : 0.8925812304
193 : ([1], [2], [3, 4], [5], [6]) : 0.8875538596
194 : ([1, 2, 4], [3], [5], [6]) : 0.8948939387
195 : ([1, 3], [2, 4], [5], [6]) : 0.8900479447
196 : ([1], [2, 4], [3], [5], [6]) : 0.8894594783
197 : ([1, 4], [2, 3], [5], [6]) : 0.9185256492
198 : ([1, 4], [2], [3], [5], [6]) : 0.8870480843
199 : ([1, 2, 3], [4], [5], [6]) : 0.9263453395
200 : ([1], [2, 3], [4], [5], [6]) : 0.9184192047
201 : ([1, 3], [2], [4], [5], [6]) : 0.8868785049
202 : ([1, 2], [3], [4], [5], [6]) : 0.8912504077
203 : ([1], [2], [3], [4], [5], [6]) : 0.8864252081
