=== Bootstrap seed: 48 ===
1 : ([1, 2, 3, 4, 5, 6],) : 0.9590447441
2 : ([1], [2, 3, 4, 5, 6]) : 0.9533668289
3 : ([1, 3, 4, 5, 6], [2]) : 0.9227664148
4 : ([1, 2], [3, 4, 5, 6]) : 0.9195773608
5 : ([1], [2], [3, 4, 5, 6]) : 0.9173621865
6 : ([1, 2, 4, 5, 6], [3]) : 0.9253986896
7 : ([1, 3], [2, 4, 5, 6]) : 0.9160618527
8 : ([1], [2, 4, 5, 6], [3]) : 0.9158216372
9 : ([1, 4, 5, 6], [2, 3]) : 0.9507675761
10 : ([1, 4, 5, 6], [2], [3]) : 0.9159272051
11 : ([1, 2, 3], [4, 5, 6]) : 0.9525402586
12 : ([1], [2, 3], [4, 5, 6]) : 0.9502246582
13 : ([1, 3], [2], [4, 5, 6]) : 0.9122217286
14 : ([1, 2], [3], [4, 5, 6]) : 0.9135595321
15 : ([1], [2], [3], [4, 5, 6]) : 0.9117594171
16 : ([1, 2, 3, 5, 6], [4]) : 0.9342613310
17 : ([1, 4], [2, 3, 5, 6]) : 0.9279875222
18 : ([1], [2, 3, 5, 6], [4]) : 0.9278418648
19 : ([1, 3, 5, 6], [2, 4]) : 0.8920813982
20 : ([1, 3, 5, 6], [2], [4]) : 0.8919951494
21 : ([1, 2, 4], [3, 5, 6]) : 0.8996659468
22 : ([1], [2, 4], [3, 5, 6]) : 0.8892738555
23 : ([1, 4], [2], [3, 5, 6]) : 0.8928889098
24 : ([1, 2], [3, 5, 6], [4]) : 0.8934651279
25 : ([1], [2], [3, 5, 6], [4]) : 0.8890559366
26 : ([1, 2, 5, 6], [3, 4]) : 0.8959429869
27 : ([1, 2, 5, 6], [3], [4]) : 0.8953346038
28 : ([1, 3, 4], [2, 5, 6]) : 0.8932974589
29 : ([1], [2, 5, 6], [3, 4]) : 0.8886844609
30 : ([1, 4], [2, 5, 6], [3]) : 0.8914139970
31 : ([1, 3], [2, 5, 6], [4]) : 0.8889758872
32 : ([1], [2, 5, 6], [3], [4]) : 0.8883221535
33 : ([1, 5, 6], [2, 3, 4]) : 0.9259882263
34 : ([1, 5, 6], [2], [3, 4]) : 0.8862096902
35 : ([1, 5, 6], [2, 4], [3]) : 0.8861153995
36 : ([1, 5, 6], [2, 3], [4]) : 0.9251214040
37 : ([1, 5, 6], [2], [3], [4]) : 0.8859861817
38 : ([1, 2, 3, 4], [5, 6]) : 0.9329978829
39 : ([1], [2, 3, 4], [5, 6]) : 0.9258480870
40 : ([1, 3, 4], [2], [5, 6]) : 0.8910379076
41 : ([1, 2], [3, 4], [5, 6]) : 0.8899000419
42 : ([1], [2], [3, 4], [5, 6]) : 0.8853775578
43 : ([1, 2, 4], [3], [5, 6]) : 0.8960292550
44 : ([1, 3], [2, 4], [5, 6]) : 0.8864613061
45 : ([1], [2, 4], [3], [5, 6]) : 0.8852424879
46 : ([1, 4], [2, 3], [5, 6]) : 0.9251231501
47 : ([1, 4], [2], [3], [5, 6]) : 0.8892701905
48 : ([1, 2, 3], [4], [5, 6]) : 0.9307109967
49 : ([1], [2, 3], [4], [5, 6]) : 0.9249988274
50 : ([1, 3], [2], [4], [5, 6]) : 0.8861752702
51 : ([1, 2], [3], [4], [5, 6]) : 0.8892598108
52 : ([1], [2], [3], [4], [5, 6]) : 0.8849687464
53 : ([1, 2, 3, 4, 6], [5]) : 0.9346805349
54 : ([1, 5], [2, 3, 4, 6]) : 0.9281206743
55 : ([1], [2, 3, 4, 6], [5]) : 0.9281331787
56 : ([1, 3, 4, 6], [2, 5]) : 0.8952888185
57 : ([1, 3, 4, 6], [2], [5]) : 0.8918744731
58 : ([1, 2, 5], [3, 4, 6]) : 0.8969355485
59 : ([1], [2, 5], [3, 4, 6]) : 0.8908333830
60 : ([1, 5], [2], [3, 4, 6]) : 0.8879281278
61 : ([1, 2], [3, 4, 6], [5]) : 0.8916222741
62 : ([1], [2], [3, 4, 6], [5]) : 0.8870284222
63 : ([1, 2, 4, 6], [3, 5]) : 0.8984346131
64 : ([1, 2, 4, 6], [3], [5]) : 0.8976196356
65 : ([1, 3, 5], [2, 4, 6]) : 0.8878656543
66 : ([1], [2, 4, 6], [3, 5]) : 0.8865864013
67 : ([1, 5], [2, 4, 6], [3]) : 0.8857180152
68 : ([1, 3], [2, 4, 6], [5]) : 0.8863752503
69 : ([1], [2, 4, 6], [3], [5]) : 0.8854235834
70 : ([1, 4, 6], [2, 3, 5]) : 0.9272900102
71 : ([1, 4, 6], [2], [3, 5]) : 0.8875768659
72 : ([1, 4, 6], [2, 5], [3]) : 0.8902448365
73 : ([1, 4, 6], [2, 3], [5]) : 0.9246289320
74 : ([1, 4, 6], [2], [3], [5]) : 0.8863568301
75 : ([1, 2, 3, 5], [4, 6]) : 0.9322286143
76 : ([1], [2, 3, 5], [4, 6]) : 0.9270995057
77 : ([1, 3, 5], [2], [4, 6]) : 0.8856377232
78 : ([1, 2], [3, 5], [4, 6]) : 0.8884719089
79 : ([1], [2], [3, 5], [4, 6]) : 0.8841748790
80 : ([1, 2, 5], [3], [4, 6]) : 0.8925291089
81 : ([1, 3], [2, 5], [4, 6]) : 0.8877286527
82 : ([1], [2, 5], [3], [4, 6]) : 0.8870642786
83 : ([1, 5], [2, 3], [4, 6]) : 0.9245337632
84 : ([1, 5], [2], [3], [4, 6]) : 0.8831317454
85 : ([1, 2, 3], [4, 6], [5]) : 0.9299495531
86 : ([1], [2, 3], [4, 6], [5]) : 0.9245291781
87 : ([1, 3], [2], [4, 6], [5]) : 0.8834371638
88 : ([1, 2], [3], [4, 6], [5]) : 0.8868544730
89 : ([1], [2], [3], [4, 6], [5]) : 0.8825119381
90 : ([1, 2, 3, 6], [4, 5]) : 0.9327320208
91 : ([1, 2, 3, 6], [4], [5]) : 0.9235892392
92 : ([1, 4, 5], [2, 3, 6]) : 0.9277078669
93 : ([1], [2, 3, 6], [4, 5]) : 0.9274925107
94 : ([1, 5], [2, 3, 6], [4]) : 0.9152324240
95 : ([1, 4], [2, 3, 6], [5]) : 0.9151754349
96 : ([1], [2, 3, 6], [4], [5]) : 0.9152145245
97 : ([1, 3, 6], [2, 4, 5]) : 0.8950392772
98 : ([1, 3, 6], [2], [4, 5]) : 0.8903434096
99 : ([1, 3, 6], [2, 5], [4]) : 0.8832007013
100 : ([1, 3, 6], [2, 4], [5]) : 0.8800676507
101 : ([1, 3, 6], [2], [4], [5]) : 0.8792502539
102 : ([1, 2, 4, 5], [3, 6]) : 0.9017988784
103 : ([1], [2, 4, 5], [3, 6]) : 0.8926504036
104 : ([1, 4, 5], [2], [3, 6]) : 0.8916642187
105 : ([1, 2], [3, 6], [4, 5]) : 0.8898179429
106 : ([1], [2], [3, 6], [4, 5]) : 0.8874542405
107 : ([1, 2, 5], [3, 6], [4]) : 0.8863073862
108 : ([1, 4], [2, 5], [3, 6]) : 0.8830121130
109 : ([1], [2, 5], [3, 6], [4]) : 0.8803162427
110 : ([1, 5], [2, 4], [3, 6]) : 0.8775475873
111 : ([1, 5], [2], [3, 6], [4]) : 0.8771032781
112 : ([1, 2, 4], [3, 6], [5]) : 0.8870144150
113 : ([1], [2, 4], [3, 6], [5]) : 0.8767215994
114 : ([1, 4], [2], [3, 6], [5]) : 0.8794745798
115 : ([1, 2], [3, 6], [4], [5]) : 0.8806959039
116 : ([1], [2], [3, 6], [4], [5]) : 0.8760400768
117 : ([1, 2, 6], [3, 4, 5]) : 0.8946636361
118 : ([1, 2, 6], [3], [4, 5]) : 0.8912605750
119 : ([1, 2, 6], [3, 5], [4]) : 0.8822338389
120 : ([1, 2, 6], [3, 4], [5]) : 0.8819469451
121 : ([1, 2, 6], [3], [4], [5]) : 0.8812920376
122 : ([1, 3, 4, 5], [2, 6]) : 0.8934169794
123 : ([1], [2, 6], [3, 4, 5]) : 0.8888875585
124 : ([1, 4, 5], [2, 6], [3]) : 0.8899780822
125 : ([1, 3], [2, 6], [4, 5]) : 0.8870329166
126 : ([1], [2, 6], [3], [4, 5]) : 0.8862568293
127 : ([1, 3, 5], [2, 6], [4]) : 0.8765870076
128 : ([1, 4], [2, 6], [3, 5]) : 0.8775593424
129 : ([1], [2, 6], [3, 5], [4]) : 0.8745532394
130 : ([1, 5], [2, 6], [3, 4]) : 0.8747120873
131 : ([1, 5], [2, 6], [3], [4]) : 0.8742138670
132 : ([1, 3, 4], [2, 6], [5]) : 0.8785796726
133 : ([1], [2, 6], [3, 4], [5]) : 0.8738899906
134 : ([1, 4], [2, 6], [3], [5]) : 0.8766575046
135 : ([1, 3], [2, 6], [4], [5]) : 0.8747245296
136 : ([1], [2, 6], [3], [4], [5]) : 0.8734140098
137 : ([1, 6], [2, 3, 4, 5]) : 0.9315272044
138 : ([1, 6], [2], [3, 4, 5]) : 0.8886601649
139 : ([1, 6], [2, 4, 5], [3]) : 0.8917761874
140 : ([1, 6], [2, 3], [4, 5]) : 0.9269463362
141 : ([1, 6], [2], [3], [4, 5]) : 0.8859806406
142 : ([1, 6], [2, 3, 5], [4]) : 0.9174772572
143 : ([1, 6], [2, 4], [3, 5]) : 0.8753265503
144 : ([1, 6], [2], [3, 5], [4]) : 0.8745668027
145 : ([1, 6], [2, 5], [3, 4]) : 0.8787364889
146 : ([1, 6], [2, 5], [3], [4]) : 0.8783790881
147 : ([1, 6], [2, 3, 4], [5]) : 0.9161119201
148 : ([1, 6], [2], [3, 4], [5]) : 0.8736880910
149 : ([1, 6], [2, 4], [3], [5]) : 0.8740966556
150 : ([1, 6], [2, 3], [4], [5]) : 0.9139968112
151 : ([1, 6], [2], [3], [4], [5]) : 0.8733179661
152 : ([1, 2, 3, 4, 5], [6]) : 0.9376718095
153 : ([1], [2, 3, 4, 5], [6]) : 0.9313084861
154 : ([1, 3, 4, 5], [2], [6]) : 0.8927381601
155 : ([1, 2], [3, 4, 5], [6]) : 0.8906110298
156 : ([1], [2], [3, 4, 5], [6]) : 0.8879158129
157 : ([1, 2, 4, 5], [3], [6]) : 0.9000639955
158 : ([1, 3], [2, 4, 5], [6]) : 0.8916013107
159 : ([1], [2, 4, 5], [3], [6]) : 0.8909559405
160 : ([1, 4, 5], [2, 3], [6]) : 0.9270838399
161 : ([1, 4, 5], [2], [3], [6]) : 0.8891453790
162 : ([1, 2, 3], [4, 5], [6]) : 0.9304112166
163 : ([1], [2, 3], [4, 5], [6]) : 0.9267577563
164 : ([1, 3], [2], [4, 5], [6]) : 0.8859669349
165 : ([1, 2], [3], [4, 5], [6]) : 0.8874762914
166 : ([1], [2], [3], [4, 5], [6]) : 0.8851752013
167 : ([1, 2, 3, 5], [4], [6]) : 0.9237840230
168 : ([1, 4], [2, 3, 5], [6]) : 0.9174363905
169 : ([1], [2, 3, 5], [4], [6]) : 0.9175498957
170 : ([1, 3, 5], [2, 4], [6]) : 0.8771021147
171 : ([1, 3, 5], [2], [4], [6]) : 0.8763382585
172 : ([1, 2, 4], [3, 5], [6]) : 0.8847624168
173 : ([1], [2, 4], [3, 5], [6]) : 0.8748241482
174 : ([1, 4], [2], [3, 5], [6]) : 0.8772102274
175 : ([1, 2], [3, 5], [4], [6]) : 0.8788183573
176 : ([1], [2], [3, 5], [4], [6]) : 0.8741243875
177 : ([1, 2, 5], [3, 4], [6]) : 0.8843931694
178 : ([1, 2, 5], [3], [4], [6]) : 0.8834858272
179 : ([1, 3, 4], [2, 5], [6]) : 0.8825529266
180 : ([1], [2, 5], [3, 4], [6]) : 0.8782601670
181 : ([1, 4], [2, 5], [3], [6]) : 0.8802742146
182 : ([1, 3], [2, 5], [4], [6]) : 0.8788361379
183 : ([1], [2, 5], [3], [4], [6]) : 0.8777425598
184 : ([1, 5], [2, 3, 4], [6]) : 0.9161206083
185 : ([1, 5], [2], [3, 4], [6]) : 0.8741419652
186 : ([1, 5], [2, 4], [3], [6]) : 0.8741017583
187 : ([1, 5], [2, 3], [4], [6]) : 0.9140507746
188 : ([1, 5], [2], [3], [4], [6]) : 0.8735759681
189 : ([1, 2, 3, 4], [5], [6]) : 0.9237464789
190 : ([1], [2, 3, 4], [5], [6]) : 0.9161139373
191 : ([1, 3, 4], [2], [5], [6]) : 0.8782142451
192 : ([1, 2], [3, 4], [5], [6]) : 0.8781554268
193 : ([1], [2], [3, 4], [5], [6]) : 0.8732511037
194 : ([1, 2, 4], [3], [5], [6]) : 0.8837276177
195 : ([1, 3], [2, 4], [5], [6]) : 0.8751462570
196 : ([1], [2, 4], [3], [5], [6]) : 0.8734420895
197 : ([1, 4], [2, 3], [5], [6]) : 0.9139298100
198 : ([1, 4], [2], [3], [5], [6]) : 0.8760952110
199 : ([1, 2, 3], [4], [5], [6]) : 0.9207243286
200 : ([1], [2, 3], [4], [5], [6]) : 0.9140505935
201 : ([1, 3], [2], [4], [5], [6]) : 0.8741695188
202 : ([1, 2], [3], [4], [5], [6]) : 0.8773603043
203 : ([1], [2], [3], [4], [5], [6]) : 0.8727034324
