=== Bootstrap seed: 50 ===
1 : ([1, 2, 3, 4, 5, 6],) : 0.9717418362
2 : ([1], [2, 3, 4, 5, 6]) : 0.9638930285
3 : ([1, 3, 4, 5, 6], [2]) : 0.9416802881
4 : ([1, 2], [3, 4, 5, 6]) : 0.9362775239
5 : ([1], [2], [3, 4, 5, 6]) : 0.9354683735
6 : ([1, 2, 4, 5, 6], [3]) : 0.9405919958
7 : ([1, 3], [2, 4, 5, 6]) : 0.9366665900
8 : ([1], [2, 4, 5, 6], [3]) : 0.9348677185
9 : ([1, 4, 5, 6], [2, 3]) : 0.9632694871
10 : ([1, 4, 5, 6], [2], [3]) : 0.9346125423
11 : ([1, 2, 3], [4, 5, 6]) : 0.9625025764
12 : ([1], [2, 3], [4, 5, 6]) : 0.9615320687
13 : ([1, 3], [2], [4, 5, 6]) : 0.9334126252
14 : ([1, 2], [3], [4, 5, 6]) : 0.9325121744
15 : ([1], [2], [3], [4, 5, 6]) : 0.9317245313
16 : ([1, 2, 3, 5, 6], [4]) : 0.9466324256
17 : ([1, 4], [2, 3, 5, 6]) : 0.9390845150
18 : ([1], [2, 3, 5, 6], [4]) : 0.9383488973
19 : ([1, 3, 5, 6], [2, 4]) : 0.9125600477
20 : ([1, 3, 5, 6], [2], [4]) : 0.9118057937
21 : ([1, 2, 4], [3, 5, 6]) : 0.9134728316
22 : ([1], [2, 4], [3, 5, 6]) : 0.9091446018
23 : ([1, 4], [2], [3, 5, 6]) : 0.9091737465
24 : ([1, 2], [3, 5, 6], [4]) : 0.9102085764
25 : ([1], [2], [3, 5, 6], [4]) : 0.9077371043
26 : ([1, 2, 5, 6], [3, 4]) : 0.9134109313
27 : ([1, 2, 5, 6], [3], [4]) : 0.9118742767
28 : ([1, 3, 4], [2, 5, 6]) : 0.9114145784
29 : ([1], [2, 5, 6], [3, 4]) : 0.9082225384
30 : ([1, 4], [2, 5, 6], [3]) : 0.9081684558
31 : ([1, 3], [2, 5, 6], [4]) : 0.9093449720
32 : ([1], [2, 5, 6], [3], [4]) : 0.9066678100
33 : ([1, 5, 6], [2, 3, 4]) : 0.9379449671
34 : ([1, 5, 6], [2], [3, 4]) : 0.9066930265
35 : ([1, 5, 6], [2, 4], [3]) : 0.9062180194
36 : ([1, 5, 6], [2, 3], [4]) : 0.9366476424
37 : ([1, 5, 6], [2], [3], [4]) : 0.9049713509
38 : ([1, 2, 3, 4], [5, 6]) : 0.9411036028
39 : ([1], [2, 3, 4], [5, 6]) : 0.9372304286
40 : ([1, 3, 4], [2], [5, 6]) : 0.9096495856
41 : ([1, 2], [3, 4], [5, 6]) : 0.9087551281
42 : ([1], [2], [3, 4], [5, 6]) : 0.9061552818
43 : ([1, 2, 4], [3], [5, 6]) : 0.9109941354
44 : ([1, 3], [2, 4], [5, 6]) : 0.9080605502
45 : ([1], [2, 4], [3], [5, 6]) : 0.9058063469
46 : ([1, 4], [2, 3], [5, 6]) : 0.9365233051
47 : ([1, 4], [2], [3], [5, 6]) : 0.9061643641
48 : ([1, 2, 3], [4], [5, 6]) : 0.9392306155
49 : ([1], [2, 3], [4], [5, 6]) : 0.9360372129
50 : ([1, 3], [2], [4], [5, 6]) : 0.9073239468
51 : ([1, 2], [3], [4], [5, 6]) : 0.9070024026
52 : ([1], [2], [3], [4], [5, 6]) : 0.9044322475
53 : ([1, 2, 3, 4, 6], [5]) : 0.9491622216
54 : ([1, 5], [2, 3, 4, 6]) : 0.9421838055
55 : ([1], [2, 3, 4, 6], [5]) : 0.9419948180
56 : ([1, 3, 4, 6], [2, 5]) : 0.9149860814
57 : ([1, 3, 4, 6], [2], [5]) : 0.9141827428
58 : ([1, 2, 5], [3, 4, 6]) : 0.9160075202
59 : ([1], [2, 5], [3, 4, 6]) : 0.9113520320
60 : ([1, 5], [2], [3, 4, 6]) : 0.9104793341
61 : ([1, 2], [3, 4, 6], [5]) : 0.9142386705
62 : ([1], [2], [3, 4, 6], [5]) : 0.9101997528
63 : ([1, 2, 4, 6], [3, 5]) : 0.9174117066
64 : ([1, 2, 4, 6], [3], [5]) : 0.9163119939
65 : ([1, 3, 5], [2, 4, 6]) : 0.9129049947
66 : ([1], [2, 4, 6], [3, 5]) : 0.9114419020
67 : ([1, 5], [2, 4, 6], [3]) : 0.9099544508
68 : ([1, 3], [2, 4, 6], [5]) : 0.9110624980
69 : ([1], [2, 4, 6], [3], [5]) : 0.9095932319
70 : ([1, 4, 6], [2, 3, 5]) : 0.9398986291
71 : ([1, 4, 6], [2], [3, 5]) : 0.9076387429
72 : ([1, 4, 6], [2, 5], [3]) : 0.9071621259
73 : ([1, 4, 6], [2, 3], [5]) : 0.9385076872
74 : ([1, 4, 6], [2], [3], [5]) : 0.9058532922
75 : ([1, 2, 3, 5], [4, 6]) : 0.9429717804
76 : ([1], [2, 3, 5], [4, 6]) : 0.9385615473
77 : ([1, 3, 5], [2], [4, 6]) : 0.9074835752
78 : ([1, 2], [3, 5], [4, 6]) : 0.9098089750
79 : ([1], [2], [3, 5], [4, 6]) : 0.9059625947
80 : ([1, 2, 5], [3], [4, 6]) : 0.9104000003
81 : ([1, 3], [2, 5], [4, 6]) : 0.9070072168
82 : ([1], [2, 5], [3], [4, 6]) : 0.9056409755
83 : ([1, 5], [2, 3], [4, 6]) : 0.9377655000
84 : ([1, 5], [2], [3], [4, 6]) : 0.9046516454
85 : ([1, 2, 3], [4, 6], [5]) : 0.9415118882
86 : ([1], [2, 3], [4, 6], [5]) : 0.9375468847
87 : ([1, 3], [2], [4, 6], [5]) : 0.9059846789
88 : ([1, 2], [3], [4, 6], [5]) : 0.9083376093
89 : ([1], [2], [3], [4, 6], [5]) : 0.9042015035
90 : ([1, 2, 3, 6], [4, 5]) : 0.9437206337
91 : ([1, 2, 3, 6], [4], [5]) : 0.9355319722
92 : ([1, 4, 5], [2, 3, 6]) : 0.9413697569
93 : ([1], [2, 3, 6], [4, 5]) : 0.9381844015
94 : ([1, 5], [2, 3, 6], [4]) : 0.9260712658
95 : ([1, 4], [2, 3, 6], [5]) : 0.9266360589
96 : ([1], [2, 3, 6], [4], [5]) : 0.9258085293
97 : ([1, 3, 6], [2, 4, 5]) : 0.9144873825
98 : ([1, 3, 6], [2], [4, 5]) : 0.9126809964
99 : ([1, 3, 6], [2, 5], [4]) : 0.9007117037
100 : ([1, 3, 6], [2, 4], [5]) : 0.9001918476
101 : ([1, 3, 6], [2], [4], [5]) : 0.8994566872
102 : ([1, 2, 4, 5], [3, 6]) : 0.9186410014
103 : ([1], [2, 4, 5], [3, 6]) : 0.9108208942
104 : ([1, 4, 5], [2], [3, 6]) : 0.9132410793
105 : ([1, 2], [3, 6], [4, 5]) : 0.9100324743
106 : ([1], [2], [3, 6], [4, 5]) : 0.9078784208
107 : ([1, 2, 5], [3, 6], [4]) : 0.9018439653
108 : ([1, 4], [2, 5], [3, 6]) : 0.8976854620
109 : ([1], [2, 5], [3, 6], [4]) : 0.8965923952
110 : ([1, 5], [2, 4], [3, 6]) : 0.8968514088
111 : ([1, 5], [2], [3, 6], [4]) : 0.8954862009
112 : ([1, 2, 4], [3, 6], [5]) : 0.9023401618
113 : ([1], [2, 4], [3, 6], [5]) : 0.8963467280
114 : ([1, 4], [2], [3, 6], [5]) : 0.8958416889
115 : ([1, 2], [3, 6], [4], [5]) : 0.8993642283
116 : ([1], [2], [3, 6], [4], [5]) : 0.8946761015
117 : ([1, 2, 6], [3, 4, 5]) : 0.9123144998
118 : ([1, 2, 6], [3], [4, 5]) : 0.9089265601
119 : ([1, 2, 6], [3, 5], [4]) : 0.9006529900
120 : ([1, 2, 6], [3, 4], [5]) : 0.9007558880
121 : ([1, 2, 6], [3], [4], [5]) : 0.8985681165
122 : ([1, 3, 4, 5], [2, 6]) : 0.9141349210
123 : ([1], [2, 6], [3, 4, 5]) : 0.9082224504
124 : ([1, 4, 5], [2, 6], [3]) : 0.9101516970
125 : ([1, 3], [2, 6], [4, 5]) : 0.9063195225
126 : ([1], [2, 6], [3], [4, 5]) : 0.9046078385
127 : ([1, 3, 5], [2, 6], [4]) : 0.8963780294
128 : ([1, 4], [2, 6], [3, 5]) : 0.8955354027
129 : ([1], [2, 6], [3, 5], [4]) : 0.8942171900
130 : ([1, 5], [2, 6], [3, 4]) : 0.8946600992
131 : ([1, 5], [2, 6], [3], [4]) : 0.8924918538
132 : ([1, 3, 4], [2, 6], [5]) : 0.8967301347
133 : ([1], [2, 6], [3, 4], [5]) : 0.8937253983
134 : ([1, 4], [2, 6], [3], [5]) : 0.8928867680
135 : ([1, 3], [2, 6], [4], [5]) : 0.8940650203
136 : ([1], [2, 6], [3], [4], [5]) : 0.8915142614
137 : ([1, 6], [2, 3, 4, 5]) : 0.9400402103
138 : ([1, 6], [2], [3, 4, 5]) : 0.9091203187
139 : ([1, 6], [2, 4, 5], [3]) : 0.9082179342
140 : ([1, 6], [2, 3], [4, 5]) : 0.9370573678
141 : ([1, 6], [2], [3], [4, 5]) : 0.9054232837
142 : ([1, 6], [2, 3, 5], [4]) : 0.9273623045
143 : ([1, 6], [2, 4], [3, 5]) : 0.8960601123
144 : ([1, 6], [2], [3, 5], [4]) : 0.8944296712
145 : ([1, 6], [2, 5], [3, 4]) : 0.8958358605
146 : ([1, 6], [2, 5], [3], [4]) : 0.8937417624
147 : ([1, 6], [2, 3, 4], [5]) : 0.9271962570
148 : ([1, 6], [2], [3, 4], [5]) : 0.8941392287
149 : ([1, 6], [2, 4], [3], [5]) : 0.8934342120
150 : ([1, 6], [2, 3], [4], [5]) : 0.9252952855
151 : ([1, 6], [2], [3], [4], [5]) : 0.8918034779
152 : ([1, 2, 3, 4, 5], [6]) : 0.9443274417
153 : ([1], [2, 3, 4, 5], [6]) : 0.9393688083
154 : ([1, 3, 4, 5], [2], [6]) : 0.9141178891
155 : ([1, 2], [3, 4, 5], [6]) : 0.9100471068
156 : ([1], [2], [3, 4, 5], [6]) : 0.9082637486
157 : ([1, 2, 4, 5], [3], [6]) : 0.9154315872
158 : ([1, 3], [2, 4, 5], [6]) : 0.9085456091
159 : ([1], [2, 4, 5], [3], [6]) : 0.9075173452
160 : ([1, 4, 5], [2, 3], [6]) : 0.9396644845
161 : ([1, 4, 5], [2], [3], [6]) : 0.9101268043
162 : ([1, 2, 3], [4, 5], [6]) : 0.9380469016
163 : ([1], [2, 3], [4, 5], [6]) : 0.9364257396
164 : ([1, 3], [2], [4, 5], [6]) : 0.9063728594
165 : ([1, 2], [3], [4, 5], [6]) : 0.9064844397
166 : ([1], [2], [3], [4, 5], [6]) : 0.9046357564
167 : ([1, 2, 3, 5], [4], [6]) : 0.9309910064
168 : ([1, 4], [2, 3, 5], [6]) : 0.9278677431
169 : ([1], [2, 3, 5], [4], [6]) : 0.9265286427
170 : ([1, 3, 5], [2, 4], [6]) : 0.8968208383
171 : ([1, 3, 5], [2], [4], [6]) : 0.8960630369
172 : ([1, 2, 4], [3, 5], [6]) : 0.9006369669
173 : ([1], [2, 4], [3, 5], [6]) : 0.8954081526
174 : ([1, 4], [2], [3, 5], [6]) : 0.8951968368
175 : ([1, 2], [3, 5], [4], [6]) : 0.8977360601
176 : ([1], [2], [3, 5], [4], [6]) : 0.8938310475
177 : ([1, 2, 5], [3, 4], [6]) : 0.9000521050
178 : ([1, 2, 5], [3], [4], [6]) : 0.8982234348
179 : ([1, 3, 4], [2, 5], [6]) : 0.8978383308
180 : ([1], [2, 5], [3, 4], [6]) : 0.8952039890
181 : ([1, 4], [2, 5], [3], [6]) : 0.8945092678
182 : ([1, 3], [2, 5], [4], [6]) : 0.8952066464
183 : ([1], [2, 5], [3], [4], [6]) : 0.8931984980
184 : ([1, 5], [2, 3, 4], [6]) : 0.9264179980
185 : ([1, 5], [2], [3, 4], [6]) : 0.8944477322
186 : ([1, 5], [2, 4], [3], [6]) : 0.8934626011
187 : ([1, 5], [2, 3], [4], [6]) : 0.9248294877
188 : ([1, 5], [2], [3], [4], [6]) : 0.8922267688
189 : ([1, 2, 3, 4], [5], [6]) : 0.9307562088
190 : ([1], [2, 3, 4], [5], [6]) : 0.9261215136
191 : ([1, 3, 4], [2], [5], [6]) : 0.8965756028
192 : ([1, 2], [3, 4], [5], [6]) : 0.8976186900
193 : ([1], [2], [3, 4], [5], [6]) : 0.8935058953
194 : ([1, 2, 4], [3], [5], [6]) : 0.8987988486
195 : ([1, 3], [2, 4], [5], [6]) : 0.8945284338
196 : ([1], [2, 4], [3], [5], [6]) : 0.8928016580
197 : ([1, 4], [2, 3], [5], [6]) : 0.9253631078
198 : ([1, 4], [2], [3], [5], [6]) : 0.8926235228
199 : ([1, 2, 3], [4], [5], [6]) : 0.9288163565
200 : ([1], [2, 3], [4], [5], [6]) : 0.9244906335
201 : ([1, 3], [2], [4], [5], [6]) : 0.8938479066
202 : ([1, 2], [3], [4], [5], [6]) : 0.8955147343
203 : ([1], [2], [3], [4], [5], [6]) : 0.8912317349
