=== Bootstrap seed: 89 ===
1 : ([1, 2, 3, 4, 5, 6],) : 0.9644689828
2 : ([1], [2, 3, 4, 5, 6]) : 0.9596295876
3 : ([1, 3, 4, 5, 6], [2]) : 0.9289035692
4 : ([1, 2], [3, 4, 5, 6]) : 0.9278785150
5 : ([1], [2], [3, 4, 5, 6]) : 0.9260377717
6 : ([1, 2, 4, 5, 6], [3]) : 0.9314813261
7 : ([1, 3], [2, 4, 5, 6]) : 0.9266035808
8 : ([1], [2, 4, 5, 6], [3]) : 0.9264741553
9 : ([1, 4, 5, 6], [2, 3]) : 0.9575010285
10 : ([1, 4, 5, 6], [2], [3]) : 0.9231654436
11 : ([1, 2, 3], [4, 5, 6]) : 0.9577976579
12 : ([1], [2, 3], [4, 5, 6]) : 0.9560890154
13 : ([1, 3], [2], [4, 5, 6]) : 0.9215111197
14 : ([1, 2], [3], [4, 5, 6]) : 0.9232953460
15 : ([1], [2], [3], [4, 5, 6]) : 0.9214531503
16 : ([1, 2, 3, 5, 6], [4]) : 0.9386502798
17 : ([1, 4], [2, 3, 5, 6]) : 0.9305016656
18 : ([1], [2, 3, 5, 6], [4]) : 0.9301894288
19 : ([1, 3, 5, 6], [2, 4]) : 0.8944367729
20 : ([1, 3, 5, 6], [2], [4]) : 0.8942994319
21 : ([1, 2, 4], [3, 5, 6]) : 0.8985972462
22 : ([1], [2, 4], [3, 5, 6]) : 0.8912935426
23 : ([1, 4], [2], [3, 5, 6]) : 0.8932827640
24 : ([1, 2], [3, 5, 6], [4]) : 0.8954112231
25 : ([1], [2], [3, 5, 6], [4]) : 0.8911726028
26 : ([1, 2, 5, 6], [3, 4]) : 0.9038597628
27 : ([1, 2, 5, 6], [3], [4]) : 0.9023218511
28 : ([1, 3, 4], [2, 5, 6]) : 0.9000903590
29 : ([1], [2, 5, 6], [3, 4]) : 0.8988383685
30 : ([1, 4], [2, 5, 6], [3]) : 0.8975440386
31 : ([1, 3], [2, 5, 6], [4]) : 0.8972949240
32 : ([1], [2, 5, 6], [3], [4]) : 0.8967690409
33 : ([1, 5, 6], [2, 3, 4]) : 0.9288507850
34 : ([1, 5, 6], [2], [3, 4]) : 0.8923264568
35 : ([1, 5, 6], [2, 4], [3]) : 0.8898867320
36 : ([1, 5, 6], [2, 3], [4]) : 0.9268952165
37 : ([1, 5, 6], [2], [3], [4]) : 0.8897459349
38 : ([1, 2, 3, 4], [5, 6]) : 0.9327260635
39 : ([1], [2, 3, 4], [5, 6]) : 0.9268733660
40 : ([1, 3, 4], [2], [5, 6]) : 0.8937646957
41 : ([1, 2], [3, 4], [5, 6]) : 0.8945894125
42 : ([1], [2], [3, 4], [5, 6]) : 0.8912220416
43 : ([1, 2, 4], [3], [5, 6]) : 0.8953988293
44 : ([1, 3], [2, 4], [5, 6]) : 0.8894015020
45 : ([1], [2, 4], [3], [5, 6]) : 0.8885642507
46 : ([1, 4], [2, 3], [5, 6]) : 0.9254694161
47 : ([1, 4], [2], [3], [5, 6]) : 0.8902447024
48 : ([1, 2, 3], [4], [5, 6]) : 0.9300943242
49 : ([1], [2, 3], [4], [5, 6]) : 0.9248531397
50 : ([1, 3], [2], [4], [5, 6]) : 0.8891128028
51 : ([1, 2], [3], [4], [5, 6]) : 0.8922589496
52 : ([1], [2], [3], [4], [5, 6]) : 0.8883844285
53 : ([1, 2, 3, 4, 6], [5]) : 0.9376904664
54 : ([1, 5], [2, 3, 4, 6]) : 0.9315203315
55 : ([1], [2, 3, 4, 6], [5]) : 0.9311276385
56 : ([1, 3, 4, 6], [2, 5]) : 0.9072034058
57 : ([1, 3, 4, 6], [2], [5]) : 0.9039995701
58 : ([1, 2, 5], [3, 4, 6]) : 0.9084997493
59 : ([1], [2, 5], [3, 4, 6]) : 0.9029124715
60 : ([1, 5], [2], [3, 4, 6]) : 0.9001084669
61 : ([1, 2], [3, 4, 6], [5]) : 0.9035331391
62 : ([1], [2], [3, 4, 6], [5]) : 0.8996250065
63 : ([1, 2, 4, 6], [3, 5]) : 0.9057719999
64 : ([1, 2, 4, 6], [3], [5]) : 0.9037686574
65 : ([1, 3, 5], [2, 4, 6]) : 0.8996528794
66 : ([1], [2, 4, 6], [3, 5]) : 0.8988981646
67 : ([1, 5], [2, 4, 6], [3]) : 0.8973740924
68 : ([1, 3], [2, 4, 6], [5]) : 0.8974024667
69 : ([1], [2, 4, 6], [3], [5]) : 0.8970083510
70 : ([1, 4, 6], [2, 3, 5]) : 0.9318040781
71 : ([1, 4, 6], [2], [3, 5]) : 0.8999038686
72 : ([1, 4, 6], [2, 5], [3]) : 0.9014719294
73 : ([1, 4, 6], [2, 3], [5]) : 0.9288092336
74 : ([1, 4, 6], [2], [3], [5]) : 0.8975180814
75 : ([1, 2, 3, 5], [4, 6]) : 0.9352338578
76 : ([1], [2, 3, 5], [4, 6]) : 0.9302135179
77 : ([1, 3, 5], [2], [4, 6]) : 0.8980082440
78 : ([1, 2], [3, 5], [4, 6]) : 0.9013585291
79 : ([1], [2], [3, 5], [4, 6]) : 0.8974099306
80 : ([1, 2, 5], [3], [4, 6]) : 0.9047746487
81 : ([1, 3], [2, 5], [4, 6]) : 0.8994722575
82 : ([1], [2, 5], [3], [4, 6]) : 0.8992299417
83 : ([1, 5], [2, 3], [4, 6]) : 0.9278125934
84 : ([1, 5], [2], [3], [4, 6]) : 0.8955898804
85 : ([1, 2, 3], [4, 6], [5]) : 0.9321411713
86 : ([1], [2, 3], [4, 6], [5]) : 0.9276420234
87 : ([1, 3], [2], [4, 6], [5]) : 0.8954694673
88 : ([1, 2], [3], [4, 6], [5]) : 0.8991484093
89 : ([1], [2], [3], [4, 6], [5]) : 0.8952550426
90 : ([1, 2, 3, 6], [4, 5]) : 0.9331995673
91 : ([1, 2, 3, 6], [4], [5]) : 0.9239824294
92 : ([1, 4, 5], [2, 3, 6]) : 0.9293790138
93 : ([1], [2, 3, 6], [4, 5]) : 0.9285020871
94 : ([1, 5], [2, 3, 6], [4]) : 0.9174438862
95 : ([1, 4], [2, 3, 6], [5]) : 0.9176000283
96 : ([1], [2, 3, 6], [4], [5]) : 0.9170495358
97 : ([1, 3, 6], [2, 4, 5]) : 0.8989370430
98 : ([1, 3, 6], [2], [4, 5]) : 0.8928051031
99 : ([1, 3, 6], [2, 5], [4]) : 0.8869184512
100 : ([1, 3, 6], [2, 4], [5]) : 0.8824708403
101 : ([1, 3, 6], [2], [4], [5]) : 0.8820776565
102 : ([1, 2, 4, 5], [3, 6]) : 0.9037813085
103 : ([1], [2, 4, 5], [3, 6]) : 0.8967973193
104 : ([1, 4, 5], [2], [3, 6]) : 0.8933045735
105 : ([1, 2], [3, 6], [4, 5]) : 0.8927857994
106 : ([1], [2], [3, 6], [4, 5]) : 0.8900627944
107 : ([1, 2, 5], [3, 6], [4]) : 0.8917264275
108 : ([1, 4], [2, 5], [3, 6]) : 0.8859143325
109 : ([1], [2, 5], [3, 6], [4]) : 0.8848700986
110 : ([1, 5], [2, 4], [3, 6]) : 0.8810003692
111 : ([1, 5], [2], [3, 6], [4]) : 0.8806493346
112 : ([1, 2, 4], [3, 6], [5]) : 0.8881080277
113 : ([1], [2, 4], [3, 6], [5]) : 0.8799884411
114 : ([1, 4], [2], [3, 6], [5]) : 0.8816284824
115 : ([1, 2], [3, 6], [4], [5]) : 0.8842063439
116 : ([1], [2], [3, 6], [4], [5]) : 0.8796482736
117 : ([1, 2, 6], [3, 4, 5]) : 0.8962425971
118 : ([1, 2, 6], [3], [4, 5]) : 0.8923728058
119 : ([1, 2, 6], [3, 5], [4]) : 0.8870887792
120 : ([1, 2, 6], [3, 4], [5]) : 0.8864076603
121 : ([1, 2, 6], [3], [4], [5]) : 0.8843245185
122 : ([1, 3, 4, 5], [2, 6]) : 0.8963031732
123 : ([1], [2, 6], [3, 4, 5]) : 0.8928269138
124 : ([1, 4, 5], [2, 6], [3]) : 0.8921252465
125 : ([1, 3], [2, 6], [4, 5]) : 0.8898679383
126 : ([1], [2, 6], [3], [4, 5]) : 0.8890983999
127 : ([1, 3, 5], [2, 6], [4]) : 0.8841757521
128 : ([1, 4], [2, 6], [3, 5]) : 0.8841795945
129 : ([1], [2, 6], [3, 5], [4]) : 0.8824895697
130 : ([1, 5], [2, 6], [3, 4]) : 0.8835235333
131 : ([1, 5], [2, 6], [3], [4]) : 0.8811085035
132 : ([1, 3, 4], [2, 6], [5]) : 0.8852229904
133 : ([1], [2, 6], [3, 4], [5]) : 0.8826711698
134 : ([1, 4], [2, 6], [3], [5]) : 0.8817447708
135 : ([1, 3], [2, 6], [4], [5]) : 0.8809821508
136 : ([1], [2, 6], [3], [4], [5]) : 0.8801102361
137 : ([1, 6], [2, 3, 4, 5]) : 0.9344733159
138 : ([1, 6], [2], [3, 4, 5]) : 0.8931365406
139 : ([1, 6], [2, 4, 5], [3]) : 0.8963268425
140 : ([1, 6], [2, 3], [4, 5]) : 0.9276386417
141 : ([1, 6], [2], [3], [4, 5]) : 0.8892346660
142 : ([1, 6], [2, 3, 5], [4]) : 0.9198404331
143 : ([1, 6], [2, 4], [3, 5]) : 0.8814238852
144 : ([1, 6], [2], [3, 5], [4]) : 0.8812188877
145 : ([1, 6], [2, 5], [3, 4]) : 0.8878073658
146 : ([1, 6], [2, 5], [3], [4]) : 0.8846489397
147 : ([1, 6], [2, 3, 4], [5]) : 0.9182539893
148 : ([1, 6], [2], [3, 4], [5]) : 0.8817850138
149 : ([1, 6], [2, 4], [3], [5]) : 0.8791341807
150 : ([1, 6], [2, 3], [4], [5]) : 0.9158372398
151 : ([1, 6], [2], [3], [4], [5]) : 0.8788725576
152 : ([1, 2, 3, 4, 5], [6]) : 0.9381935318
153 : ([1], [2, 3, 4, 5], [6]) : 0.9334231289
154 : ([1, 3, 4, 5], [2], [6]) : 0.8954947898
155 : ([1, 2], [3, 4, 5], [6]) : 0.8947767802
156 : ([1], [2], [3, 4, 5], [6]) : 0.8920926661
157 : ([1, 2, 4, 5], [3], [6]) : 0.9025564064
158 : ([1, 3], [2, 4, 5], [6]) : 0.8963185902
159 : ([1], [2, 4, 5], [3], [6]) : 0.8955411078
160 : ([1, 4, 5], [2, 3], [6]) : 0.9275416202
161 : ([1, 4, 5], [2], [3], [6]) : 0.8911379001
162 : ([1, 2, 3], [4, 5], [6]) : 0.9302980331
163 : ([1], [2, 3], [4, 5], [6]) : 0.9267348095
164 : ([1, 3], [2], [4, 5], [6]) : 0.8889086979
165 : ([1, 2], [3], [4, 5], [6]) : 0.8908874332
166 : ([1], [2], [3], [4, 5], [6]) : 0.8881487439
167 : ([1, 2, 3, 5], [4], [6]) : 0.9259000838
168 : ([1, 4], [2, 3, 5], [6]) : 0.9193472578
169 : ([1], [2, 3, 5], [4], [6]) : 0.9190257461
170 : ([1, 3, 5], [2, 4], [6]) : 0.8821232989
171 : ([1, 3, 5], [2], [4], [6]) : 0.8816481654
172 : ([1, 2, 4], [3, 5], [6]) : 0.8883635366
173 : ([1], [2, 4], [3, 5], [6]) : 0.8804163988
174 : ([1, 4], [2], [3, 5], [6]) : 0.8819635283
175 : ([1, 2], [3, 5], [4], [6]) : 0.8847395260
176 : ([1], [2], [3, 5], [4], [6]) : 0.8800967908
177 : ([1, 2, 5], [3, 4], [6]) : 0.8931040148
178 : ([1, 2, 5], [3], [4], [6]) : 0.8905432952
179 : ([1, 3, 4], [2, 5], [6]) : 0.8885538123
180 : ([1], [2, 5], [3, 4], [6]) : 0.8870858593
181 : ([1, 4], [2, 5], [3], [6]) : 0.8846825414
182 : ([1, 3], [2, 5], [4], [6]) : 0.8844409209
183 : ([1], [2, 5], [3], [4], [6]) : 0.8838064777
184 : ([1, 5], [2, 3, 4], [6]) : 0.9179846604
185 : ([1, 5], [2], [3, 4], [6]) : 0.8818488269
186 : ([1, 5], [2, 4], [3], [6]) : 0.8791993166
187 : ([1, 5], [2, 3], [4], [6]) : 0.9154396351
188 : ([1, 5], [2], [3], [4], [6]) : 0.8788298910
189 : ([1, 2, 3, 4], [5], [6]) : 0.9243610072
190 : ([1], [2, 3, 4], [5], [6]) : 0.9176038387
191 : ([1, 3, 4], [2], [5], [6]) : 0.8836841679
192 : ([1, 2], [3, 4], [5], [6]) : 0.8849329897
193 : ([1], [2], [3, 4], [5], [6]) : 0.8810874418
194 : ([1, 2, 4], [3], [5], [6]) : 0.8860575643
195 : ([1, 3], [2, 4], [5], [6]) : 0.8792827149
196 : ([1], [2, 4], [3], [5], [6]) : 0.8782704601
197 : ([1, 4], [2, 3], [5], [6]) : 0.9156646794
198 : ([1, 4], [2], [3], [5], [6]) : 0.8797145850
199 : ([1, 2, 3], [4], [5], [6]) : 0.9211705388
200 : ([1], [2, 3], [4], [5], [6]) : 0.9151074896
201 : ([1, 3], [2], [4], [5], [6]) : 0.8787474048
202 : ([1, 2], [3], [4], [5], [6]) : 0.8823214106
203 : ([1], [2], [3], [4], [5], [6]) : 0.8779208184
