=== Bootstrap seed: 23 ===
1 : ([1, 2, 3, 4, 5, 6],) : 0.9584208053
2 : ([1], [2, 3, 4, 5, 6]) : 0.9528063172
3 : ([1, 3, 4, 5, 6], [2]) : 0.9155477532
4 : ([1, 2], [3, 4, 5, 6]) : 0.9157233163
5 : ([1], [2], [3, 4, 5, 6]) : 0.9117975292
6 : ([1, 2, 4, 5, 6], [3]) : 0.9194286554
7 : ([1, 3], [2, 4, 5, 6]) : 0.9120752919
8 : ([1], [2, 4, 5, 6], [3]) : 0.9114339829
9 : ([1, 4, 5, 6], [2, 3]) : 0.9509626586
10 : ([1, 4, 5, 6], [2], [3]) : 0.9074290923
11 : ([1, 2, 3], [4, 5, 6]) : 0.9544171665
12 : ([1], [2, 3], [4, 5, 6]) : 0.9504936546
13 : ([1, 3], [2], [4, 5, 6]) : 0.9067847267
14 : ([1, 2], [3], [4, 5, 6]) : 0.9105275507
15 : ([1], [2], [3], [4, 5, 6]) : 0.9064827407
16 : ([1, 2, 3, 5, 6], [4]) : 0.9334602986
17 : ([1, 4], [2, 3, 5, 6]) : 0.9262312760
18 : ([1], [2, 3, 5, 6], [4]) : 0.9257933826
19 : ([1, 3, 5, 6], [2, 4]) : 0.8876741749
20 : ([1, 3, 5, 6], [2], [4]) : 0.8864412041
21 : ([1, 2, 4], [3, 5, 6]) : 0.8954258166
22 : ([1], [2, 4], [3, 5, 6]) : 0.8853966202
23 : ([1, 4], [2], [3, 5, 6]) : 0.8864463901
24 : ([1, 2], [3, 5, 6], [4]) : 0.8906094370
25 : ([1], [2], [3, 5, 6], [4]) : 0.8844000964
26 : ([1, 2, 5, 6], [3, 4]) : 0.8937898160
27 : ([1, 2, 5, 6], [3], [4]) : 0.8919360262
28 : ([1, 3, 4], [2, 5, 6]) : 0.8890519105
29 : ([1], [2, 5, 6], [3, 4]) : 0.8864788180
30 : ([1, 4], [2, 5, 6], [3]) : 0.8859990102
31 : ([1, 3], [2, 5, 6], [4]) : 0.8840389643
32 : ([1], [2, 5, 6], [3], [4]) : 0.8837711218
33 : ([1, 5, 6], [2, 3, 4]) : 0.9262353556
34 : ([1, 5, 6], [2], [3, 4]) : 0.8856502502
35 : ([1, 5, 6], [2, 4], [3]) : 0.8843197085
36 : ([1, 5, 6], [2, 3], [4]) : 0.9228323538
37 : ([1, 5, 6], [2], [3], [4]) : 0.8827007650
38 : ([1, 2, 3, 4], [5, 6]) : 0.9326316996
39 : ([1], [2, 3, 4], [5, 6]) : 0.9261473460
40 : ([1, 3, 4], [2], [5, 6]) : 0.8874835441
41 : ([1, 2], [3, 4], [5, 6]) : 0.8905080082
42 : ([1], [2], [3, 4], [5, 6]) : 0.8849689607
43 : ([1, 2, 4], [3], [5, 6]) : 0.8930726911
44 : ([1, 3], [2, 4], [5, 6]) : 0.8837200740
45 : ([1], [2, 4], [3], [5, 6]) : 0.8834015929
46 : ([1, 4], [2, 3], [5, 6]) : 0.9232538332
47 : ([1, 4], [2], [3], [5, 6]) : 0.8838995969
48 : ([1, 2, 3], [4], [5, 6]) : 0.9300827943
49 : ([1], [2, 3], [4], [5, 6]) : 0.9227463954
50 : ([1, 3], [2], [4], [5, 6]) : 0.8823151799
51 : ([1, 2], [3], [4], [5, 6]) : 0.8881699102
52 : ([1], [2], [3], [4], [5, 6]) : 0.8819665167
53 : ([1, 2, 3, 4, 6], [5]) : 0.9393026603
54 : ([1, 5], [2, 3, 4, 6]) : 0.9329631633
55 : ([1], [2, 3, 4, 6], [5]) : 0.9328469410
56 : ([1, 3, 4, 6], [2, 5]) : 0.8913333233
57 : ([1, 3, 4, 6], [2], [5]) : 0.8906923692
58 : ([1, 2, 5], [3, 4, 6]) : 0.8973153701
59 : ([1], [2, 5], [3, 4, 6]) : 0.8884912788
60 : ([1, 5], [2], [3, 4, 6]) : 0.8877902988
61 : ([1, 2], [3, 4, 6], [5]) : 0.8949920784
62 : ([1], [2], [3, 4, 6], [5]) : 0.8878404581
63 : ([1, 2, 4, 6], [3, 5]) : 0.9027807388
64 : ([1, 2, 4, 6], [3], [5]) : 0.9010048819
65 : ([1, 3, 5], [2, 4, 6]) : 0.8944528863
66 : ([1], [2, 4, 6], [3, 5]) : 0.8937049460
67 : ([1, 5], [2, 4, 6], [3]) : 0.8918277361
68 : ([1, 3], [2, 4, 6], [5]) : 0.8917680842
69 : ([1], [2, 4, 6], [3], [5]) : 0.8917393647
70 : ([1, 4, 6], [2, 3, 5]) : 0.9320307571
71 : ([1, 4, 6], [2], [3, 5]) : 0.8899075827
72 : ([1, 4, 6], [2, 5], [3]) : 0.8884082718
73 : ([1, 4, 6], [2, 3], [5]) : 0.9297243378
74 : ([1, 4, 6], [2], [3], [5]) : 0.8872655138
75 : ([1, 2, 3, 5], [4, 6]) : 0.9381135119
76 : ([1], [2, 3, 5], [4, 6]) : 0.9309604685
77 : ([1, 3, 5], [2], [4, 6]) : 0.8883058609
78 : ([1, 2], [3, 5], [4, 6]) : 0.8942668117
79 : ([1], [2], [3, 5], [4, 6]) : 0.8877138719
80 : ([1, 2, 5], [3], [4, 6]) : 0.8955548011
81 : ([1, 3], [2, 5], [4, 6]) : 0.8862842451
82 : ([1], [2, 5], [3], [4, 6]) : 0.8863564075
83 : ([1, 5], [2, 3], [4, 6]) : 0.9289166454
84 : ([1, 5], [2], [3], [4, 6]) : 0.8852291463
85 : ([1, 2, 3], [4, 6], [5]) : 0.9357034725
86 : ([1], [2, 3], [4, 6], [5]) : 0.9287524347
87 : ([1, 3], [2], [4, 6], [5]) : 0.8852971968
88 : ([1, 2], [3], [4, 6], [5]) : 0.8928199639
89 : ([1], [2], [3], [4, 6], [5]) : 0.8853485028
90 : ([1, 2, 3, 6], [4, 5]) : 0.9340829052
91 : ([1, 2, 3, 6], [4], [5]) : 0.9245790326
92 : ([1, 4, 5], [2, 3, 6]) : 0.9281077194
93 : ([1], [2, 3, 6], [4, 5]) : 0.9276396379
94 : ([1, 5], [2, 3, 6], [4]) : 0.9157048431
95 : ([1, 4], [2, 3, 6], [5]) : 0.9158525284
96 : ([1], [2, 3, 6], [4], [5]) : 0.9155882428
97 : ([1, 3, 6], [2, 4, 5]) : 0.8812954697
98 : ([1, 3, 6], [2], [4, 5]) : 0.8793971862
99 : ([1, 3, 6], [2, 5], [4]) : 0.8713964157
100 : ([1, 3, 6], [2, 4], [5]) : 0.8729359673
101 : ([1, 3, 6], [2], [4], [5]) : 0.8708272212
102 : ([1, 2, 4, 5], [3, 6]) : 0.8916598112
103 : ([1], [2, 4, 5], [3, 6]) : 0.8802707399
104 : ([1, 4, 5], [2], [3, 6]) : 0.8796078404
105 : ([1, 2], [3, 6], [4, 5]) : 0.8847191706
106 : ([1], [2], [3, 6], [4, 5]) : 0.8783850145
107 : ([1, 2, 5], [3, 6], [4]) : 0.8804636628
108 : ([1, 4], [2, 5], [3, 6]) : 0.8723274609
109 : ([1], [2, 5], [3, 6], [4]) : 0.8707192319
110 : ([1, 5], [2, 4], [3, 6]) : 0.8720525327
111 : ([1, 5], [2], [3, 6], [4]) : 0.8699968717
112 : ([1, 2, 4], [3, 6], [5]) : 0.8829222165
113 : ([1], [2, 4], [3, 6], [5]) : 0.8720705148
114 : ([1, 4], [2], [3, 6], [5]) : 0.8715673624
115 : ([1, 2], [3, 6], [4], [5]) : 0.8781987761
116 : ([1], [2], [3, 6], [4], [5]) : 0.8701129847
117 : ([1, 2, 6], [3, 4, 5]) : 0.8905599883
118 : ([1, 2, 6], [3], [4, 5]) : 0.8850383068
119 : ([1, 2, 6], [3, 5], [4]) : 0.8821305200
120 : ([1, 2, 6], [3, 4], [5]) : 0.8817777514
121 : ([1, 2, 6], [3], [4], [5]) : 0.8793838692
122 : ([1, 3, 4, 5], [2, 6]) : 0.8885218129
123 : ([1], [2, 6], [3, 4, 5]) : 0.8849866293
124 : ([1, 4, 5], [2, 6], [3]) : 0.8799965314
125 : ([1, 3], [2, 6], [4, 5]) : 0.8793370918
126 : ([1], [2, 6], [3], [4, 5]) : 0.8787419181
127 : ([1, 3, 5], [2, 6], [4]) : 0.8752629084
128 : ([1, 4], [2, 6], [3, 5]) : 0.8762583837
129 : ([1], [2, 6], [3, 5], [4]) : 0.8746804403
130 : ([1, 5], [2, 6], [3, 4]) : 0.8746366047
131 : ([1, 5], [2, 6], [3], [4]) : 0.8712373930
132 : ([1, 3, 4], [2, 6], [5]) : 0.8768208876
133 : ([1], [2, 6], [3, 4], [5]) : 0.8745914244
134 : ([1, 4], [2, 6], [3], [5]) : 0.8726688151
135 : ([1, 3], [2, 6], [4], [5]) : 0.8713980458
136 : ([1], [2, 6], [3], [4], [5]) : 0.8712155811
137 : ([1, 6], [2, 3, 4, 5]) : 0.9299896873
138 : ([1, 6], [2], [3, 4, 5]) : 0.8839775255
139 : ([1, 6], [2, 4, 5], [3]) : 0.8799916638
140 : ([1, 6], [2, 3], [4, 5]) : 0.9261982925
141 : ([1, 6], [2], [3], [4, 5]) : 0.8779489573
142 : ([1, 6], [2, 3, 5], [4]) : 0.9173829530
143 : ([1, 6], [2, 4], [3, 5]) : 0.8756661264
144 : ([1, 6], [2], [3, 5], [4]) : 0.8740271905
145 : ([1, 6], [2, 5], [3, 4]) : 0.8740624290
146 : ([1, 6], [2, 5], [3], [4]) : 0.8711669590
147 : ([1, 6], [2, 3, 4], [5]) : 0.9184730423
148 : ([1, 6], [2], [3, 4], [5]) : 0.8737662198
149 : ([1, 6], [2, 4], [3], [5]) : 0.8727459581
150 : ([1, 6], [2, 3], [4], [5]) : 0.9144348718
151 : ([1, 6], [2], [3], [4], [5]) : 0.8705931112
152 : ([1, 2, 3, 4, 5], [6]) : 0.9369371897
153 : ([1], [2, 3, 4, 5], [6]) : 0.9299847774
154 : ([1, 3, 4, 5], [2], [6]) : 0.8869263519
155 : ([1, 2], [3, 4, 5], [6]) : 0.8892635516
156 : ([1], [2], [3, 4, 5], [6]) : 0.8836662141
157 : ([1, 2, 4, 5], [3], [6]) : 0.8908184683
158 : ([1, 3], [2, 4, 5], [6]) : 0.8805184445
159 : ([1], [2, 4, 5], [3], [6]) : 0.8797133386
160 : ([1, 4, 5], [2, 3], [6]) : 0.9268497022
161 : ([1, 4, 5], [2], [3], [6]) : 0.8786044544
162 : ([1, 2, 3], [4, 5], [6]) : 0.9327785699
163 : ([1], [2, 3], [4, 5], [6]) : 0.9262451365
164 : ([1, 3], [2], [4, 5], [6]) : 0.8782841052
165 : ([1, 2], [3], [4, 5], [6]) : 0.8838555868
166 : ([1], [2], [3], [4, 5], [6]) : 0.8775951129
167 : ([1, 2, 3, 5], [4], [6]) : 0.9263427439
168 : ([1, 4], [2, 3, 5], [6]) : 0.9175819503
169 : ([1], [2, 3, 5], [4], [6]) : 0.9174661853
170 : ([1, 3, 5], [2, 4], [6]) : 0.8756184339
171 : ([1, 3, 5], [2], [4], [6]) : 0.8738032448
172 : ([1, 2, 4], [3, 5], [6]) : 0.8849847722
173 : ([1], [2, 4], [3, 5], [6]) : 0.8748979722
174 : ([1, 4], [2], [3, 5], [6]) : 0.8746689228
175 : ([1, 2], [3, 5], [4], [6]) : 0.8801862876
176 : ([1], [2], [3, 5], [4], [6]) : 0.8732281372
177 : ([1, 2, 5], [3, 4], [6]) : 0.8823670302
178 : ([1, 2, 5], [3], [4], [6]) : 0.8802496533
179 : ([1, 3, 4], [2, 5], [6]) : 0.8759824438
180 : ([1], [2, 5], [3, 4], [6]) : 0.8737903278
181 : ([1, 4], [2, 5], [3], [6]) : 0.8721683269
182 : ([1, 3], [2, 5], [4], [6]) : 0.8709703954
183 : ([1], [2, 5], [3], [4], [6]) : 0.8706711630
184 : ([1, 5], [2, 3, 4], [6]) : 0.9187768720
185 : ([1, 5], [2], [3, 4], [6]) : 0.8733556737
186 : ([1, 5], [2, 4], [3], [6]) : 0.8721242992
187 : ([1, 5], [2, 3], [4], [6]) : 0.9147498775
188 : ([1, 5], [2], [3], [4], [6]) : 0.8699348800
189 : ([1, 2, 3, 4], [5], [6]) : 0.9258085991
190 : ([1], [2, 3, 4], [5], [6]) : 0.9186037317
191 : ([1, 3, 4], [2], [5], [6]) : 0.8756387357
192 : ([1, 2], [3, 4], [5], [6]) : 0.8804725196
193 : ([1], [2], [3, 4], [5], [6]) : 0.8734695829
194 : ([1, 2, 4], [3], [5], [6]) : 0.8826668396
195 : ([1, 3], [2, 4], [5], [6]) : 0.8725177915
196 : ([1], [2, 4], [3], [5], [6]) : 0.8721687032
197 : ([1, 4], [2, 3], [5], [6]) : 0.9146917347
198 : ([1, 4], [2], [3], [5], [6]) : 0.8713859770
199 : ([1, 2, 3], [4], [5], [6]) : 0.9231231873
200 : ([1], [2, 3], [4], [5], [6]) : 0.9145147303
201 : ([1, 3], [2], [4], [5], [6]) : 0.8703240391
202 : ([1, 2], [3], [4], [5], [6]) : 0.8779054844
203 : ([1], [2], [3], [4], [5], [6]) : 0.8700486464
