=== Bootstrap seed: 68 ===
1 : ([1, 2, 3, 4, 5, 6],) : 0.9600404897
2 : ([1], [2, 3, 4, 5, 6]) : 0.9526001531
3 : ([1, 3, 4, 5, 6], [2]) : 0.9174861329
4 : ([1, 2], [3, 4, 5, 6]) : 0.9195419497
5 : ([1], [2], [3, 4, 5, 6]) : 0.9132388398
6 : ([1, 2, 4, 5, 6], [3]) : 0.9224624771
7 : ([1, 3], [2, 4, 5, 6]) : 0.9136867408
8 : ([1], [2, 4, 5, 6], [3]) : 0.9129377060
9 : ([1, 4, 5, 6], [2, 3]) : 0.9482550977
10 : ([1, 4, 5, 6], [2], [3]) : 0.9105502878
11 : ([1, 2, 3], [4, 5, 6]) : 0.9529297490
12 : ([1], [2, 3], [4, 5, 6]) : 0.9472287189
13 : ([1, 3], [2], [4, 5, 6]) : 0.9094280928
14 : ([1, 2], [3], [4, 5, 6]) : 0.9142763305
15 : ([1], [2], [3], [4, 5, 6]) : 0.9085187135
16 : ([1, 2, 3, 5, 6], [4]) : 0.9399459550
17 : ([1, 4], [2, 3, 5, 6]) : 0.9287297457
18 : ([1], [2, 3, 5, 6], [4]) : 0.9280555526
19 : ([1, 3, 5, 6], [2, 4]) : 0.8946092405
20 : ([1, 3, 5, 6], [2], [4]) : 0.8932572274
21 : ([1, 2, 4], [3, 5, 6]) : 0.9051413189
22 : ([1], [2, 4], [3, 5, 6]) : 0.8888697535
23 : ([1, 4], [2], [3, 5, 6]) : 0.8899010794
24 : ([1, 2], [3, 5, 6], [4]) : 0.8981226717
25 : ([1], [2], [3, 5, 6], [4]) : 0.8871688188
26 : ([1, 2, 5, 6], [3, 4]) : 0.8989372805
27 : ([1, 2, 5, 6], [3], [4]) : 0.8989703782
28 : ([1, 3, 4], [2, 5, 6]) : 0.8913373492
29 : ([1], [2, 5, 6], [3, 4]) : 0.8874369299
30 : ([1, 4], [2, 5, 6], [3]) : 0.8899303706
31 : ([1, 3], [2, 5, 6], [4]) : 0.8899544482
32 : ([1], [2, 5, 6], [3], [4]) : 0.8875780453
33 : ([1, 5, 6], [2, 3, 4]) : 0.9210628508
34 : ([1, 5, 6], [2], [3, 4]) : 0.8824324803
35 : ([1, 5, 6], [2, 4], [3]) : 0.8839512767
36 : ([1, 5, 6], [2, 3], [4]) : 0.9189836430
37 : ([1, 5, 6], [2], [3], [4]) : 0.8824972967
38 : ([1, 2, 3, 4], [5, 6]) : 0.9349734582
39 : ([1], [2, 3, 4], [5, 6]) : 0.9204301940
40 : ([1, 3, 4], [2], [5, 6]) : 0.8871113513
41 : ([1, 2], [3, 4], [5, 6]) : 0.8942041148
42 : ([1], [2], [3, 4], [5, 6]) : 0.8823602107
43 : ([1, 2, 4], [3], [5, 6]) : 0.9010065357
44 : ([1, 3], [2, 4], [5, 6]) : 0.8865284468
45 : ([1], [2, 4], [3], [5, 6]) : 0.8839445337
46 : ([1, 4], [2, 3], [5, 6]) : 0.9190763375
47 : ([1, 4], [2], [3], [5, 6]) : 0.8855994163
48 : ([1, 2, 3], [4], [5, 6]) : 0.9327034213
49 : ([1], [2, 3], [4], [5, 6]) : 0.9178870317
50 : ([1, 3], [2], [4], [5, 6]) : 0.8851476983
51 : ([1, 2], [3], [4], [5, 6]) : 0.8939264646
52 : ([1], [2], [3], [4], [5, 6]) : 0.8824119306
53 : ([1, 2, 3, 4, 6], [5]) : 0.9382811437
54 : ([1, 5], [2, 3, 4, 6]) : 0.9231981697
55 : ([1], [2, 3, 4, 6], [5]) : 0.9225911850
56 : ([1, 3, 4, 6], [2, 5]) : 0.8929589855
57 : ([1, 3, 4, 6], [2], [5]) : 0.8915403936
58 : ([1, 2, 5], [3, 4, 6]) : 0.9000189596
59 : ([1], [2, 5], [3, 4, 6]) : 0.8868395111
60 : ([1, 5], [2], [3, 4, 6]) : 0.8843780330
61 : ([1, 2], [3, 4, 6], [5]) : 0.8954057054
62 : ([1], [2], [3, 4, 6], [5]) : 0.8843593989
63 : ([1, 2, 4, 6], [3, 5]) : 0.9032691962
64 : ([1, 2, 4, 6], [3], [5]) : 0.9014850328
65 : ([1, 3, 5], [2, 4, 6]) : 0.8881414826
66 : ([1], [2, 4, 6], [3, 5]) : 0.8868006737
67 : ([1, 5], [2, 4, 6], [3]) : 0.8843832119
68 : ([1, 3], [2, 4, 6], [5]) : 0.8860006687
69 : ([1], [2, 4, 6], [3], [5]) : 0.8844359175
70 : ([1, 4, 6], [2, 3, 5]) : 0.9245518478
71 : ([1, 4, 6], [2], [3, 5]) : 0.8864627142
72 : ([1, 4, 6], [2, 5], [3]) : 0.8860239215
73 : ([1, 4, 6], [2, 3], [5]) : 0.9200005512
74 : ([1, 4, 6], [2], [3], [5]) : 0.8844889084
75 : ([1, 2, 3, 5], [4, 6]) : 0.9342941794
76 : ([1], [2, 3, 5], [4, 6]) : 0.9234917143
77 : ([1, 3, 5], [2], [4, 6]) : 0.8848380268
78 : ([1, 2], [3, 5], [4, 6]) : 0.8944192686
79 : ([1], [2], [3, 5], [4, 6]) : 0.8830302772
80 : ([1, 2, 5], [3], [4, 6]) : 0.8965801052
81 : ([1, 3], [2, 5], [4, 6]) : 0.8846029385
82 : ([1], [2, 5], [3], [4, 6]) : 0.8831520031
83 : ([1, 5], [2, 3], [4, 6]) : 0.9191156953
84 : ([1, 5], [2], [3], [4, 6]) : 0.8808590388
85 : ([1, 2, 3], [4, 6], [5]) : 0.9322198109
86 : ([1], [2, 3], [4, 6], [5]) : 0.9183033203
87 : ([1, 3], [2], [4, 6], [5]) : 0.8825882932
88 : ([1, 2], [3], [4, 6], [5]) : 0.8922292739
89 : ([1], [2], [3], [4, 6], [5]) : 0.8808301059
90 : ([1, 2, 3, 6], [4, 5]) : 0.9415717765
91 : ([1, 2, 3, 6], [4], [5]) : 0.9315639226
92 : ([1, 4, 5], [2, 3, 6]) : 0.9302340550
93 : ([1], [2, 3, 6], [4, 5]) : 0.9289870495
94 : ([1, 5], [2, 3, 6], [4]) : 0.9125176573
95 : ([1, 4], [2, 3, 6], [5]) : 0.9135350145
96 : ([1], [2, 3, 6], [4], [5]) : 0.9118959553
97 : ([1, 3, 6], [2, 4, 5]) : 0.8961544465
98 : ([1, 3, 6], [2], [4, 5]) : 0.8925845614
99 : ([1, 3, 6], [2, 5], [4]) : 0.8827745850
100 : ([1, 3, 6], [2, 4], [5]) : 0.8827380064
101 : ([1, 3, 6], [2], [4], [5]) : 0.8809114799
102 : ([1, 2, 4, 5], [3, 6]) : 0.9073411913
103 : ([1], [2, 4, 5], [3, 6]) : 0.8920505717
104 : ([1, 4, 5], [2], [3, 6]) : 0.8898318216
105 : ([1, 2], [3, 6], [4, 5]) : 0.8962581038
106 : ([1], [2], [3, 6], [4, 5]) : 0.8871883402
107 : ([1, 2, 5], [3, 6], [4]) : 0.8923012092
108 : ([1, 4], [2, 5], [3, 6]) : 0.8793909574
109 : ([1], [2, 5], [3, 6], [4]) : 0.8768075962
110 : ([1, 5], [2, 4], [3, 6]) : 0.8766743429
111 : ([1, 5], [2], [3, 6], [4]) : 0.8743693426
112 : ([1, 2, 4], [3, 6], [5]) : 0.8969758316
113 : ([1], [2, 4], [3, 6], [5]) : 0.8767178739
114 : ([1, 4], [2], [3, 6], [5]) : 0.8775276735
115 : ([1, 2], [3, 6], [4], [5]) : 0.8879200604
116 : ([1], [2], [3, 6], [4], [5]) : 0.8744198339
117 : ([1, 2, 6], [3, 4, 5]) : 0.9002927647
118 : ([1, 2, 6], [3], [4, 5]) : 0.8954759334
119 : ([1, 2, 6], [3, 5], [4]) : 0.8892325107
120 : ([1, 2, 6], [3, 4], [5]) : 0.8869420525
121 : ([1, 2, 6], [3], [4], [5]) : 0.8867341514
122 : ([1, 3, 4, 5], [2, 6]) : 0.8925093156
123 : ([1], [2, 6], [3, 4, 5]) : 0.8897319136
124 : ([1, 4, 5], [2, 6], [3]) : 0.8880758980
125 : ([1, 3], [2, 6], [4, 5]) : 0.8875020466
126 : ([1], [2, 6], [3], [4, 5]) : 0.8858149492
127 : ([1, 3, 5], [2, 6], [4]) : 0.8773838833
128 : ([1, 4], [2, 6], [3, 5]) : 0.8776758550
129 : ([1], [2, 6], [3, 5], [4]) : 0.8751642456
130 : ([1, 5], [2, 6], [3, 4]) : 0.8727566151
131 : ([1, 5], [2, 6], [3], [4]) : 0.8727891954
132 : ([1, 3, 4], [2, 6], [5]) : 0.8774809308
133 : ([1], [2, 6], [3, 4], [5]) : 0.8728355472
134 : ([1, 4], [2, 6], [3], [5]) : 0.8756708683
135 : ([1, 3], [2, 6], [4], [5]) : 0.8750532196
136 : ([1], [2, 6], [3], [4], [5]) : 0.8728722371
137 : ([1, 6], [2, 3, 4, 5]) : 0.9341072718
138 : ([1, 6], [2], [3, 4, 5]) : 0.8888499649
139 : ([1, 6], [2, 4, 5], [3]) : 0.8888609349
140 : ([1, 6], [2, 3], [4, 5]) : 0.9270772811
141 : ([1, 6], [2], [3], [4, 5]) : 0.8847109504
142 : ([1, 6], [2, 3, 5], [4]) : 0.9161757913
143 : ([1, 6], [2, 4], [3, 5]) : 0.8759602245
144 : ([1, 6], [2], [3, 5], [4]) : 0.8739731537
145 : ([1, 6], [2, 5], [3, 4]) : 0.8737303101
146 : ([1, 6], [2, 5], [3], [4]) : 0.8737161729
147 : ([1, 6], [2, 3, 4], [5]) : 0.9115566835
148 : ([1, 6], [2], [3, 4], [5]) : 0.8716107856
149 : ([1, 6], [2, 4], [3], [5]) : 0.8734998576
150 : ([1, 6], [2, 3], [4], [5]) : 0.9093212758
151 : ([1, 6], [2], [3], [4], [5]) : 0.8716016627
152 : ([1, 2, 3, 4, 5], [6]) : 0.9420234682
153 : ([1], [2, 3, 4, 5], [6]) : 0.9337901479
154 : ([1, 3, 4, 5], [2], [6]) : 0.8916646142
155 : ([1, 2], [3, 4, 5], [6]) : 0.8982249904
156 : ([1], [2], [3, 4, 5], [6]) : 0.8885062805
157 : ([1, 2, 4, 5], [3], [6]) : 0.9045860779
158 : ([1, 3], [2, 4, 5], [6]) : 0.8902138201
159 : ([1], [2, 4, 5], [3], [6]) : 0.8888696732
160 : ([1, 4, 5], [2, 3], [6]) : 0.9276732188
161 : ([1, 4, 5], [2], [3], [6]) : 0.8871128212
162 : ([1, 2, 3], [4, 5], [6]) : 0.9372049771
163 : ([1], [2, 3], [4, 5], [6]) : 0.9267182330
164 : ([1, 3], [2], [4, 5], [6]) : 0.8863569393
165 : ([1, 2], [3], [4, 5], [6]) : 0.8937992917
166 : ([1], [2], [3], [4, 5], [6]) : 0.8844993326
167 : ([1, 2, 3, 5], [4], [6]) : 0.9290793902
168 : ([1, 4], [2, 3, 5], [6]) : 0.9166138693
169 : ([1], [2, 3, 5], [4], [6]) : 0.9158010134
170 : ([1, 3, 5], [2, 4], [6]) : 0.8780929414
171 : ([1, 3, 5], [2], [4], [6]) : 0.8762808069
172 : ([1, 2, 4], [3, 5], [6]) : 0.8950640467
173 : ([1], [2, 4], [3, 5], [6]) : 0.8758625658
174 : ([1, 4], [2], [3, 5], [6]) : 0.8764465551
175 : ([1, 2], [3, 5], [4], [6]) : 0.8873512249
176 : ([1], [2], [3, 5], [4], [6]) : 0.8736647667
177 : ([1, 2, 5], [3, 4], [6]) : 0.8895801813
178 : ([1, 2, 5], [3], [4], [6]) : 0.8894088533
179 : ([1, 3, 4], [2, 5], [6]) : 0.8780165004
180 : ([1], [2, 5], [3, 4], [6]) : 0.8736094265
181 : ([1, 4], [2, 5], [3], [6]) : 0.8762110298
182 : ([1, 3], [2, 5], [4], [6]) : 0.8758358690
183 : ([1], [2, 5], [3], [4], [6]) : 0.8735946639
184 : ([1, 5], [2, 3, 4], [6]) : 0.9115689870
185 : ([1, 5], [2], [3, 4], [6]) : 0.8713388376
186 : ([1, 5], [2, 4], [3], [6]) : 0.8734099769
187 : ([1, 5], [2, 3], [4], [6]) : 0.9094958908
188 : ([1, 5], [2], [3], [4], [6]) : 0.8713246793
189 : ([1, 2, 3, 4], [5], [6]) : 0.9287996445
190 : ([1], [2, 3, 4], [5], [6]) : 0.9112080201
191 : ([1, 3, 4], [2], [5], [6]) : 0.8763443779
192 : ([1, 2], [3, 4], [5], [6]) : 0.8857341681
193 : ([1], [2], [3, 4], [5], [6]) : 0.8713951069
194 : ([1, 2, 4], [3], [5], [6]) : 0.8937133556
195 : ([1, 3], [2, 4], [5], [6]) : 0.8757034522
196 : ([1], [2, 4], [3], [5], [6]) : 0.8734532929
197 : ([1, 4], [2, 3], [5], [6]) : 0.9102747951
198 : ([1, 4], [2], [3], [5], [6]) : 0.8744662859
199 : ([1, 2, 3], [4], [5], [6]) : 0.9265320880
200 : ([1], [2, 3], [4], [5], [6]) : 0.9088561389
201 : ([1, 3], [2], [4], [5], [6]) : 0.8738036965
202 : ([1, 2], [3], [4], [5], [6]) : 0.8853012125
203 : ([1], [2], [3], [4], [5], [6]) : 0.8713712403
