=== Bootstrap seed: 53 ===
1 : ([1, 2, 3, 4, 5, 6],) : 0.9684398945
2 : ([1], [2, 3, 4, 5, 6]) : 0.9607438084
3 : ([1, 3, 4, 5, 6], [2]) : 0.9349372821
4 : ([1, 2], [3, 4, 5, 6]) : 0.9274501642
5 : ([1], [2], [3, 4, 5, 6]) : 0.9258239531
6 : ([1, 2, 4, 5, 6], [3]) : 0.9319612852
7 : ([1, 3], [2, 4, 5, 6]) : 0.9253141445
8 : ([1], [2, 4, 5, 6], [3]) : 0.9239436302
9 : ([1, 4, 5, 6], [2, 3]) : 0.9611938498
10 : ([1, 4, 5, 6], [2], [3]) : 0.9265557536
11 : ([1, 2, 3], [4, 5, 6]) : 0.9624323931
12 : ([1], [2, 3], [4, 5, 6]) : 0.9598815420
13 : ([1, 3], [2], [4, 5, 6]) : 0.9230648776
14 : ([1, 2], [3], [4, 5, 6]) : 0.9232503008
15 : ([1], [2], [3], [4, 5, 6]) : 0.9215207935
16 : ([1, 2, 3, 5, 6], [4]) : 0.9414195156
17 : ([1, 4], [2, 3, 5, 6]) : 0.9344872340
18 : ([1], [2, 3, 5, 6], [4]) : 0.9327456496
19 : ([1, 3, 5, 6], [2, 4]) : 0.8986132553
20 : ([1, 3, 5, 6], [2], [4]) : 0.8971109732
21 : ([1, 2, 4], [3, 5, 6]) : 0.9027316780
22 : ([1], [2, 4], [3, 5, 6]) : 0.8910216954
23 : ([1, 4], [2], [3, 5, 6]) : 0.8968780230
24 : ([1, 2], [3, 5, 6], [4]) : 0.8947646607
25 : ([1], [2], [3, 5, 6], [4]) : 0.8900087717
26 : ([1, 2, 5, 6], [3, 4]) : 0.8983721731
27 : ([1, 2, 5, 6], [3], [4]) : 0.8971835703
28 : ([1, 3, 4], [2, 5, 6]) : 0.8993229671
29 : ([1], [2, 5, 6], [3, 4]) : 0.8928805421
30 : ([1, 4], [2, 5, 6], [3]) : 0.8962484090
31 : ([1, 3], [2, 5, 6], [4]) : 0.8931318004
32 : ([1], [2, 5, 6], [3], [4]) : 0.8912696763
33 : ([1, 5, 6], [2, 3, 4]) : 0.9340965253
34 : ([1, 5, 6], [2], [3, 4]) : 0.8881483948
35 : ([1, 5, 6], [2, 4], [3]) : 0.8874338740
36 : ([1, 5, 6], [2, 3], [4]) : 0.9300394823
37 : ([1, 5, 6], [2], [3], [4]) : 0.8864336114
38 : ([1, 2, 3, 4], [5, 6]) : 0.9384331638
39 : ([1], [2, 3, 4], [5, 6]) : 0.9329150902
40 : ([1, 3, 4], [2], [5, 6]) : 0.8956875082
41 : ([1, 2], [3, 4], [5, 6]) : 0.8917912560
42 : ([1], [2], [3, 4], [5, 6]) : 0.8877251561
43 : ([1, 2, 4], [3], [5, 6]) : 0.8983875881
44 : ([1, 3], [2, 4], [5, 6]) : 0.8897892000
45 : ([1], [2, 4], [3], [5, 6]) : 0.8867160469
46 : ([1, 4], [2, 3], [5, 6]) : 0.9301373636
47 : ([1, 4], [2], [3], [5, 6]) : 0.8920283531
48 : ([1, 2, 3], [4], [5, 6]) : 0.9339444811
49 : ([1], [2, 3], [4], [5, 6]) : 0.9284221826
50 : ([1, 3], [2], [4], [5, 6]) : 0.8880437102
51 : ([1, 2], [3], [4], [5, 6]) : 0.8902121418
52 : ([1], [2], [3], [4], [5, 6]) : 0.8857652044
53 : ([1, 2, 3, 4, 6], [5]) : 0.9442101346
54 : ([1, 5], [2, 3, 4, 6]) : 0.9399189338
55 : ([1], [2, 3, 4, 6], [5]) : 0.9394555116
56 : ([1, 3, 4, 6], [2, 5]) : 0.9066058088
57 : ([1, 3, 4, 6], [2], [5]) : 0.9058550246
58 : ([1, 2, 5], [3, 4, 6]) : 0.9047902320
59 : ([1], [2, 5], [3, 4, 6]) : 0.8987115302
60 : ([1, 5], [2], [3, 4, 6]) : 0.8971507570
61 : ([1, 2], [3, 4, 6], [5]) : 0.9022302184
62 : ([1], [2], [3, 4, 6], [5]) : 0.8972437393
63 : ([1, 2, 4, 6], [3, 5]) : 0.9086261062
64 : ([1, 2, 4, 6], [3], [5]) : 0.9069614959
65 : ([1, 3, 5], [2, 4, 6]) : 0.8983482485
66 : ([1], [2, 4, 6], [3, 5]) : 0.8977389621
67 : ([1, 5], [2, 4, 6], [3]) : 0.8961480538
68 : ([1, 3], [2, 4, 6], [5]) : 0.8970425885
69 : ([1], [2, 4, 6], [3], [5]) : 0.8962888446
70 : ([1, 4, 6], [2, 3, 5]) : 0.9386033744
71 : ([1, 4, 6], [2], [3, 5]) : 0.9010205449
72 : ([1, 4, 6], [2, 5], [3]) : 0.8993562080
73 : ([1, 4, 6], [2, 3], [5]) : 0.9358631383
74 : ([1, 4, 6], [2], [3], [5]) : 0.8980615687
75 : ([1, 2, 3, 5], [4, 6]) : 0.9423108925
76 : ([1], [2, 3, 5], [4, 6]) : 0.9367211274
77 : ([1, 3, 5], [2], [4, 6]) : 0.8952696231
78 : ([1, 2], [3, 5], [4, 6]) : 0.8986972621
79 : ([1], [2], [3, 5], [4, 6]) : 0.8943843790
80 : ([1, 2, 5], [3], [4, 6]) : 0.8999445841
81 : ([1, 3], [2, 5], [4, 6]) : 0.8946344525
82 : ([1], [2, 5], [3], [4, 6]) : 0.8941061955
83 : ([1, 5], [2, 3], [4, 6]) : 0.9351803340
84 : ([1, 5], [2], [3], [4, 6]) : 0.8923907263
85 : ([1, 2, 3], [4, 6], [5]) : 0.9381731639
86 : ([1], [2, 3], [4, 6], [5]) : 0.9343012834
87 : ([1, 3], [2], [4, 6], [5]) : 0.8931162312
88 : ([1, 2], [3], [4, 6], [5]) : 0.8973773432
89 : ([1], [2], [3], [4, 6], [5]) : 0.8924507431
90 : ([1, 2, 3, 6], [4, 5]) : 0.9427542942
91 : ([1, 2, 3, 6], [4], [5]) : 0.9271142613
92 : ([1, 4, 5], [2, 3, 6]) : 0.9392961911
93 : ([1], [2, 3, 6], [4, 5]) : 0.9373481480
94 : ([1, 5], [2, 3, 6], [4]) : 0.9215999372
95 : ([1, 4], [2, 3, 6], [5]) : 0.9230804968
96 : ([1], [2, 3, 6], [4], [5]) : 0.9213660384
97 : ([1, 3, 6], [2, 4, 5]) : 0.9046700604
98 : ([1, 3, 6], [2], [4, 5]) : 0.9019798798
99 : ([1, 3, 6], [2, 5], [4]) : 0.8844642866
100 : ([1, 3, 6], [2, 4], [5]) : 0.8845684380
101 : ([1, 3, 6], [2], [4], [5]) : 0.8831186033
102 : ([1, 2, 4, 5], [3, 6]) : 0.9105476607
103 : ([1], [2, 4, 5], [3, 6]) : 0.8988904723
104 : ([1, 4, 5], [2], [3, 6]) : 0.9028161326
105 : ([1, 2], [3, 6], [4, 5]) : 0.8976221123
106 : ([1], [2], [3, 6], [4, 5]) : 0.8951751798
107 : ([1, 2, 5], [3, 6], [4]) : 0.8879803222
108 : ([1, 4], [2, 5], [3, 6]) : 0.8850839755
109 : ([1], [2, 5], [3, 6], [4]) : 0.8801539753
110 : ([1, 5], [2, 4], [3, 6]) : 0.8790515637
111 : ([1, 5], [2], [3, 6], [4]) : 0.8781424367
112 : ([1, 2, 4], [3, 6], [5]) : 0.8909671841
113 : ([1], [2, 4], [3, 6], [5]) : 0.8788424566
114 : ([1, 4], [2], [3, 6], [5]) : 0.8834016052
115 : ([1, 2], [3, 6], [4], [5]) : 0.8834782913
116 : ([1], [2], [3, 6], [4], [5]) : 0.8778861646
117 : ([1, 2, 6], [3, 4, 5]) : 0.9003839413
118 : ([1, 2, 6], [3], [4, 5]) : 0.8979736505
119 : ([1, 2, 6], [3, 5], [4]) : 0.8856492931
120 : ([1, 2, 6], [3, 4], [5]) : 0.8867583263
121 : ([1, 2, 6], [3], [4], [5]) : 0.8840364204
122 : ([1, 3, 4, 5], [2, 6]) : 0.9057953531
123 : ([1], [2, 6], [3, 4, 5]) : 0.8976463470
124 : ([1, 4, 5], [2, 6], [3]) : 0.9016632780
125 : ([1, 3], [2, 6], [4, 5]) : 0.8969530291
126 : ([1], [2, 6], [3], [4, 5]) : 0.8947832784
127 : ([1, 3, 5], [2, 6], [4]) : 0.8833305244
128 : ([1, 4], [2, 6], [3, 5]) : 0.8870483463
129 : ([1], [2, 6], [3, 5], [4]) : 0.8812181266
130 : ([1, 5], [2, 6], [3, 4]) : 0.8828127089
131 : ([1, 5], [2, 6], [3], [4]) : 0.8796354587
132 : ([1, 3, 4], [2, 6], [5]) : 0.8890867007
133 : ([1], [2, 6], [3, 4], [5]) : 0.8825331119
134 : ([1, 4], [2, 6], [3], [5]) : 0.8844185631
135 : ([1, 3], [2, 6], [4], [5]) : 0.8813230016
136 : ([1], [2, 6], [3], [4], [5]) : 0.8793599199
137 : ([1, 6], [2, 3, 4, 5]) : 0.9429584311
138 : ([1, 6], [2], [3, 4, 5]) : 0.8960742124
139 : ([1, 6], [2, 4, 5], [3]) : 0.8967383663
140 : ([1, 6], [2, 3], [4, 5]) : 0.9365776970
141 : ([1, 6], [2], [3], [4, 5]) : 0.8931850369
142 : ([1, 6], [2, 3, 5], [4]) : 0.9241385292
143 : ([1, 6], [2, 4], [3, 5]) : 0.8792192613
144 : ([1, 6], [2], [3, 5], [4]) : 0.8785321528
145 : ([1, 6], [2, 5], [3, 4]) : 0.8817590345
146 : ([1, 6], [2, 5], [3], [4]) : 0.8789304719
147 : ([1, 6], [2, 3, 4], [5]) : 0.9263608822
148 : ([1, 6], [2], [3, 4], [5]) : 0.8796475070
149 : ([1, 6], [2, 4], [3], [5]) : 0.8773424262
150 : ([1, 6], [2, 3], [4], [5]) : 0.9204134515
151 : ([1, 6], [2], [3], [4], [5]) : 0.8765375691
152 : ([1, 2, 3, 4, 5], [6]) : 0.9500266407
153 : ([1], [2, 3, 4, 5], [6]) : 0.9427897104
154 : ([1, 3, 4, 5], [2], [6]) : 0.9046899763
155 : ([1, 2], [3, 4, 5], [6]) : 0.8977865427
156 : ([1], [2], [3, 4, 5], [6]) : 0.8959803130
157 : ([1, 2, 4, 5], [3], [6]) : 0.9083603770
158 : ([1, 3], [2, 4, 5], [6]) : 0.8985279563
159 : ([1], [2, 4, 5], [3], [6]) : 0.8965154177
160 : ([1, 4, 5], [2, 3], [6]) : 0.9382383490
161 : ([1, 4, 5], [2], [3], [6]) : 0.9003892734
162 : ([1, 2, 3], [4, 5], [6]) : 0.9404422408
163 : ([1], [2, 3], [4, 5], [6]) : 0.9362130807
164 : ([1, 3], [2], [4, 5], [6]) : 0.8951557544
165 : ([1, 2], [3], [4, 5], [6]) : 0.8950333528
166 : ([1], [2], [3], [4, 5], [6]) : 0.8929416603
167 : ([1, 2, 3, 5], [4], [6]) : 0.9315241950
168 : ([1, 4], [2, 3, 5], [6]) : 0.9255913836
169 : ([1], [2, 3, 5], [4], [6]) : 0.9239075944
170 : ([1, 3, 5], [2, 4], [6]) : 0.8811446617
171 : ([1, 3, 5], [2], [4], [6]) : 0.8804523520
172 : ([1, 2, 4], [3, 5], [6]) : 0.8910697214
173 : ([1], [2, 4], [3, 5], [6]) : 0.8790044316
174 : ([1, 4], [2], [3, 5], [6]) : 0.8847123282
175 : ([1, 2], [3, 5], [4], [6]) : 0.8831717016
176 : ([1], [2], [3, 5], [4], [6]) : 0.8783883240
177 : ([1, 2, 5], [3, 4], [6]) : 0.8888550175
178 : ([1, 2, 5], [3], [4], [6]) : 0.8861762312
179 : ([1, 3, 4], [2, 5], [6]) : 0.8879037610
180 : ([1], [2, 5], [3, 4], [6]) : 0.8818861447
181 : ([1, 4], [2, 5], [3], [6]) : 0.8837793863
182 : ([1, 3], [2, 5], [4], [6]) : 0.8803245359
183 : ([1], [2, 5], [3], [4], [6]) : 0.8788404400
184 : ([1, 5], [2, 3, 4], [6]) : 0.9264062153
185 : ([1, 5], [2], [3, 4], [6]) : 0.8800037028
186 : ([1, 5], [2, 4], [3], [6]) : 0.8773462915
187 : ([1, 5], [2, 3], [4], [6]) : 0.9204682122
188 : ([1, 5], [2], [3], [4], [6]) : 0.8766875625
189 : ([1, 2, 3, 4], [5], [6]) : 0.9313166380
190 : ([1], [2, 3, 4], [5], [6]) : 0.9261979676
191 : ([1, 3, 4], [2], [5], [6]) : 0.8867105864
192 : ([1, 2], [3, 4], [5], [6]) : 0.8845268462
193 : ([1], [2], [3, 4], [5], [6]) : 0.8797793396
194 : ([1, 2, 4], [3], [5], [6]) : 0.8893985869
195 : ([1, 3], [2, 4], [5], [6]) : 0.8795563178
196 : ([1], [2, 4], [3], [5], [6]) : 0.8771932410
197 : ([1, 4], [2, 3], [5], [6]) : 0.9217645934
198 : ([1, 4], [2], [3], [5], [6]) : 0.8820142343
199 : ([1, 2, 3], [4], [5], [6]) : 0.9254603274
200 : ([1], [2, 3], [4], [5], [6]) : 0.9201686173
201 : ([1, 3], [2], [4], [5], [6]) : 0.8783408807
202 : ([1, 2], [3], [4], [5], [6]) : 0.8816314380
203 : ([1], [2], [3], [4], [5], [6]) : 0.8764634200
