=== Bootstrap seed: 25 ===
1 : ([1, 2, 3, 4, 5, 6],) : 0.9686567014
2 : ([1], [2, 3, 4, 5, 6]) : 0.9623912384
3 : ([1, 3, 4, 5, 6], [2]) : 0.9322055386
4 : ([1, 2], [3, 4, 5, 6]) : 0.9315310845
5 : ([1], [2], [3, 4, 5, 6]) : 0.9284771085
6 : ([1, 2, 4, 5, 6], [3]) : 0.9380254310
7 : ([1, 3], [2, 4, 5, 6]) : 0.9298280381
8 : ([1], [2, 4, 5, 6], [3]) : 0.9294714394
9 : ([1, 4, 5, 6], [2, 3]) : 0.9600583041
10 : ([1, 4, 5, 6], [2], [3]) : 0.9282418664
11 : ([1, 2, 3], [4, 5, 6]) : 0.9615195468
12 : ([1], [2, 3], [4, 5, 6]) : 0.9590212917
13 : ([1, 3], [2], [4, 5, 6]) : 0.9260247623
14 : ([1, 2], [3], [4, 5, 6]) : 0.9291034491
15 : ([1], [2], [3], [4, 5, 6]) : 0.9256360133
16 : ([1, 2, 3, 5, 6], [4]) : 0.9473059704
17 : ([1, 4], [2, 3, 5, 6]) : 0.9401410935
18 : ([1], [2, 3, 5, 6], [4]) : 0.9381241535
19 : ([1, 3, 5, 6], [2, 4]) : 0.9020331111
20 : ([1, 3, 5, 6], [2], [4]) : 0.9009311772
21 : ([1, 2, 4], [3, 5, 6]) : 0.9111843311
22 : ([1], [2, 4], [3, 5, 6]) : 0.9004245728
23 : ([1, 4], [2], [3, 5, 6]) : 0.9046866017
24 : ([1, 2], [3, 5, 6], [4]) : 0.9035852224
25 : ([1], [2], [3, 5, 6], [4]) : 0.8986194587
26 : ([1, 2, 5, 6], [3, 4]) : 0.9102599738
27 : ([1, 2, 5, 6], [3], [4]) : 0.9096285084
28 : ([1, 3, 4], [2, 5, 6]) : 0.9102822801
29 : ([1], [2, 5, 6], [3, 4]) : 0.9033946440
30 : ([1, 4], [2, 5, 6], [3]) : 0.9081371091
31 : ([1, 3], [2, 5, 6], [4]) : 0.9034266225
32 : ([1], [2, 5, 6], [3], [4]) : 0.9026163257
33 : ([1, 5, 6], [2, 3, 4]) : 0.9373227269
34 : ([1, 5, 6], [2], [3, 4]) : 0.8985101284
35 : ([1, 5, 6], [2, 4], [3]) : 0.8987566897
36 : ([1, 5, 6], [2, 3], [4]) : 0.9347313283
37 : ([1, 5, 6], [2], [3], [4]) : 0.8973989981
38 : ([1, 2, 3, 4], [5, 6]) : 0.9437651541
39 : ([1], [2, 3, 4], [5, 6]) : 0.9368148635
40 : ([1, 3, 4], [2], [5, 6]) : 0.9049579025
41 : ([1, 2], [3, 4], [5, 6]) : 0.9037540779
42 : ([1], [2], [3, 4], [5, 6]) : 0.8982600666
43 : ([1, 2, 4], [3], [5, 6]) : 0.9096705637
44 : ([1, 3], [2, 4], [5, 6]) : 0.8994623423
45 : ([1], [2, 4], [3], [5, 6]) : 0.8987079221
46 : ([1, 4], [2, 3], [5, 6]) : 0.9358936711
47 : ([1, 4], [2], [3], [5, 6]) : 0.9023768059
48 : ([1, 2, 3], [4], [5, 6]) : 0.9397830512
49 : ([1], [2, 3], [4], [5, 6]) : 0.9340436815
50 : ([1, 3], [2], [4], [5, 6]) : 0.8978810075
51 : ([1, 2], [3], [4], [5, 6]) : 0.9025868657
52 : ([1], [2], [3], [4], [5, 6]) : 0.8970162087
53 : ([1, 2, 3, 4, 6], [5]) : 0.9441644620
54 : ([1, 5], [2, 3, 4, 6]) : 0.9386726573
55 : ([1], [2, 3, 4, 6], [5]) : 0.9383135990
56 : ([1, 3, 4, 6], [2, 5]) : 0.9060072529
57 : ([1, 3, 4, 6], [2], [5]) : 0.9028795438
58 : ([1, 2, 5], [3, 4, 6]) : 0.9079954340
59 : ([1], [2, 5], [3, 4, 6]) : 0.9013783990
60 : ([1, 5], [2], [3, 4, 6]) : 0.8982157608
61 : ([1, 2], [3, 4, 6], [5]) : 0.9042419264
62 : ([1], [2], [3, 4, 6], [5]) : 0.8974033277
63 : ([1, 2, 4, 6], [3, 5]) : 0.9100386531
64 : ([1, 2, 4, 6], [3], [5]) : 0.9097049378
65 : ([1, 3, 5], [2, 4, 6]) : 0.8998700316
66 : ([1], [2, 4, 6], [3, 5]) : 0.8986932270
67 : ([1, 5], [2, 4, 6], [3]) : 0.8986911989
68 : ([1, 3], [2, 4, 6], [5]) : 0.8990935517
69 : ([1], [2, 4, 6], [3], [5]) : 0.8983636260
70 : ([1, 4, 6], [2, 3, 5]) : 0.9361835214
71 : ([1, 4, 6], [2], [3, 5]) : 0.8970437822
72 : ([1, 4, 6], [2, 5], [3]) : 0.9001018315
73 : ([1, 4, 6], [2, 3], [5]) : 0.9334072069
74 : ([1, 4, 6], [2], [3], [5]) : 0.8965555749
75 : ([1, 2, 3, 5], [4, 6]) : 0.9409874255
76 : ([1], [2, 3, 5], [4, 6]) : 0.9356787914
77 : ([1, 3, 5], [2], [4, 6]) : 0.8944361685
78 : ([1, 2], [3, 5], [4, 6]) : 0.8999966264
79 : ([1], [2], [3, 5], [4, 6]) : 0.8926938992
80 : ([1, 2, 5], [3], [4, 6]) : 0.9035006385
81 : ([1, 3], [2, 5], [4, 6]) : 0.8973650561
82 : ([1], [2, 5], [3], [4, 6]) : 0.8966506825
83 : ([1, 5], [2, 3], [4, 6]) : 0.9333278977
84 : ([1, 5], [2], [3], [4, 6]) : 0.8931046686
85 : ([1, 2, 3], [4, 6], [5]) : 0.9386134743
86 : ([1], [2, 3], [4, 6], [5]) : 0.9327463128
87 : ([1, 3], [2], [4, 6], [5]) : 0.8932806167
88 : ([1, 2], [3], [4, 6], [5]) : 0.8998614646
89 : ([1], [2], [3], [4, 6], [5]) : 0.8924264195
90 : ([1, 2, 3, 6], [4, 5]) : 0.9413417194
91 : ([1, 2, 3, 6], [4], [5]) : 0.9334570806
92 : ([1, 4, 5], [2, 3, 6]) : 0.9384928568
93 : ([1], [2, 3, 6], [4, 5]) : 0.9360732967
94 : ([1, 5], [2, 3, 6], [4]) : 0.9258464216
95 : ([1, 4], [2, 3, 6], [5]) : 0.9273180925
96 : ([1], [2, 3, 6], [4], [5]) : 0.9254333314
97 : ([1, 3, 6], [2, 4, 5]) : 0.9022942682
98 : ([1, 3, 6], [2], [4, 5]) : 0.8982163816
99 : ([1, 3, 6], [2, 5], [4]) : 0.8900033188
100 : ([1, 3, 6], [2, 4], [5]) : 0.8872471112
101 : ([1, 3, 6], [2], [4], [5]) : 0.8857935331
102 : ([1, 2, 4, 5], [3, 6]) : 0.9122413626
103 : ([1], [2, 4, 5], [3, 6]) : 0.9014712658
104 : ([1, 4, 5], [2], [3, 6]) : 0.9027753635
105 : ([1, 2], [3, 6], [4, 5]) : 0.8999017157
106 : ([1], [2], [3, 6], [4, 5]) : 0.8968477147
107 : ([1, 2, 5], [3, 6], [4]) : 0.8952454476
108 : ([1, 4], [2, 5], [3, 6]) : 0.8934145562
109 : ([1], [2, 5], [3, 6], [4]) : 0.8887276285
110 : ([1, 5], [2, 4], [3, 6]) : 0.8857589732
111 : ([1, 5], [2], [3, 6], [4]) : 0.8844143728
112 : ([1, 2, 4], [3, 6], [5]) : 0.8968826899
113 : ([1], [2, 4], [3, 6], [5]) : 0.8855706984
114 : ([1, 4], [2], [3, 6], [5]) : 0.8892665665
115 : ([1, 2], [3, 6], [4], [5]) : 0.8898272004
116 : ([1], [2], [3, 6], [4], [5]) : 0.8838679524
117 : ([1, 2, 6], [3, 4, 5]) : 0.9033893208
118 : ([1, 2, 6], [3], [4, 5]) : 0.9012594309
119 : ([1, 2, 6], [3, 5], [4]) : 0.8917071813
120 : ([1, 2, 6], [3, 4], [5]) : 0.8931541583
121 : ([1, 2, 6], [3], [4], [5]) : 0.8913767540
122 : ([1, 3, 4, 5], [2, 6]) : 0.9064445114
123 : ([1], [2, 6], [3, 4, 5]) : 0.8989948896
124 : ([1, 4, 5], [2, 6], [3]) : 0.9023436450
125 : ([1, 3], [2, 6], [4, 5]) : 0.8972968289
126 : ([1], [2, 6], [3], [4, 5]) : 0.8964452834
127 : ([1, 3, 5], [2, 6], [4]) : 0.8868705030
128 : ([1, 4], [2, 6], [3, 5]) : 0.8903697838
129 : ([1], [2, 6], [3, 5], [4]) : 0.8849433010
130 : ([1, 5], [2, 6], [3, 4]) : 0.8867232758
131 : ([1, 5], [2, 6], [3], [4]) : 0.8849157042
132 : ([1, 3, 4], [2, 6], [5]) : 0.8930643581
133 : ([1], [2, 6], [3, 4], [5]) : 0.8862275064
134 : ([1, 4], [2, 6], [3], [5]) : 0.8896348957
135 : ([1, 3], [2, 6], [4], [5]) : 0.8857819567
136 : ([1], [2, 6], [3], [4], [5]) : 0.8843518535
137 : ([1, 6], [2, 3, 4, 5]) : 0.9397858185
138 : ([1, 6], [2], [3, 4, 5]) : 0.8977665705
139 : ([1, 6], [2, 4, 5], [3]) : 0.8996891779
140 : ([1, 6], [2, 3], [4, 5]) : 0.9346654697
141 : ([1, 6], [2], [3], [4, 5]) : 0.8951158416
142 : ([1, 6], [2, 3, 5], [4]) : 0.9277386974
143 : ([1, 6], [2, 4], [3, 5]) : 0.8845651082
144 : ([1, 6], [2], [3, 5], [4]) : 0.8827532819
145 : ([1, 6], [2, 5], [3, 4]) : 0.8887683395
146 : ([1, 6], [2, 5], [3], [4]) : 0.8870297099
147 : ([1, 6], [2, 3, 4], [5]) : 0.9271782832
148 : ([1, 6], [2], [3, 4], [5]) : 0.8842486860
149 : ([1, 6], [2, 4], [3], [5]) : 0.8838464881
150 : ([1, 6], [2, 3], [4], [5]) : 0.9238169149
151 : ([1, 6], [2], [3], [4], [5]) : 0.8821296460
152 : ([1, 2, 3, 4, 5], [6]) : 0.9454016423
153 : ([1], [2, 3, 4, 5], [6]) : 0.9396106039
154 : ([1, 3, 4, 5], [2], [6]) : 0.9047293995
155 : ([1, 2], [3, 4, 5], [6]) : 0.9009239028
156 : ([1], [2], [3, 4, 5], [6]) : 0.8976581300
157 : ([1, 2, 4, 5], [3], [6]) : 0.9107600647
158 : ([1, 3], [2, 4, 5], [6]) : 0.8998962315
159 : ([1], [2, 4, 5], [3], [6]) : 0.8994824980
160 : ([1, 4, 5], [2, 3], [6]) : 0.9365847357
161 : ([1, 4, 5], [2], [3], [6]) : 0.9001448004
162 : ([1, 2, 3], [4, 5], [6]) : 0.9379591701
163 : ([1], [2, 3], [4, 5], [6]) : 0.9345174029
164 : ([1, 3], [2], [4, 5], [6]) : 0.8955515940
165 : ([1, 2], [3], [4, 5], [6]) : 0.8983551235
166 : ([1], [2], [3], [4, 5], [6]) : 0.8948838232
167 : ([1, 2, 3, 5], [4], [6]) : 0.9329921137
168 : ([1, 4], [2, 3, 5], [6]) : 0.9287228501
169 : ([1], [2, 3, 5], [4], [6]) : 0.9274956688
170 : ([1, 3, 5], [2, 4], [6]) : 0.8853505424
171 : ([1, 3, 5], [2], [4], [6]) : 0.8841238948
172 : ([1, 2, 4], [3, 5], [6]) : 0.8957655026
173 : ([1], [2, 4], [3, 5], [6]) : 0.8843566364
174 : ([1, 4], [2], [3, 5], [6]) : 0.8874809397
175 : ([1, 2], [3, 5], [4], [6]) : 0.8886582722
176 : ([1], [2], [3, 5], [4], [6]) : 0.8825371542
177 : ([1, 2, 5], [3, 4], [6]) : 0.8951021326
178 : ([1, 2, 5], [3], [4], [6]) : 0.8934980672
179 : ([1, 3, 4], [2, 5], [6]) : 0.8943456630
180 : ([1], [2, 5], [3, 4], [6]) : 0.8887071684
181 : ([1, 4], [2, 5], [3], [6]) : 0.8910116746
182 : ([1, 3], [2, 5], [4], [6]) : 0.8877121836
183 : ([1], [2, 5], [3], [4], [6]) : 0.8868684337
184 : ([1, 5], [2, 3, 4], [6]) : 0.9268888004
185 : ([1, 5], [2], [3, 4], [6]) : 0.8845707864
186 : ([1, 5], [2, 4], [3], [6]) : 0.8837926851
187 : ([1, 5], [2, 3], [4], [6]) : 0.9239560216
188 : ([1, 5], [2], [3], [4], [6]) : 0.8823838774
189 : ([1, 2, 3, 4], [5], [6]) : 0.9335953378
190 : ([1], [2, 3, 4], [5], [6]) : 0.9268194844
191 : ([1, 3, 4], [2], [5], [6]) : 0.8904789525
192 : ([1, 2], [3, 4], [5], [6]) : 0.8903851032
193 : ([1], [2], [3, 4], [5], [6]) : 0.8841834423
194 : ([1, 2, 4], [3], [5], [6]) : 0.8950904370
195 : ([1, 3], [2, 4], [5], [6]) : 0.8846515223
196 : ([1], [2, 4], [3], [5], [6]) : 0.8836633604
197 : ([1, 4], [2, 3], [5], [6]) : 0.9250269772
198 : ([1, 4], [2], [3], [5], [6]) : 0.8866813580
199 : ([1, 2, 3], [4], [5], [6]) : 0.9297840121
200 : ([1], [2, 3], [4], [5], [6]) : 0.9236034796
201 : ([1, 3], [2], [4], [5], [6]) : 0.8831118451
202 : ([1, 2], [3], [4], [5], [6]) : 0.8882949634
203 : ([1], [2], [3], [4], [5], [6]) : 0.8819315709
