=== Bootstrap seed: 38 ===
1 : ([1, 2, 3, 4, 5, 6],) : 0.9632687094
2 : ([1], [2, 3, 4, 5, 6]) : 0.9576795444
3 : ([1, 3, 4, 5, 6], [2]) : 0.9306176538
4 : ([1, 2], [3, 4, 5, 6]) : 0.9259903910
5 : ([1], [2], [3, 4, 5, 6]) : 0.9241172973
6 : ([1, 2, 4, 5, 6], [3]) : 0.9333081878
7 : ([1, 3], [2, 4, 5, 6]) : 0.9270060565
8 : ([1], [2, 4, 5, 6], [3]) : 0.9266811936
9 : ([1, 4, 5, 6], [2, 3]) : 0.9562723765
10 : ([1, 4, 5, 6], [2], [3]) : 0.9257420172
11 : ([1, 2, 3], [4, 5, 6]) : 0.9567266646
12 : ([1], [2, 3], [4, 5, 6]) : 0.9550944947
13 : ([1, 3], [2], [4, 5, 6]) : 0.9230901913
14 : ([1, 2], [3], [4, 5, 6]) : 0.9243677693
15 : ([1], [2], [3], [4, 5, 6]) : 0.9224895576
16 : ([1, 2, 3, 5, 6], [4]) : 0.9305856655
17 : ([1, 4], [2, 3, 5, 6]) : 0.9258849043
18 : ([1], [2, 3, 5, 6], [4]) : 0.9244804047
19 : ([1, 3, 5, 6], [2, 4]) : 0.8965464892
20 : ([1, 3, 5, 6], [2], [4]) : 0.8960784485
21 : ([1, 2, 4], [3, 5, 6]) : 0.8977042873
22 : ([1], [2, 4], [3, 5, 6]) : 0.8909744305
23 : ([1, 4], [2], [3, 5, 6]) : 0.8941097449
24 : ([1, 2], [3, 5, 6], [4]) : 0.8930329698
25 : ([1], [2], [3, 5, 6], [4]) : 0.8905351790
26 : ([1, 2, 5, 6], [3, 4]) : 0.8993057907
27 : ([1, 2, 5, 6], [3], [4]) : 0.8987449980
28 : ([1, 3, 4], [2, 5, 6]) : 0.8984751985
29 : ([1], [2, 5, 6], [3, 4]) : 0.8944116358
30 : ([1, 4], [2, 5, 6], [3]) : 0.8961035503
31 : ([1, 3], [2, 5, 6], [4]) : 0.8946506127
32 : ([1], [2, 5, 6], [3], [4]) : 0.8934323301
33 : ([1, 5, 6], [2, 3, 4]) : 0.9242047453
34 : ([1, 5, 6], [2], [3, 4]) : 0.8916205743
35 : ([1, 5, 6], [2, 4], [3]) : 0.8915679016
36 : ([1, 5, 6], [2, 3], [4]) : 0.9223016502
37 : ([1, 5, 6], [2], [3], [4]) : 0.8909305345
38 : ([1, 2, 3, 4], [5, 6]) : 0.9285553209
39 : ([1], [2, 3, 4], [5, 6]) : 0.9237490846
40 : ([1, 3, 4], [2], [5, 6]) : 0.8957046875
41 : ([1, 2], [3, 4], [5, 6]) : 0.8927634065
42 : ([1], [2], [3, 4], [5, 6]) : 0.8905224215
43 : ([1, 2, 4], [3], [5, 6]) : 0.8967802513
44 : ([1, 3], [2, 4], [5, 6]) : 0.8921469888
45 : ([1], [2, 4], [3], [5, 6]) : 0.8902029481
46 : ([1, 4], [2, 3], [5, 6]) : 0.9233151203
47 : ([1, 4], [2], [3], [5, 6]) : 0.8929538402
48 : ([1, 2, 3], [4], [5, 6]) : 0.9252360507
49 : ([1], [2, 3], [4], [5, 6]) : 0.9219834015
50 : ([1, 3], [2], [4], [5, 6]) : 0.8915317628
51 : ([1, 2], [3], [4], [5, 6]) : 0.8920187537
52 : ([1], [2], [3], [4], [5, 6]) : 0.8896281703
53 : ([1, 2, 3, 4, 6], [5]) : 0.9379659155
54 : ([1, 5], [2, 3, 4, 6]) : 0.9337201233
55 : ([1], [2, 3, 4, 6], [5]) : 0.9316996242
56 : ([1, 3, 4, 6], [2, 5]) : 0.9068212865
57 : ([1, 3, 4, 6], [2], [5]) : 0.9032808089
58 : ([1, 2, 5], [3, 4, 6]) : 0.9082078087
59 : ([1], [2, 5], [3, 4, 6]) : 0.9016073592
60 : ([1, 5], [2], [3, 4, 6]) : 0.8995118769
61 : ([1, 2], [3, 4, 6], [5]) : 0.9018659183
62 : ([1], [2], [3, 4, 6], [5]) : 0.8976122266
63 : ([1, 2, 4, 6], [3, 5]) : 0.9078196269
64 : ([1, 2, 4, 6], [3], [5]) : 0.9071469315
65 : ([1, 3, 5], [2, 4, 6]) : 0.9018828555
66 : ([1], [2, 4, 6], [3, 5]) : 0.8983448447
67 : ([1, 5], [2, 4, 6], [3]) : 0.9002534643
68 : ([1, 3], [2, 4, 6], [5]) : 0.8984513765
69 : ([1], [2, 4, 6], [3], [5]) : 0.8980808691
70 : ([1, 4, 6], [2, 3, 5]) : 0.9333221859
71 : ([1, 4, 6], [2], [3, 5]) : 0.8986261727
72 : ([1, 4, 6], [2, 5], [3]) : 0.9019970088
73 : ([1, 4, 6], [2, 3], [5]) : 0.9298526043
74 : ([1, 4, 6], [2], [3], [5]) : 0.8980964279
75 : ([1, 2, 3, 5], [4, 6]) : 0.9389046788
76 : ([1], [2, 3, 5], [4, 6]) : 0.9321317493
77 : ([1, 3, 5], [2], [4, 6]) : 0.8993176291
78 : ([1, 2], [3, 5], [4, 6]) : 0.9000081050
79 : ([1], [2], [3, 5], [4, 6]) : 0.8953914165
80 : ([1, 2, 5], [3], [4, 6]) : 0.9063955038
81 : ([1, 3], [2, 5], [4, 6]) : 0.8996335815
82 : ([1], [2, 5], [3], [4, 6]) : 0.8991875383
83 : ([1, 5], [2, 3], [4, 6]) : 0.9307150479
84 : ([1, 5], [2], [3], [4, 6]) : 0.8973182278
85 : ([1, 2, 3], [4, 6], [5]) : 0.9329471052
86 : ([1], [2, 3], [4, 6], [5]) : 0.9287784277
87 : ([1, 3], [2], [4, 6], [5]) : 0.8957954798
88 : ([1, 2], [3], [4, 6], [5]) : 0.8998529788
89 : ([1], [2], [3], [4, 6], [5]) : 0.8952147462
90 : ([1, 2, 3, 6], [4, 5]) : 0.9303186668
91 : ([1, 2, 3, 6], [4], [5]) : 0.9156975327
92 : ([1, 4, 5], [2, 3, 6]) : 0.9290429761
93 : ([1], [2, 3, 6], [4, 5]) : 0.9270966919
94 : ([1, 5], [2, 3, 6], [4]) : 0.9115158548
95 : ([1, 4], [2, 3, 6], [5]) : 0.9120155246
96 : ([1], [2, 3, 6], [4], [5]) : 0.9105817022
97 : ([1, 3, 6], [2, 4, 5]) : 0.8955463108
98 : ([1, 3, 6], [2], [4, 5]) : 0.8941696611
99 : ([1, 3, 6], [2, 5], [4]) : 0.8822335756
100 : ([1, 3, 6], [2, 4], [5]) : 0.8799708843
101 : ([1, 3, 6], [2], [4], [5]) : 0.8795735315
102 : ([1, 2, 4, 5], [3, 6]) : 0.8980248945
103 : ([1], [2, 4, 5], [3, 6]) : 0.8921916385
104 : ([1, 4, 5], [2], [3, 6]) : 0.8940306934
105 : ([1, 2], [3, 6], [4, 5]) : 0.8907544436
106 : ([1], [2], [3, 6], [4, 5]) : 0.8898303240
107 : ([1, 2, 5], [3, 6], [4]) : 0.8851177636
108 : ([1, 4], [2, 5], [3, 6]) : 0.8821201370
109 : ([1], [2, 5], [3, 6], [4]) : 0.8795269947
110 : ([1, 5], [2, 4], [3, 6]) : 0.8780121851
111 : ([1, 5], [2], [3, 6], [4]) : 0.8776221774
112 : ([1, 2, 4], [3, 6], [5]) : 0.8837243357
113 : ([1], [2, 4], [3, 6], [5]) : 0.8765405782
114 : ([1, 4], [2], [3, 6], [5]) : 0.8791045201
115 : ([1, 2], [3, 6], [4], [5]) : 0.8793900897
116 : ([1], [2], [3, 6], [4], [5]) : 0.8761461246
117 : ([1, 2, 6], [3, 4, 5]) : 0.8955919482
118 : ([1, 2, 6], [3], [4, 5]) : 0.8915073554
119 : ([1, 2, 6], [3, 5], [4]) : 0.8831543237
120 : ([1, 2, 6], [3, 4], [5]) : 0.8825309547
121 : ([1, 2, 6], [3], [4], [5]) : 0.8809980082
122 : ([1, 3, 4, 5], [2, 6]) : 0.9006681236
123 : ([1], [2, 6], [3, 4, 5]) : 0.8930966867
124 : ([1, 4, 5], [2, 6], [3]) : 0.8936571258
125 : ([1, 3], [2, 6], [4, 5]) : 0.8921158859
126 : ([1], [2, 6], [3], [4, 5]) : 0.8896762138
127 : ([1, 3, 5], [2, 6], [4]) : 0.8828446247
128 : ([1, 4], [2, 6], [3, 5]) : 0.8816901338
129 : ([1], [2, 6], [3, 5], [4]) : 0.8784763100
130 : ([1, 5], [2, 6], [3, 4]) : 0.8796851544
131 : ([1, 5], [2, 6], [3], [4]) : 0.8781376575
132 : ([1, 3, 4], [2, 6], [5]) : 0.8833439222
133 : ([1], [2, 6], [3, 4], [5]) : 0.8784229985
134 : ([1, 4], [2, 6], [3], [5]) : 0.8795575880
135 : ([1, 3], [2, 6], [4], [5]) : 0.8786595371
136 : ([1], [2, 6], [3], [4], [5]) : 0.8767145072
137 : ([1, 6], [2, 3, 4, 5]) : 0.9302487961
138 : ([1, 6], [2], [3, 4, 5]) : 0.8917762007
139 : ([1, 6], [2, 4, 5], [3]) : 0.8912226586
140 : ([1, 6], [2, 3], [4, 5]) : 0.9263804359
141 : ([1, 6], [2], [3], [4, 5]) : 0.8885965279
142 : ([1, 6], [2, 3, 5], [4]) : 0.9144960073
143 : ([1, 6], [2, 4], [3, 5]) : 0.8779992516
144 : ([1, 6], [2], [3, 5], [4]) : 0.8775251933
145 : ([1, 6], [2, 5], [3, 4]) : 0.8812740192
146 : ([1, 6], [2, 5], [3], [4]) : 0.8796604013
147 : ([1, 6], [2, 3, 4], [5]) : 0.9130333414
148 : ([1, 6], [2], [3, 4], [5]) : 0.8775167720
149 : ([1, 6], [2, 4], [3], [5]) : 0.8765373860
150 : ([1, 6], [2, 3], [4], [5]) : 0.9105351649
151 : ([1, 6], [2], [3], [4], [5]) : 0.8760183817
152 : ([1, 2, 3, 4, 5], [6]) : 0.9349101205
153 : ([1], [2, 3, 4, 5], [6]) : 0.9298682859
154 : ([1, 3, 4, 5], [2], [6]) : 0.8990276174
155 : ([1, 2], [3, 4, 5], [6]) : 0.8927633077
156 : ([1], [2], [3, 4, 5], [6]) : 0.8913210557
157 : ([1, 2, 4, 5], [3], [6]) : 0.8966745865
158 : ([1, 3], [2, 4, 5], [6]) : 0.8924257497
159 : ([1], [2, 4, 5], [3], [6]) : 0.8906189959
160 : ([1, 4, 5], [2, 3], [6]) : 0.9276304592
161 : ([1, 4, 5], [2], [3], [6]) : 0.8920835247
162 : ([1, 2, 3], [4, 5], [6]) : 0.9287255814
163 : ([1], [2, 3], [4, 5], [6]) : 0.9261095254
164 : ([1, 3], [2], [4, 5], [6]) : 0.8904631434
165 : ([1, 2], [3], [4, 5], [6]) : 0.8891044927
166 : ([1], [2], [3], [4, 5], [6]) : 0.8880495407
167 : ([1, 2, 3, 5], [4], [6]) : 0.9204634850
168 : ([1, 4], [2, 3, 5], [6]) : 0.9154287718
169 : ([1], [2, 3, 5], [4], [6]) : 0.9140656673
170 : ([1, 3, 5], [2, 4], [6]) : 0.8818215885
171 : ([1, 3, 5], [2], [4], [6]) : 0.8814352860
172 : ([1, 2, 4], [3, 5], [6]) : 0.8847479024
173 : ([1], [2, 4], [3, 5], [6]) : 0.8772198725
174 : ([1, 4], [2], [3, 5], [6]) : 0.8799695804
175 : ([1, 2], [3, 5], [4], [6]) : 0.8802479611
176 : ([1], [2], [3, 5], [4], [6]) : 0.8767579884
177 : ([1, 2, 5], [3, 4], [6]) : 0.8857571271
178 : ([1, 2, 5], [3], [4], [6]) : 0.8845094846
179 : ([1, 3, 4], [2, 5], [6]) : 0.8849676795
180 : ([1], [2, 5], [3, 4], [6]) : 0.8806772356
181 : ([1, 4], [2, 5], [3], [6]) : 0.8812304716
182 : ([1, 3], [2, 5], [4], [6]) : 0.8801986306
183 : ([1], [2, 5], [3], [4], [6]) : 0.8787705295
184 : ([1, 5], [2, 3, 4], [6]) : 0.9134976443
185 : ([1, 5], [2], [3, 4], [6]) : 0.8784004794
186 : ([1, 5], [2, 4], [3], [6]) : 0.8773069294
187 : ([1, 5], [2, 3], [4], [6]) : 0.9110261225
188 : ([1, 5], [2], [3], [4], [6]) : 0.8768291167
189 : ([1, 2, 3, 4], [5], [6]) : 0.9185779714
190 : ([1], [2, 3, 4], [5], [6]) : 0.9125453025
191 : ([1, 3, 4], [2], [5], [6]) : 0.8820786311
192 : ([1, 2], [3, 4], [5], [6]) : 0.8803101258
193 : ([1], [2], [3, 4], [5], [6]) : 0.8770475132
194 : ([1, 2, 4], [3], [5], [6]) : 0.8831915720
195 : ([1, 3], [2, 4], [5], [6]) : 0.8778021404
196 : ([1], [2, 4], [3], [5], [6]) : 0.8758062821
197 : ([1, 4], [2, 3], [5], [6]) : 0.9113681217
198 : ([1, 4], [2], [3], [5], [6]) : 0.8781542091
199 : ([1, 2, 3], [4], [5], [6]) : 0.9146342107
200 : ([1], [2, 3], [4], [5], [6]) : 0.9101211511
201 : ([1, 3], [2], [4], [5], [6]) : 0.8773071867
202 : ([1, 2], [3], [4], [5], [6]) : 0.8787001833
203 : ([1], [2], [3], [4], [5], [6]) : 0.8752955992
