=== Bootstrap seed: 66 ===
1 : ([1, 2, 3, 4, 5, 6],) : 0.9615249016
2 : ([1], [2, 3, 4, 5, 6]) : 0.9579583642
3 : ([1, 3, 4, 5, 6], [2]) : 0.9315834408
4 : ([1, 2], [3, 4, 5, 6]) : 0.9269003756
5 : ([1], [2], [3, 4, 5, 6]) : 0.9255659721
6 : ([1, 2, 4, 5, 6], [3]) : 0.9286567807
7 : ([1, 3], [2, 4, 5, 6]) : 0.9224809995
8 : ([1], [2, 4, 5, 6], [3]) : 0.9219430464
9 : ([1, 4, 5, 6], [2, 3]) : 0.9551373272
10 : ([1, 4, 5, 6], [2], [3]) : 0.9219361554
11 : ([1, 2, 3], [4, 5, 6]) : 0.9561944398
12 : ([1], [2, 3], [4, 5, 6]) : 0.9543901183
13 : ([1, 3], [2], [4, 5, 6]) : 0.9195700888
14 : ([1, 2], [3], [4, 5, 6]) : 0.9200762283
15 : ([1], [2], [3], [4, 5, 6]) : 0.9187096995
16 : ([1, 2, 3, 5, 6], [4]) : 0.9464107666
17 : ([1, 4], [2, 3, 5, 6]) : 0.9431049272
18 : ([1], [2, 3, 5, 6], [4]) : 0.9425378570
19 : ([1, 3, 5, 6], [2, 4]) : 0.9128003970
20 : ([1, 3, 5, 6], [2], [4]) : 0.9128641154
21 : ([1, 2, 4], [3, 5, 6]) : 0.9127388551
22 : ([1], [2, 4], [3, 5, 6]) : 0.9080039277
23 : ([1, 4], [2], [3, 5, 6]) : 0.9100229021
24 : ([1, 2], [3, 5, 6], [4]) : 0.9096839536
25 : ([1], [2], [3, 5, 6], [4]) : 0.9081023024
26 : ([1, 2, 5, 6], [3, 4]) : 0.9138521941
27 : ([1, 2, 5, 6], [3], [4]) : 0.9130321182
28 : ([1, 3, 4], [2, 5, 6]) : 0.9097072964
29 : ([1], [2, 5, 6], [3, 4]) : 0.9079314596
30 : ([1, 4], [2, 5, 6], [3]) : 0.9083435285
31 : ([1, 3], [2, 5, 6], [4]) : 0.9075322288
32 : ([1], [2, 5, 6], [3], [4]) : 0.9071308089
33 : ([1, 5, 6], [2, 3, 4]) : 0.9417557740
34 : ([1, 5, 6], [2], [3, 4]) : 0.9071936505
35 : ([1, 5, 6], [2, 4], [3]) : 0.9063865883
36 : ([1, 5, 6], [2, 3], [4]) : 0.9406484317
37 : ([1, 5, 6], [2], [3], [4]) : 0.9063687265
38 : ([1, 2, 3, 4], [5, 6]) : 0.9441374036
39 : ([1], [2, 3, 4], [5, 6]) : 0.9409835173
40 : ([1, 3, 4], [2], [5, 6]) : 0.9077247437
41 : ([1, 2], [3, 4], [5, 6]) : 0.9073876697
42 : ([1], [2], [3, 4], [5, 6]) : 0.9053172203
43 : ([1, 2, 4], [3], [5, 6]) : 0.9097527800
44 : ([1, 3], [2, 4], [5, 6]) : 0.9049506864
45 : ([1], [2, 4], [3], [5, 6]) : 0.9043504196
46 : ([1, 4], [2, 3], [5, 6]) : 0.9405242103
47 : ([1, 4], [2], [3], [5, 6]) : 0.9062300158
48 : ([1, 2, 3], [4], [5, 6]) : 0.9421063660
49 : ([1], [2, 3], [4], [5, 6]) : 0.9399607146
50 : ([1, 3], [2], [4], [5, 6]) : 0.9050177115
51 : ([1, 2], [3], [4], [5, 6]) : 0.9062257397
52 : ([1], [2], [3], [4], [5, 6]) : 0.9043966258
53 : ([1, 2, 3, 4, 6], [5]) : 0.9406095852
54 : ([1, 5], [2, 3, 4, 6]) : 0.9351192976
55 : ([1], [2, 3, 4, 6], [5]) : 0.9348625771
56 : ([1, 3, 4, 6], [2, 5]) : 0.9109085628
57 : ([1, 3, 4, 6], [2], [5]) : 0.9084060840
58 : ([1, 2, 5], [3, 4, 6]) : 0.9093220187
59 : ([1], [2, 5], [3, 4, 6]) : 0.9038512464
60 : ([1, 5], [2], [3, 4, 6]) : 0.9019957057
61 : ([1, 2], [3, 4, 6], [5]) : 0.9036372727
62 : ([1], [2], [3, 4, 6], [5]) : 0.9008842077
63 : ([1, 2, 4, 6], [3, 5]) : 0.9083216938
64 : ([1, 2, 4, 6], [3], [5]) : 0.9069457198
65 : ([1, 3, 5], [2, 4, 6]) : 0.9026608299
66 : ([1], [2, 4, 6], [3, 5]) : 0.8998748129
67 : ([1, 5], [2, 4, 6], [3]) : 0.8995222459
68 : ([1, 3], [2, 4, 6], [5]) : 0.8991767184
69 : ([1], [2, 4, 6], [3], [5]) : 0.8980938934
70 : ([1, 4, 6], [2, 3, 5]) : 0.9354631037
71 : ([1, 4, 6], [2], [3, 5]) : 0.9004689689
72 : ([1, 4, 6], [2, 5], [3]) : 0.9011925028
73 : ([1, 4, 6], [2, 3], [5]) : 0.9321887431
74 : ([1, 4, 6], [2], [3], [5]) : 0.8986206055
75 : ([1, 2, 3, 5], [4, 6]) : 0.9379664447
76 : ([1], [2, 3, 5], [4, 6]) : 0.9342778112
77 : ([1, 3, 5], [2], [4, 6]) : 0.8993107396
78 : ([1, 2], [3, 5], [4, 6]) : 0.8988312575
79 : ([1], [2], [3, 5], [4, 6]) : 0.8965585437
80 : ([1, 2, 5], [3], [4, 6]) : 0.9042470486
81 : ([1, 3], [2, 5], [4, 6]) : 0.8994767937
82 : ([1], [2, 5], [3], [4, 6]) : 0.8983379576
83 : ([1, 5], [2, 3], [4, 6]) : 0.9311865963
84 : ([1, 5], [2], [3], [4, 6]) : 0.8964079614
85 : ([1, 2, 3], [4, 6], [5]) : 0.9338465567
86 : ([1], [2, 3], [4, 6], [5]) : 0.9309861779
87 : ([1, 3], [2], [4, 6], [5]) : 0.8961908434
88 : ([1, 2], [3], [4, 6], [5]) : 0.8976022762
89 : ([1], [2], [3], [4, 6], [5]) : 0.8950229468
90 : ([1, 2, 3, 6], [4, 5]) : 0.9361185938
91 : ([1, 2, 3, 6], [4], [5]) : 0.9282667354
92 : ([1, 4, 5], [2, 3, 6]) : 0.9340567134
93 : ([1], [2, 3, 6], [4, 5]) : 0.9334612418
94 : ([1, 5], [2, 3, 6], [4]) : 0.9244037661
95 : ([1, 4], [2, 3, 6], [5]) : 0.9241245583
96 : ([1], [2, 3, 6], [4], [5]) : 0.9238500645
97 : ([1, 3, 6], [2, 4, 5]) : 0.9037017897
98 : ([1, 3, 6], [2], [4, 5]) : 0.9011790409
99 : ([1, 3, 6], [2, 5], [4]) : 0.8955755424
100 : ([1, 3, 6], [2, 4], [5]) : 0.8924511438
101 : ([1, 3, 6], [2], [4], [5]) : 0.8923992056
102 : ([1, 2, 4, 5], [3, 6]) : 0.9087559212
103 : ([1], [2, 4, 5], [3, 6]) : 0.9008802029
104 : ([1, 4, 5], [2], [3, 6]) : 0.9021570637
105 : ([1, 2], [3, 6], [4, 5]) : 0.8995158944
106 : ([1], [2], [3, 6], [4, 5]) : 0.8980886236
107 : ([1, 2, 5], [3, 6], [4]) : 0.8983733583
108 : ([1, 4], [2, 5], [3, 6]) : 0.8932421940
109 : ([1], [2, 5], [3, 6], [4]) : 0.8919463659
110 : ([1, 5], [2, 4], [3, 6]) : 0.8905931867
111 : ([1, 5], [2], [3, 6], [4]) : 0.8905153711
112 : ([1, 2, 4], [3, 6], [5]) : 0.8953169217
113 : ([1], [2, 4], [3, 6], [5]) : 0.8886643643
114 : ([1, 4], [2], [3, 6], [5]) : 0.8904651981
115 : ([1, 2], [3, 6], [4], [5]) : 0.8912819054
116 : ([1], [2], [3, 6], [4], [5]) : 0.8886684434
117 : ([1, 2, 6], [3, 4, 5]) : 0.9039385049
118 : ([1, 2, 6], [3], [4, 5]) : 0.8984272265
119 : ([1, 2, 6], [3, 5], [4]) : 0.8921844681
120 : ([1, 2, 6], [3, 4], [5]) : 0.8924977835
121 : ([1, 2, 6], [3], [4], [5]) : 0.8905937379
122 : ([1, 3, 4, 5], [2, 6]) : 0.9054227939
123 : ([1], [2, 6], [3, 4, 5]) : 0.9002480777
124 : ([1, 4, 5], [2, 6], [3]) : 0.8986518887
125 : ([1, 3], [2, 6], [4, 5]) : 0.8956609432
126 : ([1], [2, 6], [3], [4, 5]) : 0.8950358954
127 : ([1, 3, 5], [2, 6], [4]) : 0.8905391082
128 : ([1, 4], [2, 6], [3, 5]) : 0.8897331840
129 : ([1], [2, 6], [3, 5], [4]) : 0.8879289067
130 : ([1, 5], [2, 6], [3, 4]) : 0.8892297312
131 : ([1, 5], [2, 6], [3], [4]) : 0.8879990052
132 : ([1, 3, 4], [2, 6], [5]) : 0.8900503258
133 : ([1], [2, 6], [3, 4], [5]) : 0.8875860407
134 : ([1, 4], [2, 6], [3], [5]) : 0.8877479292
135 : ([1, 3], [2, 6], [4], [5]) : 0.8869669229
136 : ([1], [2, 6], [3], [4], [5]) : 0.8861358063
137 : ([1, 6], [2, 3, 4, 5]) : 0.9382695087
138 : ([1, 6], [2], [3, 4, 5]) : 0.9004612672
139 : ([1, 6], [2, 4, 5], [3]) : 0.8983203783
140 : ([1, 6], [2, 3], [4, 5]) : 0.9331777772
141 : ([1, 6], [2], [3], [4, 5]) : 0.8953668233
142 : ([1, 6], [2, 3, 5], [4]) : 0.9274691058
143 : ([1, 6], [2, 4], [3, 5]) : 0.8886953874
144 : ([1, 6], [2], [3, 5], [4]) : 0.8887438739
145 : ([1, 6], [2, 5], [3, 4]) : 0.8919672268
146 : ([1, 6], [2, 5], [3], [4]) : 0.8905214651
147 : ([1, 6], [2, 3, 4], [5]) : 0.9252771918
148 : ([1, 6], [2], [3, 4], [5]) : 0.8885009513
149 : ([1, 6], [2, 4], [3], [5]) : 0.8869732104
150 : ([1, 6], [2, 3], [4], [5]) : 0.9237025279
151 : ([1, 6], [2], [3], [4], [5]) : 0.8869776946
152 : ([1, 2, 3, 4, 5], [6]) : 0.9422709998
153 : ([1], [2, 3, 4, 5], [6]) : 0.9378888011
154 : ([1, 3, 4, 5], [2], [6]) : 0.9054606600
155 : ([1, 2], [3, 4, 5], [6]) : 0.9025230393
156 : ([1], [2], [3, 4, 5], [6]) : 0.9000626805
157 : ([1, 2, 4, 5], [3], [6]) : 0.9065712816
158 : ([1, 3], [2, 4, 5], [6]) : 0.8987642125
159 : ([1], [2, 4, 5], [3], [6]) : 0.8980439471
160 : ([1, 4, 5], [2, 3], [6]) : 0.9334407922
161 : ([1, 4, 5], [2], [3], [6]) : 0.8986185566
162 : ([1, 2, 3], [4, 5], [6]) : 0.9348190719
163 : ([1], [2, 3], [4, 5], [6]) : 0.9328930200
164 : ([1, 3], [2], [4, 5], [6]) : 0.8956784106
165 : ([1, 2], [3], [4, 5], [6]) : 0.8968106873
166 : ([1], [2], [3], [4, 5], [6]) : 0.8949163255
167 : ([1, 2, 3, 5], [4], [6]) : 0.9313902746
168 : ([1, 4], [2, 3, 5], [6]) : 0.9269688738
169 : ([1], [2, 3, 5], [4], [6]) : 0.9269134606
170 : ([1, 3, 5], [2, 4], [6]) : 0.8905468015
171 : ([1, 3, 5], [2], [4], [6]) : 0.8904027429
172 : ([1, 2, 4], [3, 5], [6]) : 0.8946844554
173 : ([1], [2, 4], [3, 5], [6]) : 0.8877567760
174 : ([1, 4], [2], [3, 5], [6]) : 0.8896599503
175 : ([1, 2], [3, 5], [4], [6]) : 0.8903963115
176 : ([1], [2], [3, 5], [4], [6]) : 0.8877828865
177 : ([1, 2, 5], [3, 4], [6]) : 0.8979502120
178 : ([1, 2, 5], [3], [4], [6]) : 0.8966622584
179 : ([1, 3, 4], [2, 5], [6]) : 0.8931436936
180 : ([1], [2, 5], [3, 4], [6]) : 0.8910706501
181 : ([1, 4], [2, 5], [3], [6]) : 0.8908321698
182 : ([1, 3], [2, 5], [4], [6]) : 0.8904718835
183 : ([1], [2, 5], [3], [4], [6]) : 0.8897128204
184 : ([1, 5], [2, 3, 4], [6]) : 0.9252020214
185 : ([1, 5], [2], [3, 4], [6]) : 0.8892030549
186 : ([1, 5], [2, 4], [3], [6]) : 0.8879807188
187 : ([1, 5], [2, 3], [4], [6]) : 0.9236853780
188 : ([1, 5], [2], [3], [4], [6]) : 0.8879386576
189 : ([1, 2, 3, 4], [5], [6]) : 0.9287187455
190 : ([1], [2, 3, 4], [5], [6]) : 0.9246521540
191 : ([1, 3, 4], [2], [5], [6]) : 0.8901520237
192 : ([1, 2], [3, 4], [5], [6]) : 0.8908264928
193 : ([1], [2], [3, 4], [5], [6]) : 0.8875510645
194 : ([1, 2, 4], [3], [5], [6]) : 0.8933682785
195 : ([1, 3], [2, 4], [5], [6]) : 0.8871049518
196 : ([1], [2, 4], [3], [5], [6]) : 0.8861085625
197 : ([1, 4], [2, 3], [5], [6]) : 0.9232842278
198 : ([1, 4], [2], [3], [5], [6]) : 0.8877617773
199 : ([1, 2, 3], [4], [5], [6]) : 0.9262793192
200 : ([1], [2, 3], [4], [5], [6]) : 0.9231532558
201 : ([1, 3], [2], [4], [5], [6]) : 0.8869877279
202 : ([1, 2], [3], [4], [5], [6]) : 0.8889630685
203 : ([1], [2], [3], [4], [5], [6]) : 0.8860934983
